"Fuente","Referencia","Operación","Tipología","Título","C.P.","Municipio","Provincia","Distrito","Barrio","Latitud","Longitud","Planta","Anunciante","Empresa","Aire acondicionado","Ascensor","Garaje","Trastero","Terraza","Piscina","Zonas verdes","Zona deportiva","Imagen","URL","Fecha de creación","Teléfono","Email","Posible agencia","Conservación","Comentarios","Descartado","Estado","Ranking","Dormitorios","Baños","Superficie","Precio","Precio unitario","Días","Demanda"
"milanuncios","519973919","Alquiler","Plurifamiliar","València","46008","Valencia","Valencia","Extramurs","La Petxina","39.4730282943","-0.3887867057","3","Profesional","Yourentaflat S L","Sí","Sí","No","No","No","No","No","No","https://images.habimg.com/imgh/0b9251bb-a56f-480c-bd0b-e3cb1ad5de68G.jpg","https://www.milanuncios.com/anuncios/r519973919.htm","2024-07-19","962949758","live4life7722@realestate.com","No","","","No","No contactado","1","3","2","120","1300","10","11","Muy alta"
"milanuncios","508926019","Alquiler","Plurifamiliar","València","46007","Valencia","Valencia","Extramurs","La Roqueta","39.4683447943","-0.3829452057","","Profesional","EV MMC SPAIN  S L U","Sí","Sí","No","Sí","No","No","Sí","No","https://images.habimg.com/imgh/00c55b8a-7880-4bd6-ba20-4d6668ea0c1bG.jpg","https://www.milanuncios.com/anuncios/r508926019.htm","2024-03-12","962646083","engelvolkers809d@realestate.com","No","","","No","No contactado","2","1","1","45","1350","30","140","Muy alta"
"habitaclia","AV2407021","Alquiler","Plurifamiliar","Piso en alquiler en el barrio del Carmen","","Valencia","Valencia","Ciutat Vella","El Carme","39.4782926072","-0.3820343928","0","Profesional","APROPERTIES REAL ESTATE - VALENCIA","Sí","Sí","No","No","No","No","No","No","https://images.habimg.com/imgh/4737-img3821914-478986910G.jpg","https://www.habitaclia.com/i4737003821914","2024-07-04","961285965","eva.martinez-fortun@aproperties.es","No","Muy bueno","","No","No contactado","3","4","2","91","2350","25","26","Muy alta"
"habitaclia","1640","Alquiler","Plurifamiliar","ESPECTACULAR PISO EN BLASCO IBAÑEZ","","Valencia","Valencia","Algirós","La Carrasca","39.4720614072","-0.3387225928","0","Profesional","INMOAROA","Sí","Sí","No","No","No","No","No","No","https://images.habimg.com/imgh/1616053e-ff46-452c-932b-0bb6bff2453cG.jpg","https://www.habitaclia.com/i51826000000107","2024-07-04","960706587","felipe.urioste@inmoaroa.com","No","Muy bueno","","No","No contactado","4","2","3","100","1900","19","26","Muy alta"
"habitaclia","31","Alquiler","Plurifamiliar","","","Valencia","Valencia","Rascanya","Torrefiel","39.4923426072","-0.3760779928","3","Profesional","TECNOCASA LA PETXINA","Sí","No","No","No","No","No","No","No","https://images.habimg.com/imgh/35a90e31-9572-43d3-8adf-443c93a986b8G.jpg","https://www.habitaclia.com/i18348000000235","2024-07-26","655082749","va000@tecnocasa.es","No","Muy bueno","","No","No contactado","5","3","1","90","1200","13","4","Muy alta"
"milanuncios","519891519","Alquiler","Plurifamiliar","València","46007","Valencia","Valencia","Extramurs","Arrancapins","39.4607041943","-0.3836019057","","Profesional","IPISOS","Sí","Sí","No","No","No","No","No","No","https://images.habimg.com/imgh/2369891a-013c-4779-b193-7bb68b2a5184G.jpg","https://www.milanuncios.com/anuncios/r519891519.htm","2024-07-18","962949187","ipisosb78b@realestate.com","No","","","No","No contactado","6","3","1","113","1400","12","12","Muy alta"
"milanuncios","520525837","Alquiler","Plurifamiliar","València","46021","Valencia","Valencia","El Pla del Real","Mestalla","39.471402819","-0.3549069851","1","Profesional","Resthome Inmobiliaria","Sí","Sí","No","No","No","No","No","No","https://images.habimg.com/imgh/0409d78d-1aef-47da-9f8e-2f7c46a2b2a7G.jpg","https://www.milanuncios.com/anuncios/r520525837.htm","2024-07-26","962648159","resthomeinmobiliariaf6bd@realestate.com","No","","","No","No contactado","7","2","1","89","1200","13","4","Muy alta"
"milanuncios","518439053","Alquiler","Plurifamiliar","Valencia Capital - C/ de la Corona","46003","Valencia","Valencia","Ciutat Vella","El Carme","39.4781","-0.382227","","Profesional","Aproperties","Sí","Sí","No","No","No","No","No","No","https://images.habimg.com/imgh/4737-img3821914-478986910G.jpg","https://www.milanuncios.com/anuncios/r518439053.htm","2024-07-04","962648135","apropertiesrealestatevalencia6ff9@realestate.com","No","","","No","No contactado","8","4","2","91","2350","25","26","Muy alta"
"milanuncios","520255519","Alquiler","Plurifamiliar","València","46006","Valencia","Valencia","Quatre Carreres","Mont-Olivet","39.4595544943","-0.3629324057","","Profesional","Uniplaces","Sí","Sí","No","No","No","No","No","No","https://images.habimg.com/imgh/00ff0a4e-4cac-461a-9b31-4dd29f9462a4G.jpg","https://www.milanuncios.com/anuncios/r520255519.htm","2024-07-23","919454608","uniplaces9f38@realestate.com","No","","","No","No contactado","9","1","1","40","1600","40","7","Muy alta"
"milanuncios","519864952","Alquiler","Plurifamiliar","València","46007","Valencia","Valencia","Extramurs","La Roqueta","39.4663704943","-0.3789330057","","Profesional","Yourentaflat S L","Sí","No","No","No","No","No","No","No","https://images.habimg.com/imgh/1fc0b759-3044-46bd-8794-bf32d3387697G.jpg","https://www.milanuncios.com/anuncios/r519864952.htm","2024-07-18","962949758","live4life7722@realestate.com","No","","","No","No contactado","10","3","1","95","1600","16","12","Muy alta"
"milanuncios","520471620","Alquiler","Plurifamiliar","València","46019","Valencia","Valencia","Rascanya","Torrefiel","39.4946991733","-0.3739999197","","Profesional","Inmo Real Estate Valencia  S L","Sí","No","No","No","No","No","No","No","https://images.habimg.com/imgh/346357b7-d7a1-49c3-9ae6-ec532e856effG.jpg","https://www.milanuncios.com/anuncios/r520471620.htm","2024-07-25","962647012","iconinmobiliariade76@realestate.com","No","","","No","No contactado","11","3","1","88","1400","15","5","Muy alta"
"milanuncios","520464408","Alquiler","Plurifamiliar","València","46025","Valencia","Valencia","Benicalap","Barrio de Benicalap","39.496315955","-0.386544045","5","Profesional","THE SIMPLE RENT LUXURY PROPERTIES SL","Sí","Sí","No","Sí","No","No","No","No","https://images.habimg.com/imgh/0968e2ea-aced-444d-8ecc-e8ce86744292G.jpg","https://www.milanuncios.com/anuncios/r520464408.htm","2024-07-25","960960381","thesimplerent5092@realestate.com","No","","","No","No contactado","12","3","2","85","1300","15","4","Muy alta"
"habitaclia","1760","Alquiler","Plurifamiliar","PRECIOSA VIVIENDA REFORMADA DE 100 M2 EN LA CALLE ALEMANIA, JUNTO AL COLEGIO ALEMÁN AMUEBLADA","","Valencia","Valencia","El Pla del Real","Jaume Roig","39.4813673786","-0.3616882214","6","Profesional","ALAMEDA 10DT","Sí","Sí","No","No","No","No","No","No","https://images.habimg.com/imgh/1813c45e-673c-449a-bc34-a528c010572cG.jpg","https://www.habitaclia.com/i43366000000836","2024-06-27","690062272","info@alameda10dt.com","No","Muy bueno","","No","No contactado","13","2","1","100","1300","13","5","Muy alta"
"milanuncios","518104693","Alquiler","Plurifamiliar","València","46001","Valencia","Valencia","Ciutat Vella","Sant Francesc","39.4729049012","-0.3777490988","4","Profesional","INMOBILIARIA LAURIA","Sí","Sí","No","No","No","No","No","No","","https://www.milanuncios.com/anuncios/r518104693.htm","2024-07-01","960968667","inmobiliarialauria9d4a@realestate.com","No","","","No","No contactado","14","5","1","150","1400","9","1","Muy alta"
"milanuncios","518673459","Alquiler","Plurifamiliar","València","46007","Valencia","Valencia","Extramurs","Arrancapins","39.46636716","-0.38602234","2","Profesional","Mbi Abastos","No","Sí","No","No","No","No","No","No","https://images.habimg.com/imgh/07a05587-ad55-4fbf-a1e0-39a649ecc0a5G.jpg","https://www.milanuncios.com/anuncios/r518673459.htm","2024-07-08","962470715","mbiabastos89f7@realestate.com","No","","","No","No contactado","15","2","2","128","1200","9","7","Muy alta"
"milanuncios","518532667","Alquiler","Plurifamiliar","Valencia","46017","Valencia","Valencia","Jesús","Camí Real","39.4382235254","-0.3896173376","","Profesional","Inmo Real Estate Valencia  S L","No","Sí","No","No","No","No","Sí","No","https://images.habimg.com/imgh/011bf58b-a363-46c1-8c7a-27d35407374eG.jpg","https://www.milanuncios.com/anuncios/r518532667.htm","2024-07-05","962647012","iconinmobiliariade76@realestate.com","No","","","No","No contactado","16","2","1","73","1100","15","5","Muy alta"
"habitaclia","LDC-FUE","Alquiler","Plurifamiliar","Piso muy acogedor !","","Valencia","Valencia","Poblats Marítims","La Malva-rosa","39.4816641333","-0.3281803667","5","Profesional","COMPRO EN ESPAÑA","No","No","No","No","No","No","No","No","https://images.habimg.com/imgh/236a8dda-dc02-491c-b2ed-c507cfda230aG.jpg","https://www.habitaclia.com/i20930000001422","2024-07-03","961127666","portails@jacheteenespagne.com","No","Muy bueno","","No","No contactado","17","3","1","75","850","11","9","Muy alta"
"milanuncios","518104693","Alquiler","Plurifamiliar","València","46001","Valencia","Valencia","Ciutat Vella","Sant Francesc","39.4729049012","-0.3777490988","4","Profesional","INMOBILIARIA LAURIA","Sí","Sí","No","No","No","No","No","No","","https://www.milanuncios.com/anuncios/r518104693.htm","2024-07-01","960968667","inmobiliarialauria9d4a@realestate.com","No","","","No","No contactado","18","5","1","150","1400","9","1","Muy alta"
"milanuncios","510768807","Alquiler","Plurifamiliar","Valencia Capital - Suiza","46024","Valencia","Valencia","Quatre Carreres","La Punta","39.4532926","-0.3370231","","Profesional","Zittus Management Sl","Sí","Sí","No","Sí","No","No","No","No","https://images.habimg.com/imgh/48675-img77-472756473G.jpg","https://www.milanuncios.com/anuncios/r510768807.htm","2024-04-08","910927182","zittusmanagemeta9fa@realestate.com","No","","","No","No contactado","19","3","2","92","1950","21","85","Muy alta"
"milanuncios","508926019","Alquiler","Plurifamiliar","València","46007","Valencia","Valencia","Extramurs","La Roqueta","39.4708821012","-0.3804078988","","Profesional","EV MMC SPAIN  S L U","Sí","Sí","No","Sí","No","No","Sí","No","https://images.habimg.com/imgh/00c55b8a-7880-4bd6-ba20-4d6668ea0c1bG.jpg","https://www.milanuncios.com/anuncios/r508926019.htm","2024-03-12","961287313","engelvolkers809d@realestate.com","No","","","No","No contactado","20","1","1","45","1350","30","112","Muy alta"
"habitaclia","1760","Alquiler","Plurifamiliar","PRECIOSA VIVIENDA REFORMADA DE 100 M2 EN LA CALLE ALEMANIA, JUNTO AL COLEGIO ALEMÁN AMUEBLADA","","Valencia","Valencia","El Pla del Real","Jaume Roig","39.4813673786","-0.3616882214","6","Profesional","ALAMEDA 10DT","Sí","Sí","No","No","No","No","No","No","https://images.habimg.com/imgh/1813c45e-673c-449a-bc34-a528c010572cG.jpg","https://www.habitaclia.com/i43366000000836","2024-06-27","690062272","info@alameda10dt.com","No","Muy bueno","","No","No contactado","21","2","1","100","1300","13","5","Muy alta"
"milanuncios","518080690","Alquiler","Plurifamiliar","benimacle valencia  - C/ de l''Argenter","46009","Benipeixcar","Valencia","La Saïdia","Morvedre","39.4852844","-0.3726482","3","Particular","","No","Sí","No","No","No","No","No","No","","https://www.milanuncios.com/anuncios/r518080690.htm","2024-06-30","","","No","","","No","No contactado","22","3","1","90","1100","12","2","Muy alta"
"milanuncios","510768807","Alquiler","Plurifamiliar","Valencia Capital - Suiza","46024","Valencia","Valencia","Quatre Carreres","La Punta","39.4532926","-0.3370231","","Profesional","Zittus Management Sl","Sí","Sí","No","Sí","No","No","No","No","https://images.habimg.com/imgh/48675-img77-472756473G.jpg","https://www.milanuncios.com/anuncios/r510768807.htm","2024-04-08","910927182","zittusmanagemeta9fa@realestate.com","No","","","No","No contactado","23","3","2","92","1950","21","85","Muy alta"
"habitaclia","MKMES-07","Alquiler","Plurifamiliar","","","Valencia","Valencia","Algirós","La Carrasca","39.4777629","-0.3464906","0","Profesional","KEYOK","Sí","Sí","No","No","No","No","No","No","https://images.habimg.com/imgh/0f58f5b8-ecd9-42d9-ab7c-1102d2337fb2G.jpg","https://www.habitaclia.com/i17645000000647","2024-06-29","916353481","info@keyok.es","No","Muy bueno","","No","No contactado","24","2","2","70","500","7","1","Muy alta"
"milanuncios","520138613","Alquiler","Plurifamiliar","València","46022","Valencia","Valencia","Algirós","L'Illa Perduda","39.4686467454","-0.3421081546","","Profesional","COSTA DORADA INMOBILIARIA","No","Sí","No","No","No","No","No","No","https://images.habimg.com/imgh/04a4f036-8ec4-4dcd-a8d3-665057503821G.jpg","https://www.milanuncios.com/anuncios/r520138613.htm","2024-07-20","977394853","costadoradainmobiliariabb3d@realestate.com","No","","","No","No contactado","25","1","1","45","370","8","1","Muy alta"
"milanuncios","508926019","Alquiler","Plurifamiliar","València","46007","Valencia","Valencia","Extramurs","La Roqueta","39.4708821012","-0.3804078988","","Profesional","EV MMC SPAIN  S L U","Sí","Sí","No","Sí","No","No","Sí","No","https://images.habimg.com/imgh/00c55b8a-7880-4bd6-ba20-4d6668ea0c1bG.jpg","https://www.milanuncios.com/anuncios/r508926019.htm","2024-03-12","961287313","engelvolkers809d@realestate.com","No","","","No","No contactado","26","1","1","45","1350","30","112","Muy alta"
"milanuncios","517349925","Alquiler","Plurifamiliar","València","46011","Valencia","Valencia","Poblats Marítims","El Cabanyal - El Canyamelar","39.4657929012","-0.3275816988","","Profesional","Yourentaflat S L","Sí","Sí","No","No","No","No","No","No","https://images.habimg.com/imgh/16182b8b-ba49-4f57-b611-c40a4701e430G.jpg","https://www.milanuncios.com/anuncios/r517349925.htm","2024-06-20","955444401","live4life7722@realestate.com","No","","","No","No contactado","27","2","1","100","1200","12","12","Muy alta"
"milanuncios","517349925","Alquiler","Plurifamiliar","València","46011","Valencia","Valencia","Poblats Marítims","El Cabanyal - El Canyamelar","39.4657929012","-0.3275816988","","Profesional","Yourentaflat S L","Sí","Sí","No","No","No","No","No","No","https://images.habimg.com/imgh/16182b8b-ba49-4f57-b611-c40a4701e430G.jpg","https://www.milanuncios.com/anuncios/r517349925.htm","2024-06-20","955444401","live4life7722@realestate.com","No","","","No","No contactado","28","2","1","100","1200","12","12","Muy alta"
"milanuncios","518702197","Alquiler","Plurifamiliar","València","46023","Valencia","Valencia","El Pla del Real","Mestalla","39.4640647024","-0.3588152976","8","Profesional","VICENTE GARCÍA  JOSE ANGEL","Sí","Sí","No","No","No","No","No","No","https://images.habimg.com/imgh/1d14a15f-ea65-422d-8ba3-c5e65a45020aG.jpg","https://www.milanuncios.com/anuncios/r518702197.htm","2024-07-08","961281558","alameda10dt69e2@realestate.com","No","","","No","No contactado","29","2","2","99","1500","15","2","Muy alta"
"milanuncios","518745909","Alquiler","Plurifamiliar","València","46004","Valencia","Valencia","L'Eixample","El Pla del Remei","39.4692477024","-0.3666472976","5","Profesional","CM PROPERTIES","Sí","Sí","No","No","No","No","No","No","https://images.habimg.com/imgh/009338da-2989-4f96-a56e-eeea5274804fG.jpg","https://www.milanuncios.com/anuncios/r518745909.htm","2024-07-09","962470759","cmproperties8e5d@realestate.com","No","","","No","No contactado","30","2","2","101","1600","15","1","Muy alta"
"milanuncios","517299124","Alquiler","Plurifamiliar","València","46006","Valencia","Valencia","L'Eixample","Russafa","39.4604998654","-0.3704267898","","Profesional","Finaer","Sí","Sí","No","No","No","No","No","No","https://images.habimg.com/imgh/03e7f9d4-a8e2-47c7-bd98-991665ec9638G.jpg","https://www.milanuncios.com/anuncios/r517299124.htm","2024-06-20","696587039","inmobiliariascongarantiafinaere6e5@realestate.com","No","","","No","No contactado","31","3","1","70","1300","18","12","Muy alta"
"milanuncios","518080690","Alquiler","Plurifamiliar","benimacle valencia  - C/ de l''Argenter","46009","Benipeixcar","Valencia","La Saïdia","Morvedre","39.4852844","-0.3726482","3","Particular","","No","Sí","No","No","No","No","No","No","","https://www.milanuncios.com/anuncios/r518080690.htm","2024-06-30","","","No","","","No","No contactado","32","3","1","90","1100","12","2","Muy alta"
"milanuncios","517299124","Alquiler","Plurifamiliar","València","46006","Valencia","Valencia","L'Eixample","Russafa","39.4604998654","-0.3704267898","","Profesional","Finaer","Sí","Sí","No","No","No","No","No","No","https://images.habimg.com/imgh/03e7f9d4-a8e2-47c7-bd98-991665ec9638G.jpg","https://www.milanuncios.com/anuncios/r517299124.htm","2024-06-20","696587039","inmobiliariascongarantiafinaere6e5@realestate.com","No","","","No","No contactado","33","3","1","70","1300","18","12","Muy alta"
"milanuncios","491134383","Alquiler","Plurifamiliar","València","46013","Valencia","Valencia","Quatre Carreres","Na Rovella - Hermanos Maristas","39.4561666632","-0.3610330368","","Profesional","WEHOME","No","Sí","No","No","No","No","No","No","https://images.habimg.com/imgh/27f05f55-5e89-4903-b08a-af7c366bc1abG.jpg","https://www.milanuncios.com/anuncios/r491134383.htm","2023-07-18","670380736","wehomef165@realestate.com","No","","","No","No contactado","34","3","2","69","1100","15","368","Muy alta"
"milanuncios","520480156","Alquiler","Plurifamiliar","València","46010","Valencia","Valencia","El Pla del Real","Ciutat Universitària","39.479465355","-0.356296745","7","Profesional","VICENTE GARCÍA  JOSE ANGEL","Sí","Sí","No","No","No","No","No","No","https://images.habimg.com/imgh/02c62d72-c2f4-42b4-acee-ca643b7dc844G.jpg","https://www.milanuncios.com/anuncios/r520480156.htm","2024-07-25","961281558","alameda10dt69e2@realestate.com","No","","","No","No contactado","35","4","3","180","1700","9","4","Muy alta"
"milanuncios","474346899","Alquiler","Plurifamiliar","Barrio Patraix - PIO XI","46002","Valencia","Valencia","Ciutat Vella","Sant Francesc","39.4698391","-0.3767956","2","Particular","","No","No","No","No","No","No","No","No","","https://www.milanuncios.com/anuncios/r474346899.htm","2023-01-09","","","No","","","No","No contactado","36","2","1","63","730","11","540","Muy alta"
"milanuncios","519684757","Alquiler","Plurifamiliar","València","46022","Valencia","Valencia","Camins al Grau","Aiora","39.4693794903","-0.3439750097","5","Profesional","ANUBIS KOOP SL","No","Sí","No","No","No","No","No","No","https://images.habimg.com/imgh/4c56b5e8-ec0d-4c0c-97ff-b0a3964d60d0G.jpg","https://www.milanuncios.com/anuncios/r519684757.htm","2024-07-16","962644316","primergrupomarenostrumbab7@realestate.com","No","","","No","No contactado","37","4","1","93","1100","11","1","Muy alta"
"milanuncios","518864199","Alquiler","Plurifamiliar","València","46025","Valencia","Valencia","Benicalap","Barrio de Benicalap","39.4933456781","-0.3847682219","Entresuelo","Profesional","SERINFO 1998  S L","Sí","Sí","No","Sí","No","No","No","No","https://images.habimg.com/imgh/12652e1a-d13e-49c9-a395-6165ca666e70G.jpg","https://www.milanuncios.com/anuncios/r518864199.htm","2024-07-10","962641584","serinfo2d96@realestate.com","No","","","No","No contactado","38","3","1","70","900","12","1","Muy alta"
"milanuncios","510415300","Alquiler","Plurifamiliar","València","46019","Valencia","Valencia","Rascanya","Torrefiel","39.5003868012","-0.3701090988","","Profesional","SOLVES CAMERA  LYDYA ISABEL","Sí","Sí","No","No","No","No","No","No","https://images.habimg.com/imgh/2f6af638-8f28-49f0-bb77-d98041665b87G.jpg","https://www.milanuncios.com/anuncios/r510415300.htm","2023-10-17","960960845","inmobiliariaelcarmec181@realestate.com","No","","","No","No contactado","39","1","1","60","1000","16","259","Muy alta"
"milanuncios","510415300","Alquiler","Plurifamiliar","València","46019","Valencia","Valencia","Rascanya","Torrefiel","39.5003868012","-0.3701090988","","Profesional","SOLVES CAMERA  LYDYA ISABEL","Sí","Sí","No","No","No","No","No","No","https://images.habimg.com/imgh/2f6af638-8f28-49f0-bb77-d98041665b87G.jpg","https://www.milanuncios.com/anuncios/r510415300.htm","2023-10-17","960960845","inmobiliariaelcarmec181@realestate.com","No","","","No","No contactado","40","1","1","60","1000","16","259","Muy alta"
"milanuncios","474346899","Alquiler","Plurifamiliar","Barrio Patraix - PIO XI","46002","Valencia","Valencia","Ciutat Vella","Sant Francesc","39.4698391","-0.3767956","2","Particular","","No","No","No","No","No","No","No","No","","https://www.milanuncios.com/anuncios/r474346899.htm","2023-01-09","","","No","","","No","No contactado","41","2","1","63","730","11","540","Muy alta"
"milanuncios","518439242","Alquiler","Plurifamiliar","València","46021","Valencia","Valencia","Algirós","L'Amistat","39.47282732","-0.350107267","5","Profesional","Sorolla Servicios Inmobiliarios","No","Sí","No","No","No","No","No","No","https://images.habimg.com/imgh/053897bd-61d0-4376-93a7-cf83df2b04efG.jpg","https://www.milanuncios.com/anuncios/r518439242.htm","2024-07-04","962644562","sorollaserviciosinmobiliarios5d2d@realestate.com","No","","","No","No contactado","42","3","2","77","1200","15","1","Muy alta"
"milanuncios","520137892","Alquiler","Plurifamiliar","València","46021","Valencia","Valencia","Algirós","La Carrasca","39.4776504454","-0.3466030546","","Profesional","COSTA DORADA INMOBILIARIA","No","Sí","No","No","No","No","No","No","https://images.habimg.com/imgh/30162dfd-983a-43a5-960d-355d277023d8G.jpg","https://www.milanuncios.com/anuncios/r520137892.htm","2024-07-20","977394853","costadoradainmobiliariabb3d@realestate.com","No","","","No","No contactado","43","1","1","45","370","8","1","Muy alta"
"milanuncios","519843813","Alquiler","Plurifamiliar","València","46009","Valencia","Valencia","La Saïdia","Morvedre","39.4849866886","-0.3774413114","7","Profesional","GRUPO 90 CENTRAL","Sí","Sí","No","No","No","No","No","No","https://images.habimg.com/imgh/034128ba-e436-4646-8ffb-6e96f6948a27G.jpg","https://www.milanuncios.com/anuncios/r519843813.htm","2024-07-18","963489732","grupo90centrale9ab@realestate.com","No","","","No","No contactado","44","4","3","120","1299","10","1","Muy alta"
"habitaclia","336","Alquiler","Plurifamiliar","EXCELENTE VIVIENDA EN CL. REPUBLICA ARGENTINA!!!","","Valencia","Valencia","Algirós","L'Amistat","39.4731046072","-0.3514301928","0","Profesional","IPISOS","No","Sí","No","No","No","No","No","No","https://images.habimg.com/imgh/0a9653c1-23a7-4f10-8ffa-7aa78a0d16ffG.jpg","https://www.habitaclia.com/i12419000000328","2024-07-18","961931086","armandosuero@ipisos-realestate.com","No","Muy bueno","","No","No contactado","45","4","2","110","1600","14","12","Muy alta"
"habitaclia","336","Alquiler","Plurifamiliar","EXCELENTE VIVIENDA EN CL. REPUBLICA ARGENTINA!!!","","Valencia","Valencia","Algirós","L'Amistat","39.4731046072","-0.3514301928","0","Profesional","IPISOS","No","Sí","No","No","No","No","No","No","https://images.habimg.com/imgh/0a9653c1-23a7-4f10-8ffa-7aa78a0d16ffG.jpg","https://www.habitaclia.com/i12419000000328","2024-07-18","961931086","armandosuero@ipisos-realestate.com","No","Muy bueno","","No","No contactado","46","4","2","110","1600","14","12","Muy alta"
"milanuncios","520638175","Alquiler","Plurifamiliar","València","46020","Valencia","Valencia","Benimaclet","Barrio de Benimaclet","39.4873142943","-0.3620685057","5","Profesional","Yourentaflat S L","No","Sí","No","No","No","No","No","No","https://images.habimg.com/imgh/0a783967-d0b0-43a6-9181-b2243ca18b5cG.jpg","https://www.milanuncios.com/anuncios/r520638175.htm","2024-07-29","962949758","live4life7722@realestate.com","No","","","No","No contactado","47","4","2","100","1500","15","1","Muy alta"
"milanuncios","474346899","Alquiler","Plurifamiliar","Barrio Patraix - PIO XI","46002","Valencia","Valencia","Ciutat Vella","Sant Francesc","39.4698391","-0.3767956","2","Particular","","No","No","No","No","No","No","No","No","","https://www.milanuncios.com/anuncios/r474346899.htm","2023-01-09","","","No","","","No","No contactado","48","2","1","63","730","11","568","Muy alta"
"milanuncios","520477333","Alquiler","Plurifamiliar","València","46011","Valencia","Valencia","Poblats Marítims","La Malva-rosa","39.4799425843","-0.3296680607","","Profesional","Ml Strategic Properties S L","Sí","Sí","No","Sí","No","No","No","No","https://images.habimg.com/imgh/014b9a3d-ab67-4add-85a9-ba4b0ca77f26G.jpg","https://www.milanuncios.com/anuncios/r520477333.htm","2024-07-25","962646172","holainmobiliariaab2f@realestate.com","No","","","No","No contactado","49","3","2","100","1200","12","5","Muy alta"
"milanuncios","520485075","Alquiler","Plurifamiliar","València","46024","Valencia","Valencia","Poblats Marítims","El Grau","39.4604536231","-0.3384146769","","Profesional","SERVICIOS FINANCIEROS E INMOBILIARIOS INFOAREA  S","No","Sí","No","No","No","No","No","No","https://images.habimg.com/imgh/217bf5ee-c626-4833-b5d2-62f2410b47c9G.jpg","https://www.milanuncios.com/anuncios/r520485075.htm","2024-07-25","960963929","infoarea37d8@realestate.com","No","","","No","No contactado","50","4","3","74","465","6","1","Muy alta"
"milanuncios","519476453","Alquiler","Plurifamiliar","València","46021","Valencia","Valencia","Algirós","La Carrasca","39.47935226","-0.34490124","","Profesional","RUBIO Y ASOCIADOS INMOBILIARIA","Sí","Sí","No","No","No","No","No","No","https://images.habimg.com/imgh/17619c9f-410d-47ff-bd71-9a369e296b6cG.jpg","https://www.milanuncios.com/anuncios/r519476453.htm","2024-07-14","962647591","rubioyasociadosinmobiliariaa333@realestate.com","No","","","No","No contactado","51","1","1","45","385","8","1","Muy alta"
"milanuncios","518090262","Alquiler","Plurifamiliar","València","46022","Valencia","Valencia","Poblats Marítims","Beteró","39.474063237","-0.333612163","2","Profesional","EUROCASA TIERRA MAYOR  S L","Sí","Sí","No","No","No","No","No","No","https://images.habimg.com/imgh/304a452e-a049-493e-9549-de0ac7c9f83bG.jpg","https://www.milanuncios.com/anuncios/r518090262.htm","2024-06-30","986933508","eurocasa770b@realestate.com","No","","","No","No contactado","52","1","2","50","500","10","1","Muy alta"
"milanuncios","520135060","Alquiler","Plurifamiliar","València","46004","Valencia","Valencia","L'Eixample","El Pla del Remei","39.4705106454","-0.3697473546","","Profesional","COSTA DORADA INMOBILIARIA","Sí","Sí","No","No","No","No","No","No","https://images.habimg.com/imgh/046647eb-1258-4ea1-9eb4-64f422562208G.jpg","https://www.milanuncios.com/anuncios/r520135060.htm","2024-07-20","977394853","costadoradainmobiliariabb3d@realestate.com","No","","","No","No contactado","53","2","2","70","450","6","1","Muy alta"
"milanuncios","519686018","Alquiler","Plurifamiliar","València","46008","Valencia","Valencia","Extramurs","Arrancapins","39.4692484903","-0.3890617097","7","Profesional","PANACEA HOUSE SOCIEDAD DE RESPONSABILIDAD LIMITADA","No","Sí","No","No","No","No","No","No","https://images.habimg.com/imgh/048fd43d-aa64-4a69-8458-025eef37713bG.jpg","https://www.milanuncios.com/anuncios/r519686018.htm","2024-07-16","961286182","kasabiba1d7d@realestate.com","No","","","No","No contactado","54","1","1","65","700","10","1","Muy alta"
"milanuncios","518309177","Alquiler","Plurifamiliar","València","46022","Valencia","Valencia","Camins al Grau","Aiora","39.465811435","-0.347253514","","Profesional","Sorolla Servicios Inmobiliarios","No","Sí","No","No","No","No","No","No","https://images.habimg.com/imgh/175fa024-5b63-46e6-abde-2970ee4f84e0G.jpg","https://www.milanuncios.com/anuncios/r518309177.htm","2024-07-03","962644562","sorollaserviciosinmobiliarios5d2d@realestate.com","No","","","No","No contactado","55","3","1","85","1000","11","6","Muy alta"
"habitaclia","VASU-VI-7-31_F","Alquiler","Plurifamiliar","PISO en Suiza","","Valencia","Valencia","Quatre Carreres","La Punta","39.4532567786","-0.3370589214","0","Profesional","Zittus Managemet","Sí","Sí","Sí","No","No","No","No","No","https://images.habimg.com/imgh/48675-img114-477747420G.jpg","https://www.habitaclia.com/i48675000000114","2024-06-17","919994171","skypark-valdebebas@zittus.com","No","Muy bueno","","No","No contactado","56","3","2","110","1680","15","15","Muy alta"
"milanuncios","518041045","Alquiler","Plurifamiliar","València","46022","Valencia","Valencia","Algirós","L'Illa Perduda","39.4688914074","-0.3418634926","","Profesional","INMOBELIA SL","Sí","Sí","No","No","No","No","No","No","https://images.habimg.com/imgh/244211fe-72c2-402c-97ce-c38162e26678G.jpg","https://www.milanuncios.com/anuncios/r518041045.htm","2024-06-29","912184951","keyok8ddb@realestate.com","No","","","No","No contactado","57","2","2","70","500","7","1","Muy alta"
"milanuncios","518117526","Alquiler","Plurifamiliar","Cuatro carreras - C/ de la Fonteta de S","46013","Valencia","Valencia","Quatre Carreres","Na Rovella - Hermanos Maristas","39.4523914","-0.3711054","2","Particular","","No","No","No","No","No","No","No","No","","https://www.milanuncios.com/anuncios/r518117526.htm","2024-07-01","","","No","","","No","No contactado","58","3","1","73","1000","13","1","Muy alta"
"habitaclia","RTQ_3840_copia_copia","Alquiler","Plurifamiliar","Piso en alquiler en Benimaclet","","Valencia","Valencia","Benimaclet","Barrio de Benimaclet","39.4874568613","-0.360795918","1","Profesional","Racasa Torres de Quart","Sí","Sí","No","No","No","No","No","No","https://images.habimg.com/imgh/0c92bde3-4d19-427f-bdca-e08a85a25927G.jpg","https://www.habitaclia.com/i10195003734720","2024-07-03","607141035","i.miinmobiliaria@inmovilla.com","No","Muy bueno","","No","No contactado","59","2","1","96","1200","12","14","Muy alta"
"milanuncios","518324093","Alquiler","Plurifamiliar","València","46020","Valencia","Valencia","Benimaclet","Barrio de Benimaclet","39.488216795","-0.364214005","6","Profesional","Yourentaflat S L","No","Sí","No","No","No","No","No","No","https://images.habimg.com/imgh/317458d5-5b82-4dbd-a25a-d2011b589f28G.jpg","https://www.milanuncios.com/anuncios/r518324093.htm","2024-07-03","962949801","live4life7722@realestate.com","No","","","No","No contactado","60","4","2","90","1400","15","2","Muy alta"
"milanuncios","518539086","Alquiler","Plurifamiliar","València","46022","Valencia","Valencia","Algirós","La Carrasca","39.4749492231","-0.3380382769","5","Profesional","CM PROPERTIES","No","Sí","No","No","No","No","No","No","https://images.habimg.com/imgh/0ac3b44e-9a38-4c1d-81fb-527ea3135f95G.jpg","https://www.milanuncios.com/anuncios/r518539086.htm","2024-07-05","962470759","cmproperties8e5d@realestate.com","No","","","No","No contactado","61","2","2","102","1200","11","21","Muy alta"
"milanuncios","518559273","Alquiler","Plurifamiliar","València","46010","Valencia","Valencia","El Pla del Real","Ciutat Universitària","39.4764417024","-0.3576233976","","Profesional","VICENTE GARCÍA  JOSE ANGEL","Sí","Sí","No","No","No","No","No","No","https://images.habimg.com/imgh/09341592-b21d-433f-b925-7d660249ac38G.jpg","https://www.milanuncios.com/anuncios/r518559273.htm","2024-07-05","961281558","alameda10dt69e2@realestate.com","No","","","No","No contactado","62","4","2","97","1500","15","5","Muy alta"
"habitaclia","4562468","Alquiler","Plurifamiliar","Alquiler de larga estancia","46011","Valencia","Valencia","Poblats Marítims","La Malva-rosa","39.4812108","-0.3323543","0","Particular","","Sí","Sí","No","No","No","No","No","No","https://images.habimg.com/imgh/500-img4562468-473615800G.jpg","https://www.habitaclia.com/i500004562468","2024-04-20","698999289","001.mmpa@gmail.com","No","Muy bueno","","No","No contactado","63","2","1","95","1900","20","73","Muy alta"
"milanuncios","518117361","Alquiler","Plurifamiliar","València","46008","Valencia","Valencia","Extramurs","Arrancapins","39.4696554818","-0.3845035461","2","Profesional","Garpe Gestion Sl","No","Sí","No","No","No","No","No","No","","https://www.milanuncios.com/anuncios/r518117361.htm","2024-07-01","962470783","casasdelmediterraneocentrala755@realestate.com","No","","","No","No contactado","64","4","2","108","1000","9","1","Muy alta"
"milanuncios","518128992","Alquiler","Plurifamiliar","Ciudad Ros Casares - C. Andarella","46014","Xirivella/Chirivella","Valencia","Barrio de la Luz","","39.4621572","-0.4141047","3","Particular","","No","Sí","Sí","Sí","Sí","No","No","No","","https://www.milanuncios.com/anuncios/r518128992.htm","2024-07-01","","","No","","","No","No contactado","65","1","1","88","800","9","1","Muy alta"
"habitaclia","VASU-VI-7-31_F","Alquiler","Plurifamiliar","PISO en Suiza","","Valencia","Valencia","Quatre Carreres","La Punta","39.4532567786","-0.3370589214","0","Profesional","Zittus Managemet","Sí","Sí","Sí","No","No","No","No","No","https://images.habimg.com/imgh/48675-img114-477747420G.jpg","https://www.habitaclia.com/i48675000000114","2024-06-17","919994171","skypark-valdebebas@zittus.com","No","Muy bueno","","No","No contactado","66","3","2","110","1680","15","15","Muy alta"
"habitaclia","4562468","Alquiler","Plurifamiliar","Alquiler de larga estancia","46011","Valencia","Valencia","Poblats Marítims","La Malva-rosa","39.4812108","-0.3323543","0","Particular","","Sí","Sí","No","No","No","No","No","No","https://images.habimg.com/imgh/500-img4562468-473615800G.jpg","https://www.habitaclia.com/i500004562468","2024-04-20","698999289","001.mmpa@gmail.com","No","Muy bueno","","No","No contactado","67","2","1","95","1900","20","73","Muy alta"
"milanuncios","517806330","Alquiler","Unifamiliar","Hospital General - Av. del Cid","46014","Valencia","Valencia","L'Olivereta","Soternes","39.470146","-0.4127022","1","Particular","","No","No","No","No","No","No","No","No","","https://www.milanuncios.com/anuncios/r517806330.htm","2024-06-27","","","No","","","No","No contactado","68","1","1","40","1","","3","Muy alta"
"milanuncios","518148246","Alquiler","Plurifamiliar","Valencia Capital - C/ de Tirant lo Blan","46013","Valencia","Valencia","Quatre Carreres","En Corts - Doctor Waksman","39.4551","-0.370571","","Profesional","Aproperties","No","No","No","No","No","No","No","No","","https://www.milanuncios.com/anuncios/r518148246.htm","2024-07-01","962648135","apropertiesrealestatevalencia6ff9@realestate.com","No","","","No","No contactado","69","4","1","90","1200","13","1","Muy alta"
"milanuncios","518117526","Alquiler","Plurifamiliar","Cuatro carreras - C/ de la Fonteta de S","46013","Valencia","Valencia","Quatre Carreres","Na Rovella - Hermanos Maristas","39.4523914","-0.3711054","2","Particular","","No","No","No","No","No","No","No","No","","https://www.milanuncios.com/anuncios/r518117526.htm","2024-07-01","","","No","","","No","No contactado","70","3","1","73","1000","13","1","Muy alta"
"milanuncios","518117361","Alquiler","Plurifamiliar","València","46008","Valencia","Valencia","Extramurs","Arrancapins","39.4696554818","-0.3845035461","2","Profesional","Garpe Gestion Sl","No","Sí","No","No","No","No","No","No","","https://www.milanuncios.com/anuncios/r518117361.htm","2024-07-01","962470783","casasdelmediterraneocentrala755@realestate.com","No","","","No","No contactado","71","4","2","108","1000","9","1","Muy alta"
"milanuncios","518148246","Alquiler","Plurifamiliar","Valencia Capital - C/ de Tirant lo Blan","46013","Valencia","Valencia","Quatre Carreres","En Corts - Doctor Waksman","39.4551","-0.370571","","Profesional","Aproperties","No","No","No","No","No","No","No","No","","https://www.milanuncios.com/anuncios/r518148246.htm","2024-07-01","962648135","apropertiesrealestatevalencia6ff9@realestate.com","No","","","No","No contactado","72","4","1","90","1200","13","1","Muy alta"
"milanuncios","518128992","Alquiler","Plurifamiliar","Ciudad Ros Casares - C. Andarella","46014","Xirivella/Chirivella","Valencia","Barrio de la Luz","","39.4621572","-0.4141047","3","Particular","","No","Sí","Sí","Sí","Sí","No","No","No","","https://www.milanuncios.com/anuncios/r518128992.htm","2024-07-01","","","No","","","No","No contactado","73","1","1","88","800","9","1","Muy alta"
"milanuncios","519036238","Alquiler","Plurifamiliar","El Saler - Carrer de Sollana","46013","Valencia","Valencia","Quatre Carreres","Na Rovella - Hermanos Maristas","39.4532318115","-0.3667024076","9","Particular","","No","Sí","No","No","No","No","No","No","","https://www.milanuncios.com/anuncios/r519036238.htm","2024-07-10","","","No","","","No","No contactado","74","1","1","15","290","19","1","Muy alta"
"milanuncios","520646564","Alquiler","Plurifamiliar","València","46023","Valencia","Valencia","El Pla del Real","Mestalla","39.4663547943","-0.3574320057","","Profesional","Yourentaflat S L","Sí","Sí","No","No","No","No","No","No","https://images.habimg.com/imgh/0149a95b-3b2a-4825-be31-5aa431d98603G.jpg","https://www.milanuncios.com/anuncios/r520646564.htm","2024-07-29","962949758","live4life7722@realestate.com","No","","","No","No contactado","75","","1","50","700","14","1","Muy alta"
"milanuncios","519978540","Alquiler","Plurifamiliar","València","46023","Valencia","Valencia","Camins al Grau","La Creu del Grau","39.4600040122","-0.3460965655","4","Profesional","JANDJ GI  S L","Sí","Sí","No","No","No","No","No","No","https://images.habimg.com/imgh/009991af-984d-4633-b254-5c69315db7cbG.jpg","https://www.milanuncios.com/anuncios/r519978540.htm","2024-07-19","961289761","jj938e@realestate.com","No","","","No","No contactado","76","3","2","97","1500","15","11","Muy alta"
"milanuncios","510415300","Alquiler","Plurifamiliar","València","46019","Valencia","Valencia","Rascanya","Torrefiel","39.4978494943","-0.3726464057","","Profesional","SOLVES CAMERA  LYDYA ISABEL","Sí","Sí","No","No","No","No","No","No","https://images.habimg.com/imgh/2f6af638-8f28-49f0-bb77-d98041665b87G.jpg","https://www.milanuncios.com/anuncios/r510415300.htm","2023-10-17","960960845","inmobiliariaelcarmec181@realestate.com","No","","","No","No contactado","77","1","1","60","1000","16","287","Muy alta"
"milanuncios","515524262","Alquiler","Plurifamiliar","València","46021","Valencia","Valencia","Algirós","L'Amistat","39.4714530943","-0.3510502057","","Profesional","Inmobiliaria Fran López","No","Sí","No","No","No","No","No","No","https://images.habimg.com/imgh/0478346a-dde5-4eb9-b614-0d4a5daef215G.jpg","https://www.milanuncios.com/anuncios/r515524262.htm","2024-06-04","962949864","inmobiliariafranlopezdaa9@realestate.com","No","","","No","No contactado","78","4","2","100","1750","17","56","Muy alta"
"milanuncios","519576916","Alquiler","Plurifamiliar","València","46005","Valencia","Valencia","L'Eixample","Zona Gran Via","39.4640427943","-0.3649672057","8","Profesional","SARA ANGELA RAMON SANTA MARIA","Sí","Sí","No","No","No","No","No","No","https://images.habimg.com/imgh/04f0161f-7ad4-4102-98f7-048248320d8aG.jpg","https://www.milanuncios.com/anuncios/r519576916.htm","2024-07-16","960964624","donagermanainmobiliaria1d59@realestate.com","No","","","No","No contactado","79","1","1","50","1000","20","14","Muy alta"
"milanuncios","518866120","Alquiler","Plurifamiliar","València","46001","Valencia","Valencia","Ciutat Vella","El Mercat","39.4762071679","-0.3760507321","","Profesional","SERINFO 1998  S L","No","No","No","No","No","No","No","No","https://images.habimg.com/imgh/11441210-b015-477b-83d4-ed62f88c1f00G.jpg","https://www.milanuncios.com/anuncios/r518866120.htm","2024-07-10","962641584","serinfo2d96@realestate.com","No","","","No","No contactado","80","","1","45","800","17","2","Muy alta"
"milanuncios","520329406","Alquiler","Plurifamiliar","València","46022","Valencia","Valencia","Algirós","Ciutat Jardí","39.4674108614","-0.3459850386","","Profesional","Yourentaflat S L","No","Sí","No","No","No","No","No","No","https://images.habimg.com/imgh/6e0fffc1-770e-4d5f-8795-144fa1734eb6G.jpg","https://www.milanuncios.com/anuncios/r520329406.htm","2024-07-23","962949801","live4life7722@realestate.com","No","","","No","No contactado","81","4","2","105","1300","12","2","Muy alta"
"milanuncios","518610903","Alquiler","Plurifamiliar","València","46021","Valencia","Valencia","Algirós","La Carrasca","39.4787916744","-0.3454618256","","Profesional","M  JOSEFA MARTIN DEL ARCO","Sí","Sí","No","No","No","No","No","No","https://images.habimg.com/imgh/0a90deb6-c958-4059-b932-1301ce7be553G.jpg","https://www.milanuncios.com/anuncios/r518610903.htm","2024-07-06","923118167","argimiromartina2d7@realestate.com","No","","","No","No contactado","82","2","2","70","500","7","1","Muy alta"
"milanuncios","519732530","Alquiler","Plurifamiliar","València","46010","Valencia","Valencia","El Pla del Real","Mestalla","39.4732074604","-0.3577504396","","Profesional","Yourentaflat S L","Sí","Sí","No","No","No","No","No","No","https://images.habimg.com/imgh/3dcf362e-f3af-4b84-bca9-4ad0f42d8825G.jpg","https://www.milanuncios.com/anuncios/r519732530.htm","2024-07-17","962471283","live4life7722@realestate.com","No","","","No","No contactado","83","3","1","80","1100","13","6","Muy alta"
"milanuncios","518425398","Alquiler","Plurifamiliar","València","46021","Valencia","Valencia","El Pla del Real","Mestalla","39.4757249563","-0.3539850437","","Profesional","CM PROPERTIES","Sí","Sí","No","No","No","No","No","No","https://images.habimg.com/imgh/07aa728c-3e56-4daf-a617-0bc353ac6b4fG.jpg","https://www.milanuncios.com/anuncios/r518425398.htm","2024-07-04","962470759","cmproperties8e5d@realestate.com","No","","","No","No contactado","84","2","2","94","1250","13","18","Muy alta"
"milanuncios","519414987","Alquiler","Plurifamiliar","València","46021","Valencia","Valencia","Algirós","La Carrasca","39.4758702937","-0.3483832063","","Profesional","CASAMIFAR SOCIEDAD LIMITADA","Sí","Sí","No","No","No","No","No","No","https://images.habimg.com/imgh/09d94ce2-6bee-460e-9ed5-548c75b6af67G.jpg","https://www.milanuncios.com/anuncios/r519414987.htm","2024-07-13","958928494","casamifarf379@realestate.com","No","","","No","No contactado","85","1","1","40","415","10","1","Muy alta"
"milanuncios","518495641","Alquiler","Plurifamiliar","València","46009","Valencia","Valencia","Campanar","Les Tendetes - Avenida Burjassot","39.484596895","-0.382716105","1","Profesional","INMOBILIARIA LAURIA","Sí","No","No","No","No","No","No","No","https://images.habimg.com/imgh/26dedce1-9738-4f46-9624-1adb551d87a0G.jpg","https://www.milanuncios.com/anuncios/r518495641.htm","2024-07-04","960968667","inmobiliarialauria9d4a@realestate.com","No","","","No","No contactado","86","3","1","83","900","10","1","Muy alta"
"milanuncios","520527657","Alquiler","Plurifamiliar","València","46023","Valencia","Valencia","Camins al Grau","Penya - Roja - Avda. Francia","39.4642665943","-0.3580127057","1","Profesional","ANUBIS KOOP SL","No","Sí","No","No","No","No","No","No","https://images.habimg.com/imgh/43318665-603d-4341-aa25-598a5b54e3e4G.jpg","https://www.milanuncios.com/anuncios/r520527657.htm","2024-07-26","962644316","primergrupomarenostrumbab7@realestate.com","No","","","No","No contactado","87","4","2","98","1400","14","4","Muy alta"
"habitaclia","466849","Alquiler","Plurifamiliar","","","Valencia","Valencia","Camins al Grau","La Creu del Grau","39.4627834722","-0.3444670278","0","Profesional","Uniplaces","Sí","Sí","No","No","No","No","No","No","https://images.habimg.com/imgh/175f7305-7963-4a43-a05f-442b485066dcG.jpg","https://www.habitaclia.com/i50824000000551","2024-05-06","691111788","agents@uniplaces.com","No","Muy bueno","","No","No contactado","88","2","1","75","1300","17","85","Muy alta"
"milanuncios","518268361","Alquiler","Plurifamiliar","València","46005","Valencia","Valencia","L'Eixample","Russafa","39.4624345377","-0.3670871628","","Profesional","M  Eugenia Roselló Querol","No","Sí","No","No","No","No","No","No","https://images.habimg.com/imgh/1afe2eda-7d09-42d2-8e69-5b98d29bd4b6G.jpg","https://www.milanuncios.com/anuncios/r518268361.htm","2024-07-02","622282132","urbanhabitats43ba@realestate.com","No","","","No","No contactado","89","3","2","115","1800","15","28","Muy alta"
"milanuncios","520650639","Alquiler","Plurifamiliar","València","46025","Valencia","Valencia","Benicalap","Barrio de Benicalap","39.4927991943","-0.3832765057","2","Profesional","RIVASDOSA CERCASA S L","No","Sí","No","No","No","No","No","No","https://images.habimg.com/imgh/189ae6a6-e468-4717-becb-d86041d99df0G.jpg","https://www.milanuncios.com/anuncios/r520650639.htm","2024-07-29","961284593","cercasaf2ba@realestate.com","No","","","No","No contactado","90","3","2","90","1150","12","1","Muy alta"
"milanuncios","519952094","Alquiler","Plurifamiliar","València","46001","Valencia","Valencia","Ciutat Vella","El Mercat","39.4714525843","-0.3790896418","","Profesional","EXPANSION 2006 Sl","Sí","Sí","No","No","No","No","No","No","https://images.habimg.com/imgh/1a37e350-7562-40a4-bed0-2812d7dbb7e1G.jpg","https://www.milanuncios.com/anuncios/r519952094.htm","2024-07-19","962645217","grupohogaresinmobiliarias347f@realestate.com","No","","","No","No contactado","91","3","2","78","1500","19","11","Muy alta"
"milanuncios","519532905","Alquiler","Plurifamiliar","València","46002","Valencia","Valencia","Ciutat Vella","Sant Francesc","39.4687617943","-0.3779702057","","Profesional","CM PROPERTIES","Sí","Sí","No","No","No","No","No","No","https://images.habimg.com/imgh/081581a6-5995-4dd0-a976-ee936f4db51aG.jpg","https://www.milanuncios.com/anuncios/r519532905.htm","2024-07-15","962470759","cmproperties8e5d@realestate.com","No","","","No","No contactado","92","2","2","91","2300","25","15","Muy alta"
"habitaclia","BC2230","Alquiler","Plurifamiliar","GRAN VIVIENDA VACIA","","Valencia","Valencia","La Saïdia","Sant Antoni","39.4901879722","-0.3690739278","6","Profesional","BENICASA 2002 SERVICIOS INMOBILIARIOS","Sí","Sí","No","No","No","No","No","No","https://images.habimg.com/imgh/023ec1ef-a954-4249-8dd0-75b52e50bbd2G.jpg","https://www.habitaclia.com/i41070000001527","2024-07-09","963656620","serviciosinmobiliariosbc2002@outlook.es","No","Muy bueno","","No","No contactado","93","3","2","130","1300","10","21","Muy alta"
"habitaclia","a539asaler2","Alquiler","Plurifamiliar","Piso en alquiler Temporal en Edificio a estrenar","","Valencia","Valencia","Quatre Carreres","Na Rovella - Hermanos Maristas","39.4488975364","-0.3667422369","0","Profesional","ARQT VALENCIA","Sí","Sí","No","No","No","Sí","No","No","https://images.habimg.com/imgh/00e09321-631b-419c-ba7e-252642ee53fdG.jpg","https://www.habitaclia.com/i9904000000378","2024-06-14","960616963","jgil@arqtvalencia.es","No","Muy bueno","","No","No contactado","94","1","2","80","2000","25","46","Muy alta"
"milanuncios","520498819","Alquiler","Plurifamiliar","València","46019","Valencia","Valencia","Rascanya","Torrefiel","39.4915527943","-0.3768678057","3","Profesional","ESTUDIO INMOBILIARIO LA PETXINA SL","Sí","No","No","No","No","No","No","No","https://images.habimg.com/imgh/35a90e31-9572-43d3-8adf-443c93a986b8G.jpg","https://www.milanuncios.com/anuncios/r520498819.htm","2024-07-26","962641612","tecnocasalapetxinabf55@realestate.com","No","","","No","No contactado","95","3","1","90","1200","13","4","Muy alta"
"milanuncios","517254992","Alquiler","Plurifamiliar","Valencia Capital - Pl. de l''Ajuntament","46002","Valencia","Valencia","Ciutat Vella","Sant Francesc","39.4717","-0.376509","","Profesional","Aproperties","Sí","Sí","No","No","Sí","No","No","No","https://images.habimg.com/imgh/4737-img3821777-477979839G.jpg","https://www.milanuncios.com/anuncios/r517254992.htm","2024-06-19","962648135","apropertiesrealestatevalencia6ff9@realestate.com","No","","","No","No contactado","96","3","2","142","2700","19","41","Muy alta"
"milanuncios","520653824","Alquiler","Plurifamiliar","València","46003","Valencia","Valencia","Ciutat Vella","La Seu","39.4732365943","-0.3762320057","","Profesional","Inmobiliaria Y Multiservicios Euroservice S L","No","Sí","No","No","No","No","No","No","https://images.habimg.com/imgh/0029bd2d-14a8-49c8-a4de-a79438cb20a3G.jpg","https://www.milanuncios.com/anuncios/r520653824.htm","2024-07-29","962470153","inmobiliariaymultiservicioseuro7004@realestate.com","No","","","No","No contactado","97","3","1","70","850","12","1","Muy alta"
"milanuncios","519493496","Alquiler","Plurifamiliar","València","46011","Valencia","Valencia","Poblats Marítims","La Malva-rosa","39.4826296323","-0.3272605757","","Profesional","Ml Strategic Properties S L","No","Sí","No","No","No","No","No","No","https://images.habimg.com/imgh/01e34554-5ed2-455e-8b17-a83aa2e0c5c8G.jpg","https://www.milanuncios.com/anuncios/r519493496.htm","2024-07-11","962646172","holainmobiliariaab2f@realestate.com","No","","","No","No contactado","98","3","1","80","1350","16","19","Muy alta"
"habitaclia","4198497800200000000000000005","Alquiler","Plurifamiliar","PISO BLASCO IBAÑEZ 3 HABITACIONES","","Valencia","Valencia","Algirós","La Bega Baixa - Plaza Xúquer","39.4760864072","-0.3525351928","9","Profesional","LIVE 4 LIFE","No","Sí","No","No","No","No","No","No","https://images.habimg.com/imgh/09398f44-86db-497e-9cd2-5bd22d856ad7G.jpg","https://www.habitaclia.com/i28825000009391","2024-07-02","637692405","administracion@l4l.es","No","Muy bueno","","No","No contactado","99","3","1","90","1200","13","28","Muy alta"
"habitaclia","4545474","Alquiler","Plurifamiliar","Arrancapins / Carrer de Jesús","","Valencia","Valencia","Extramurs","Arrancapins","39.4629235","-0.3860538","0","Particular","","No","Sí","No","No","No","No","No","No","https://images.habimg.com/imgh/500-img4545474-457796815G.jpg","https://www.habitaclia.com/i500004545474","2024-01-28","625179967","sam19202@hotmail.com","No","Muy bueno","","No","No contactado","100","1","1","35","1100","31","184","Muy alta"
"habitaclia","1329","Alquiler","Plurifamiliar","PISO EN ALQUILER EN EL CENTRO DEL CARMEN","","Valencia","Valencia","Ciutat Vella","El Carme","39.4780036072","-0.3806663928","2","Profesional","CM PROPERTIES","No","No","No","No","No","No","No","No","https://images.habimg.com/imgh/096cbafd-a1cd-475e-a45d-7ede3ba31278G.jpg","https://www.habitaclia.com/i50179000000249","2024-07-11","677523211","team@cmproperties.es","No","Muy bueno","","No","No contactado","101","4","2","102","2350","23","19","Muy alta"
"milanuncios","520643112","Alquiler","Plurifamiliar","València","46021","Valencia","Valencia","Algirós","L'Amistat","39.47124136","-0.3532920701","","Profesional","AYORA REAL ESTATE SL","No","No","No","No","No","No","No","No","https://images.habimg.com/imgh/1a87b3b7-f24f-4291-a8ba-92341d8d9fd4G.jpg","https://www.milanuncios.com/anuncios/r520643112.htm","2024-07-29","962645802","everlyhomeislaperdida59e3@realestate.com","No","","","No","No contactado","102","2","1","54","750","13","1","Muy alta"
"milanuncios","512084642","Alquiler","Plurifamiliar","València","46003","Valencia","Valencia","Ciutat Vella","La Xerea","39.4759083012","-0.3684274988","5","Profesional","PRINCESA INMOBILIARIA","Sí","Sí","No","No","No","No","No","No","https://images.habimg.com/imgh/16e10207-710f-4640-994b-380c04be15cdG.jpg","https://www.milanuncios.com/anuncios/r512084642.htm","2024-04-26","960963418","princesainmobiliariaaaaa@realestate.com","No","","","No","No contactado","103","3","1","100","1700","17","67","Muy alta"
"milanuncios","512836380","Alquiler","Plurifamiliar","València","46023","Valencia","Valencia","Camins al Grau","Penya - Roja - Avda. Francia","39.4618863012","-0.3472351988","7","Profesional","COSTA MAR REAL ESTATE","Sí","Sí","No","No","No","No","No","No","https://images.habimg.com/imgh/11067869-ee1f-4488-a847-5d6e705772e4G.jpg","https://www.milanuncios.com/anuncios/r512836380.htm","2024-05-06","961287095","costamarrealestate083c@realestate.com","No","","","No","No contactado","104","3","2","130","1745","13","57","Muy alta"
"habitaclia","00764-G","Alquiler","Plurifamiliar","Ref 00764 Se ALQUILA vivienda 2 habitaciones y un baño en Avda. Peris y Valero, con ascensor.","","Valencia","Valencia","Quatre Carreres","Mont-Olivet","39.4616490654","-0.3636368262","3","Profesional","TOTAL HABITAT","Sí","Sí","No","No","No","No","No","No","https://images.habimg.com/imgh/0e5cc3bf-e489-49ed-845d-505a5e86660aG.jpg","https://www.habitaclia.com/i51197000000119","2024-06-29","961046750","gestion@totalhabitat.es","No","Muy bueno","","No","No contactado","105","2","1","76","1200","15","3","Muy alta"
"milanuncios","517152805","Alquiler","Plurifamiliar","València","46008","Valencia","Valencia","Extramurs","La Petxina","39.4738065118","-0.3887334882","4","Profesional","EV MMC SPAIN  S L U","Sí","No","No","No","No","No","No","No","https://images.habimg.com/imgh/003cfd7d-1e86-41e2-9446-ce4f9e2839ebG.jpg","https://www.milanuncios.com/anuncios/r517152805.htm","2024-06-18","961287313","engelvolkers809d@realestate.com","No","","","No","No contactado","106","4","2","110","1750","15","36","Muy alta"
"milanuncios","518747050","Alquiler","Plurifamiliar","Valencia Capital - alameda","46010","Valencia","Valencia","El Pla del Real","Exposició","39.4757","-0.36567","","Profesional","Inversiones Costa Valenciana S L","No","No","No","No","No","No","No","No","https://images.habimg.com/imgh/19961-img3069-479244211G.jpg","https://www.milanuncios.com/anuncios/r518747050.htm","2024-07-09","961280218","zonanortea54c@realestate.com","No","","","No","No contactado","107","4","2","201","2950","14","20","Muy alta"
"milanuncios","520346931","Alquiler","Plurifamiliar","València","46001","Valencia","Valencia","Ciutat Vella","El Mercat","39.477161555","-0.379199845","4","Profesional","EMILIO LUIS GIMENO","Sí","No","No","No","No","No","No","No","https://images.habimg.com/imgh/08ffbcfe-db2b-4fbf-9bff-f4fa9baff2f2G.jpg","https://www.milanuncios.com/anuncios/r520346931.htm","2024-07-23","960965996","renturiasolucionesinmobiliariasc017@realestate.com","No","","","No","No contactado","108","2","2","105","1300","12","6","Muy alta"
"habitaclia","WWQMML-06","Alquiler","Plurifamiliar","","","Valencia","Valencia","Algirós","La Carrasca","39.4777629","-0.3464906","0","Profesional","COSTA DORADA INMOBILIARIA","Sí","Sí","No","No","No","No","No","No","https://images.habimg.com/imgh/0ca5247d-e679-460e-a893-c631c884e2f3G.jpg","https://www.habitaclia.com/i11820004490314","2024-07-20","657606431","adria@costadoradainmobiliaria.com","No","Muy bueno","","No","No contactado","109","2","2","70","450","6","1","Muy alta"
"habitaclia","1803","Alquiler","Plurifamiliar","","","Valencia","Valencia","El Pla del Real","Mestalla","39.4741632544","-0.3599643456","1","Profesional","ALAMEDA 10DT","Sí","Sí","No","No","No","No","No","No","https://images.habimg.com/imgh/00208731-0267-41ee-8447-5b41e2c8fcd6G.jpg","https://www.habitaclia.com/i43366000000871","2024-07-05","690062272","info@alameda10dt.com","No","Muy bueno","","No","No contactado","110","3","2","130","1600","12","5","Muy alta"
"milanuncios","519356771","Alquiler","Plurifamiliar","València","46006","Valencia","Valencia","Quatre Carreres","Mont-Olivet","39.4633385421","-0.3619473496","3","Profesional","TOTAL HABITAT","Sí","Sí","No","No","No","No","No","No","https://images.habimg.com/imgh/2a342b18-3232-48a8-8f90-47105c0e82e2G.jpg","https://www.milanuncios.com/anuncios/r519356771.htm","2024-07-13","961046750","totalhabitat3788@realestate.com","No","","","No","No contactado","111","2","1","76","1200","15","7","Muy alta"
"milanuncios","518162524","Alquiler","Plurifamiliar","Ayora - C/ dels Sants Just i Pastor","46022","Valencia","Valencia","Camins al Grau","Aiora","39.4686218","-0.3447327","7","Particular","","No","Sí","No","No","No","No","No","No","","https://www.milanuncios.com/anuncios/r518162524.htm","2024-07-01","","","No","","","No","No contactado","112","3","1","95","1200","12","1","Muy alta"
"habitaclia","979021","Alquiler","Plurifamiliar","","","Valencia","Valencia","L'Eixample","Russafa","39.4621718786","-0.3757891214","3","Profesional","INVERSIMEDIA","No","Sí","No","No","No","No","No","No","https://images.habimg.com/imgh/08a144c8-3e72-49f1-8a88-b26b8ed0c07fG.jpg","https://www.habitaclia.com/i47624000002671","2024-05-15","631336226","inversimedia@gmail.com","No","Muy bueno","","No","No contactado","113","2","1","66","1400","21","48","Muy alta"
"milanuncios","518162524","Alquiler","Plurifamiliar","Ayora - C/ dels Sants Just i Pastor","46022","Valencia","Valencia","Camins al Grau","Aiora","39.4686218","-0.3447327","7","Particular","","No","Sí","No","No","No","No","No","No","","https://www.milanuncios.com/anuncios/r518162524.htm","2024-07-01","","","No","","","No","No contactado","114","3","1","95","1200","12","1","Muy alta"
"habitaclia","4545474","Alquiler","Plurifamiliar","Arrancapins / Carrer de Jesús","","Valencia","Valencia","Extramurs","Arrancapins","39.4629235","-0.3860538","0","Particular","","No","Sí","No","No","No","No","No","No","https://images.habimg.com/imgh/500-img4545474-457796815G.jpg","https://www.habitaclia.com/i500004545474","2024-01-28","625179967","sam19202@hotmail.com","No","Muy bueno","","No","No contactado","115","1","1","35","1100","31","156","Muy alta"
"habitaclia","I-00L061-W-02W7GV","Alquiler","Plurifamiliar","Piso reformado en El Carmen de corta estancia","","Valencia","Valencia","Ciutat Vella","El Carme","39.4768887865","-0.3780482135","1","Profesional","Engel & Völkers","Sí","Sí","No","No","No","No","No","No","https://images.habimg.com/imgh/13eabaca-b963-4748-961a-56a3c61df365G.jpg","https://www.habitaclia.com/i5953003368996","2024-06-20","963517897","valencia@engelvoelkers.com","No","Muy bueno","","No","No contactado","116","3","2","78","1700","21","12","Muy alta"
"milanuncios","245106111","Alquiler","Unifamiliar","Olivereta","46014","Valencia","Valencia","L'Olivereta","Soternes","39.4723055012","-0.4051398988","1","Particular","","Sí","Sí","No","No","Sí","No","No","No","","https://www.milanuncios.com/anuncios/r245106111.htm","2017-10-04","","","No","","","No","No contactado","117","3","1","75","1","","2463","Muy alta"
"milanuncios","245106111","Alquiler","Unifamiliar","Olivereta","46014","Valencia","Valencia","L'Olivereta","Soternes","39.4723055012","-0.4051398988","1","Particular","","Sí","Sí","No","No","Sí","No","No","No","","https://www.milanuncios.com/anuncios/r245106111.htm","2017-10-04","","","No","","","No","No contactado","118","3","1","75","1","","2463","Muy alta"
"habitaclia","inforavalencia.com","Alquiler","Plurifamiliar","Ramiro Maeztu 40 PISO COMPLETO","","Valencia","Valencia","Camins al Grau","Aiora","39.4670359865","-0.3482317135","0","Profesional","RA VALENCIA","Sí","No","No","No","No","No","No","No","https://images.habimg.com/imgh/0e3c9000-6e02-4b46-bc44-af3ed7e68360G.jpg","https://www.habitaclia.com/i50765000000030","2024-06-25","672087630","ravalencia2018@gmail.com","No","Muy bueno","","No","No contactado","119","3","1","80","1290","16","7","Muy alta"
"milanuncios","518558639","Alquiler","Plurifamiliar","València","46015","Valencia","Valencia","Campanar","Campanar - La Fe","39.4810975208","-0.3942320332","Bajos","Profesional","Spaces Places","Sí","Sí","No","No","No","No","No","No","https://images.habimg.com/imgh/13b9fb84-86e2-4fab-a684-3db9a789f067G.jpg","https://www.milanuncios.com/anuncios/r518558639.htm","2024-07-05","962470857","spacesplaces120d@realestate.com","No","","","No","No contactado","120","2","1","85","1250","14","19","Muy alta"
"habitaclia","BC2230","Alquiler","Plurifamiliar","GRAN VIVIENDA VACIA","","Valencia","Valencia","La Saïdia","Sant Antoni","39.4901879722","-0.3690739278","6","Profesional","BENICASA 2002 SERVICIOS INMOBILIARIOS","Sí","Sí","No","No","No","No","No","No","https://images.habimg.com/imgh/023ec1ef-a954-4249-8dd0-75b52e50bbd2G.jpg","https://www.habitaclia.com/i41070000001527","2024-07-09","963656620","serviciosinmobiliariosbc2002@outlook.es","No","Muy bueno","","No","No contactado","121","3","2","130","1300","10","21","Muy alta"
"milanuncios","518424677","Alquiler","Plurifamiliar","València","46011","Valencia","Valencia","Poblats Marítims","El Cabanyal - El Canyamelar","39.467766095","-0.328409205","","Profesional","Mayor Realty Services  Sociedad Limitada","No","Sí","No","No","No","No","No","No","https://images.habimg.com/imgh/03750f13-3e3f-4b36-a478-84c0925d62aeG.jpg","https://www.milanuncios.com/anuncios/r518424677.htm","2024-07-04","963551699","franciscamayor11b0@realestate.com","No","","","No","No contactado","122","4","2","111","1100","9","1","Muy alta"
"milanuncios","510259031","Alquiler","Unifamiliar","Benicalap - Plaça d''Espanya","46007","Valencia","Valencia","Extramurs","La Roqueta","39.4655757","-0.3814639","4","Particular","","Sí","Sí","No","No","Sí","No","No","No","","https://www.milanuncios.com/anuncios/r510259031.htm","2024-03-31","","","No","","","No","No contactado","123","3","1","80","1","","93","Muy alta"
"milanuncios","517289530","Alquiler","Plurifamiliar","València","46005","Valencia","Valencia","L'Eixample","Russafa","39.4639106012","-0.3625553988","1","Profesional","","No","Sí","No","No","No","No","No","No","https://images.habimg.com/imgh/19186486-4d55-4cf2-bde9-3c8676588a9fG.jpg","https://www.milanuncios.com/anuncios/r517289530.htm","2024-06-19","","","No","","","No","No contactado","124","2","2","88","1500","17","13","Muy alta"
"milanuncios","517733493","Alquiler","Plurifamiliar","València","46022","Valencia","Valencia","Algirós","Ciutat Jardí","39.4759915612","-0.3446299358","","Profesional","Spaces Places","Sí","Sí","No","No","No","No","No","No","https://images.habimg.com/imgh/060f7084-a3dd-42d8-ba76-638f7492cafdG.jpg","https://www.milanuncios.com/anuncios/r517733493.htm","2024-06-26","962470278","spacesplaces120d@realestate.com","No","","","No","No contactado","125","1","1","61","1000","16","6","Muy alta"
"milanuncios","510259031","Alquiler","Unifamiliar","Benicalap - Plaça d''Espanya","46007","Valencia","Valencia","Extramurs","La Roqueta","39.4655757","-0.3814639","4","Particular","","Sí","Sí","No","No","Sí","No","No","No","","https://www.milanuncios.com/anuncios/r510259031.htm","2024-03-31","","","No","","","No","No contactado","126","3","1","80","1","","93","Muy alta"
"habitaclia","466849","Alquiler","Plurifamiliar","","","Valencia","Valencia","Camins al Grau","La Creu del Grau","39.4604991865","-0.3467513135","0","Profesional","Uniplaces","Sí","Sí","No","No","No","No","No","No","https://images.habimg.com/imgh/175f7305-7963-4a43-a05f-442b485066dcG.jpg","https://www.habitaclia.com/i50824000000551","2024-05-06","691111788","sofia.fonseca@uniplaces.com","No","Muy bueno","","No","No contactado","127","2","1","75","1300","17","57","Muy alta"
"habitaclia","466849","Alquiler","Plurifamiliar","","","Valencia","Valencia","Camins al Grau","La Creu del Grau","39.4604991865","-0.3467513135","0","Profesional","Uniplaces","Sí","Sí","No","No","No","No","No","No","https://images.habimg.com/imgh/175f7305-7963-4a43-a05f-442b485066dcG.jpg","https://www.habitaclia.com/i50824000000551","2024-05-06","691111788","sofia.fonseca@uniplaces.com","No","Muy bueno","","No","No contactado","128","2","1","75","1300","17","57","Muy alta"
"milanuncios","517289530","Alquiler","Plurifamiliar","València","46005","Valencia","Valencia","L'Eixample","Russafa","39.4620270118","-0.3644389882","1","Profesional","INMOBILIARIA PIQUER","No","Sí","No","No","No","No","No","No","https://images.habimg.com/imgh/19186486-4d55-4cf2-bde9-3c8676588a9fG.jpg","https://www.milanuncios.com/anuncios/r517289530.htm","2024-06-19","962470937","inmobiliariapiquer4531@realestate.com","No","","","No","No contactado","129","2","2","88","1500","17","35","Muy alta"
"milanuncios","518609552","Alquiler","Plurifamiliar","València","46022","Valencia","Valencia","Algirós","L'Illa Perduda","39.4697879744","-0.3409669256","","Profesional","M  JOSEFA MARTIN DEL ARCO","Sí","Sí","No","No","No","No","No","No","https://images.habimg.com/imgh/05896b1d-ba06-4888-8cd3-3331e6c8da0cG.jpg","https://www.milanuncios.com/anuncios/r518609552.htm","2024-07-06","923118167","argimiromartina2d7@realestate.com","No","","","No","No contactado","130","1","1","45","400","8","1","Muy alta"
"milanuncios","519026691","Alquiler","Unifamiliar","Cabañal - Av. de les Corts Valencianes","46015","Valencia","Valencia","Campanar","Sant Pau - Zona Palau de Congresos - Nou Campanar","39.489857","-0.3991218","Bajos","Particular","","Sí","No","No","No","No","No","No","No","","https://www.milanuncios.com/anuncios/r519026691.htm","2024-07-10","","","No","","","No","No contactado","131","1","1","50","1300","26","7","Muy alta"
"habitaclia","58461485","Alquiler","Plurifamiliar","","","Valencia","Valencia","Algirós","Ciutat Jardí","39.4718221786","-0.3456105214","0","Profesional","LIVE 4 LIFE","Sí","Sí","No","No","No","No","No","No","https://images.habimg.com/imgh/0214c22f-ffc9-4c7f-9233-b9be6ef3684dG.jpg","https://www.habitaclia.com/i28825000009254","2024-05-30","637692405","administracion@l4l.es","No","Muy bueno","","No","No contactado","132","4","2","100","1600","16","33","Muy alta"
"habitaclia","AAAES-03","Alquiler","Plurifamiliar","","","Valencia","Valencia","Algirós","La Carrasca","39.4777629","-0.3464906","0","Profesional","KEYOK","Sí","Sí","No","No","No","No","No","No","https://images.habimg.com/imgh/0184976d-43a1-4742-833f-595c1ff0e4b8G.jpg","https://www.habitaclia.com/i17645000000891","2024-06-30","916353481","info@keyok.es","No","Muy bueno","","No","No contactado","133","1","1","45","400","8","1","Muy alta"
"milanuncios","512084642","Alquiler","Plurifamiliar","València","46003","Valencia","Valencia","Ciutat Vella","La Xerea","39.4759083012","-0.3684274988","5","Profesional","PRINCESA INMOBILIARIA","Sí","Sí","No","No","No","No","No","No","https://images.habimg.com/imgh/16e10207-710f-4640-994b-380c04be15cdG.jpg","https://www.milanuncios.com/anuncios/r512084642.htm","2024-04-26","960963418","princesainmobiliariaaaaa@realestate.com","No","","","No","No contactado","134","3","1","100","1700","17","67","Muy alta"
"milanuncios","517733493","Alquiler","Plurifamiliar","València","46022","Valencia","Valencia","Algirós","Ciutat Jardí","39.4759915612","-0.3446299358","","Profesional","Spaces Places","Sí","Sí","No","No","No","No","No","No","https://images.habimg.com/imgh/060f7084-a3dd-42d8-ba76-638f7492cafdG.jpg","https://www.milanuncios.com/anuncios/r517733493.htm","2024-06-26","962470278","spacesplaces120d@realestate.com","No","","","No","No contactado","135","1","1","61","1000","16","6","Muy alta"
"milanuncios","517289530","Alquiler","Plurifamiliar","València","46005","Valencia","Valencia","L'Eixample","Russafa","39.4639106012","-0.3625553988","1","Profesional","","No","Sí","No","No","No","No","No","No","https://images.habimg.com/imgh/19186486-4d55-4cf2-bde9-3c8676588a9fG.jpg","https://www.milanuncios.com/anuncios/r517289530.htm","2024-06-19","","","No","","","No","No contactado","136","2","2","88","1500","17","13","Muy alta"
"habitaclia","I-00L0ID-W-02W8YV","Alquiler","Plurifamiliar","Ático en Angel Guimerá para corta estancia","","Valencia","Valencia","Extramurs","Zona Botánico","39.473017326","-0.386451674","7","Profesional","Engel & Völkers","Sí","Sí","No","No","No","No","No","No","https://images.habimg.com/imgh/003efc23-3dc3-4607-848c-ad7a2966496bG.jpg","https://www.habitaclia.com/i5953003369089","2024-07-02","963517897","valencia@engelvoelkers.com","No","Muy bueno","","No","No contactado","137","2","2","96","1500","15","24","Muy alta"
"habitaclia","4545474","Alquiler","Plurifamiliar","Arrancapins / Carrer de Jesús","","Valencia","Valencia","Extramurs","Arrancapins","39.4629235","-0.3860538","0","Particular","","No","Sí","No","No","No","No","No","No","https://images.habimg.com/imgh/500-img4545474-457796815G.jpg","https://www.habitaclia.com/i500004545474","2024-01-28","625179967","sam19202@hotmail.com","No","Muy bueno","","No","No contactado","138","1","1","35","1100","31","156","Muy alta"
"habitaclia","979021","Alquiler","Plurifamiliar","","","Valencia","Valencia","L'Eixample","Russafa","39.4621718786","-0.3757891214","3","Profesional","INVERSIMEDIA","No","Sí","No","No","No","No","No","No","https://images.habimg.com/imgh/08a144c8-3e72-49f1-8a88-b26b8ed0c07fG.jpg","https://www.habitaclia.com/i47624000002671","2024-05-15","631336226","inversimedia@gmail.com","No","Muy bueno","","No","No contactado","139","2","1","66","1400","21","48","Muy alta"
"habitaclia","1824","Alquiler","Plurifamiliar","","","Valencia","Valencia","La Saïdia","Trinitat","39.4856573544","-0.3680364456","0","Profesional","ALAMEDA 10DT","Sí","No","No","No","No","No","No","No","https://images.habimg.com/imgh/117c312e-a83d-4cf5-bea8-43e17b0615aaG.jpg","https://www.habitaclia.com/i43366000000851","2024-07-02","690062272","info@alameda10dt.com","No","Muy bueno","","No","No contactado","140","3","1","85","1300","15","8","Muy alta"
"milanuncios","517349925","Alquiler","Plurifamiliar","València","46011","Valencia","Valencia","Poblats Marítims","El Cabanyal - El Canyamelar","39.4648815744","-0.3284930256","","Profesional","Yourentaflat S L","Sí","Sí","No","No","No","No","No","No","https://images.habimg.com/imgh/16182b8b-ba49-4f57-b611-c40a4701e430G.jpg","https://www.milanuncios.com/anuncios/r517349925.htm","2024-06-20","962949801","live4life7722@realestate.com","No","","","No","No contactado","141","2","1","100","1200","12","17","Muy alta"
"habitaclia","0019OS","Alquiler","Plurifamiliar","Alquiler de Piso en avenida dAragó","","Valencia","Valencia","El Pla del Real","Mestalla","39.4725733127","-0.3570679093","4","Profesional","Spaces&Places","Sí","Sí","Sí","No","No","No","No","No","https://images.habimg.com/imgh/20c1b74d-4f3d-49cd-b83f-f5e65b4f219cG.jpg","https://www.habitaclia.com/i47584000000336","2024-06-20","635919795","info@spacesplaces.es","No","Muy bueno","","No","No contactado","142","3","2","101","1640","16","27","Muy alta"
"habitaclia","inforavalencia.com","Alquiler","Plurifamiliar","Ramiro Maeztu 40 PISO COMPLETO","","Valencia","Valencia","Camins al Grau","Aiora","39.4670359865","-0.3482317135","0","Profesional","RA VALENCIA","Sí","No","No","No","No","No","No","No","https://images.habimg.com/imgh/0e3c9000-6e02-4b46-bc44-af3ed7e68360G.jpg","https://www.habitaclia.com/i50765000000030","2024-06-25","672087630","ravalencia2018@gmail.com","No","Muy bueno","","No","No contactado","143","3","1","80","1290","16","7","Muy alta"
"milanuncios","512836380","Alquiler","Plurifamiliar","València","46023","Valencia","Valencia","Camins al Grau","Penya - Roja - Avda. Francia","39.4611339679","-0.3479875321","7","Profesional","COSTA MAR REAL ESTATE","Sí","Sí","No","No","No","No","No","No","https://images.habimg.com/imgh/11067869-ee1f-4488-a847-5d6e705772e4G.jpg","https://www.milanuncios.com/anuncios/r512836380.htm","2024-05-06","961287095","costamarrealestate083c@realestate.com","No","","","No","No contactado","144","3","2","130","1745","13","67","Muy alta"
"milanuncios","519585646","Alquiler","Plurifamiliar","València","46025","Valencia","Valencia","Rascanya","Torrefiel","39.4927195019","-0.3802057607","3","Profesional","Pawel Tadeusz Barglik","Sí","Sí","No","Sí","No","No","No","No","https://images.habimg.com/imgh/06a06467-1dbe-42b4-a09b-605ee3460980G.jpg","https://www.milanuncios.com/anuncios/r519585646.htm","2024-07-16","962947856","arrelsvalencia7eea@realestate.com","No","","","No","No contactado","145","3","2","97","1210","12","2","Muy alta"
"milanuncios","520200857","Alquiler","Plurifamiliar","València","46010","Valencia","Valencia","El Pla del Real","Ciutat Universitària","39.4771791614","-0.3585829386","7","Profesional","VICENTE GARCÍA  JOSE ANGEL","Sí","Sí","No","No","No","No","No","No","https://images.habimg.com/imgh/153e9b39-b1d2-4823-b6fe-a7bb1905deadG.jpg","https://www.milanuncios.com/anuncios/r520200857.htm","2024-07-22","961281558","alameda10dt69e2@realestate.com","No","","","No","No contactado","146","4","3","180","1700","9","3","Muy alta"
"habitaclia","I-00L061-W-02W7GV","Alquiler","Plurifamiliar","Piso reformado en El Carmen de corta estancia","","Valencia","Valencia","Ciutat Vella","El Carme","39.4768887865","-0.3780482135","1","Profesional","Engel & Völkers","Sí","Sí","No","No","No","No","No","No","https://images.habimg.com/imgh/13eabaca-b963-4748-961a-56a3c61df365G.jpg","https://www.habitaclia.com/i5953003368996","2024-06-20","963517897","valencia@engelvoelkers.com","No","Muy bueno","","No","No contactado","147","3","2","78","1700","21","12","Muy alta"
"habitaclia","a539asaler2","Alquiler","Plurifamiliar","Piso en alquiler Temporal en Edificio a estrenar","","Valencia","Valencia","Quatre Carreres","Na Rovella - Hermanos Maristas","39.4486691078","-0.3669706655","0","Profesional","ARQT VALENCIA","Sí","Sí","No","No","No","Sí","No","No","https://images.habimg.com/imgh/00e09321-631b-419c-ba7e-252642ee53fdG.jpg","https://www.habitaclia.com/i9904000000378","2024-06-14","960.616.963","jgil@arqtvalencia.es","No","Muy bueno","","No","No contactado","148","1","2","80","2000","25","18","Muy alta"
"milanuncios","512836380","Alquiler","Plurifamiliar","València","46023","Valencia","Valencia","Camins al Grau","Penya - Roja - Avda. Francia","39.4618863012","-0.3472351988","7","Profesional","COSTA MAR REAL ESTATE","Sí","Sí","No","No","No","No","No","No","https://images.habimg.com/imgh/11067869-ee1f-4488-a847-5d6e705772e4G.jpg","https://www.milanuncios.com/anuncios/r512836380.htm","2024-05-06","961287095","costamarrealestate083c@realestate.com","No","","","No","No contactado","149","3","2","130","1745","13","57","Muy alta"
"habitaclia","58461485","Alquiler","Plurifamiliar","","","Valencia","Valencia","Algirós","Ciutat Jardí","39.4718221786","-0.3456105214","0","Profesional","LIVE 4 LIFE","Sí","Sí","No","No","No","No","No","No","https://images.habimg.com/imgh/0214c22f-ffc9-4c7f-9233-b9be6ef3684dG.jpg","https://www.habitaclia.com/i28825000009254","2024-05-30","637692405","administracion@l4l.es","No","Muy bueno","","No","No contactado","150","4","2","100","1600","16","33","Muy alta"
"habitaclia","00764-G","Alquiler","Plurifamiliar","Ref 00764 Se ALQUILA vivienda 2 habitaciones y un baño en Avda. Peris y Valero, con ascensor.","","Valencia","Valencia","Quatre Carreres","Mont-Olivet","39.4620692371","-0.3632166545","3","Profesional","TOTAL HABITAT","Sí","Sí","No","No","No","No","No","No","https://images.habimg.com/imgh/0e5cc3bf-e489-49ed-845d-505a5e86660aG.jpg","https://www.habitaclia.com/i51197000000119","2024-06-29","961046750","gestion@totalhabitat.es","No","Muy bueno","","No","No contactado","151","2","1","76","1200","15","7","Muy alta"
"habitaclia","a539asaler2","Alquiler","Plurifamiliar","Piso en alquiler Temporal en Edificio a estrenar","","Valencia","Valencia","Quatre Carreres","Na Rovella - Hermanos Maristas","39.4486691078","-0.3669706655","0","Profesional","ARQT VALENCIA","Sí","Sí","No","No","No","Sí","No","No","https://images.habimg.com/imgh/00e09321-631b-419c-ba7e-252642ee53fdG.jpg","https://www.habitaclia.com/i9904000000378","2024-06-14","960.616.963","jgil@arqtvalencia.es","No","Muy bueno","","No","No contactado","152","1","2","80","2000","25","18","Muy alta"
"habitaclia","00764-G","Alquiler","Plurifamiliar","Ref 00764 Se ALQUILA vivienda 2 habitaciones y un baño en Avda. Peris y Valero, con ascensor.","","Valencia","Valencia","Quatre Carreres","Mont-Olivet","39.4616490654","-0.3636368262","3","Profesional","TOTAL HABITAT","Sí","Sí","No","No","No","No","No","No","https://images.habimg.com/imgh/0e5cc3bf-e489-49ed-845d-505a5e86660aG.jpg","https://www.habitaclia.com/i51197000000119","2024-06-29","961046750","gestion@totalhabitat.es","No","Muy bueno","","No","No contactado","153","2","1","76","1200","15","3","Muy alta"
"milanuncios","519729950","Alquiler","Plurifamiliar","València","46021","Valencia","Valencia","El Pla del Real","Mestalla","39.4722004563","-0.3542938437","","Profesional","RUBIO Y ASOCIADOS INMOBILIARIA","No","Sí","No","No","No","No","No","No","https://images.habimg.com/imgh/11e0fc28-c0bf-4fd8-9297-ca4e73d0c618G.jpg","https://www.milanuncios.com/anuncios/r519729950.htm","2024-07-17","962647591","rubioyasociadosinmobiliariaa333@realestate.com","No","","","No","No contactado","154","4","2","109","1400","12","5","Muy alta"
"milanuncios","519803055","Alquiler","Plurifamiliar","València","46008","Valencia","Valencia","Extramurs","La Petxina","39.4755926886","-0.3886595114","5","Profesional","Nestar Homes 2","No","Sí","No","Sí","No","No","No","No","https://images.habimg.com/imgh/0ca94481-26ce-4317-96b5-b883e6bc85d3G.jpg","https://www.milanuncios.com/anuncios/r519803055.htm","2024-07-17","910889988","nestarhomesa633@realestate.com","No","","","No","No contactado","155","3","2","80","979","12","2","Muy alta"
"milanuncios","518600556","Alquiler","Plurifamiliar","València","46019","Valencia","Valencia","Rascanya","Orriols","39.4983845173","-0.3692732344","1","Profesional","Nouval Inmo Sl","Sí","Sí","No","No","No","No","Sí","No","https://images.habimg.com/imgh/066179e1-651e-41fe-b7dc-25e93e4871a6G.jpg","https://www.milanuncios.com/anuncios/r518600556.htm","2024-07-06","962949176","nouvalinmobiliariafb74@realestate.com","No","","","No","No contactado","156","3","1","72","900","12","2","Muy alta"
"milanuncios","519177575","Alquiler","Plurifamiliar","València","46014","Valencia","Valencia","Patraix","Vara de Quart","39.4633813679","-0.4012061321","2","Profesional","PLA FLORES  FRANCISCO JAVIER","No","Sí","No","No","No","No","No","No","https://images.habimg.com/imgh/01ef1e55-8948-4a05-8de8-f69b356cdf11G.jpg","https://www.milanuncios.com/anuncios/r519177575.htm","2024-07-11","962645537","javierplagestorinmobiliariod821@realestate.com","No","","","No","No contactado","157","4","2","95","900","9","1","Muy alta"
"milanuncios","518155260","Alquiler","Plurifamiliar","València","46019","Valencia","Valencia","Rascanya","Orriols","39.4962433628","-0.3702657639","6","Profesional","EXPANSION 2006 Sl","Sí","Sí","No","No","No","No","No","No","","https://www.milanuncios.com/anuncios/r518155260.htm","2024-07-01","962645217","grupohogaresinmobiliarias347f@realestate.com","No","","","No","No contactado","158","2","1","58","850","14","1","Muy alta"
"milanuncios","517988100","Alquiler","Plurifamiliar","Cabañal - Carrer de Nicolau de Montsoriu","46011","Valencia","Valencia","Poblats Marítims","El Cabanyal - El Canyamelar","39.473864","-0.3308651","3","Particular","","No","No","No","No","Sí","No","No","No","","https://www.milanuncios.com/anuncios/r517988100.htm","2024-06-28","","","No","","","No","No contactado","159","2","1","60","899","14","4","Muy alta"
"milanuncios","520138862","Alquiler","Plurifamiliar","València","46004","Valencia","Valencia","L'Eixample","El Pla del Remei","39.4705106454","-0.3697473546","","Profesional","COSTA DORADA INMOBILIARIA","No","Sí","No","No","No","No","No","No","https://images.habimg.com/imgh/15608be9-9a04-49d0-9236-70ff06e471cbG.jpg","https://www.milanuncios.com/anuncios/r520138862.htm","2024-07-20","977394853","costadoradainmobiliariabb3d@realestate.com","No","","","No","No contactado","160","1","1","45","370","8","1","Muy alta"
"milanuncios","517451276","Alquiler","Plurifamiliar","València","46009","Valencia","Valencia","La Saïdia","Sant Antoni","39.4884778132","-0.3740102465","","Profesional","Finaer","No","Sí","No","Sí","No","No","No","No","https://images.habimg.com/imgh/1c3b062d-39c1-4a1d-a2cb-6016a914f22bG.jpg","https://www.milanuncios.com/anuncios/r517451276.htm","2024-06-21","696587039","inmobiliariascongarantiafinaere6e5@realestate.com","No","","","No","No contactado","161","3","2","120","1200","10","11","Muy alta"
"milanuncios","518155260","Alquiler","Plurifamiliar","València","46019","Valencia","Valencia","Rascanya","Orriols","39.4962433628","-0.3702657639","6","Profesional","EXPANSION 2006 Sl","Sí","Sí","No","No","No","No","No","No","","https://www.milanuncios.com/anuncios/r518155260.htm","2024-07-01","962645217","grupohogaresinmobiliarias347f@realestate.com","No","","","No","No contactado","162","2","1","58","850","14","1","Muy alta"
"milanuncios","517988100","Alquiler","Plurifamiliar","Cabañal - Carrer de Nicolau de Montsoriu","46011","Valencia","Valencia","Poblats Marítims","El Cabanyal - El Canyamelar","39.473864","-0.3308651","3","Particular","","No","No","No","No","Sí","No","No","No","","https://www.milanuncios.com/anuncios/r517988100.htm","2024-06-28","","","No","","","No","No contactado","163","2","1","60","899","14","4","Muy alta"
"milanuncios","518654173","Alquiler","Plurifamiliar","València","46022","Valencia","Valencia","Algirós","L'Illa Perduda","39.469997868","-0.340757032","","Profesional","ÀTIC GESTIÓ DE PATRIMONIS","Sí","Sí","No","No","No","No","No","No","https://images.habimg.com/imgh/0e49b04f-a1ae-4f78-a0bd-96495e2cb9b3G.jpg","https://www.milanuncios.com/anuncios/r518654173.htm","2024-07-07","931334195","aticgestiodepatrimoniseb51@realestate.com","No","","","No","No contactado","164","2","2","69","465","6","1","Muy alta"
"milanuncios","517451276","Alquiler","Plurifamiliar","València","46009","Valencia","Valencia","La Saïdia","Sant Antoni","39.4884778132","-0.3740102465","","Profesional","Finaer","No","Sí","No","Sí","No","No","No","No","https://images.habimg.com/imgh/1c3b062d-39c1-4a1d-a2cb-6016a914f22bG.jpg","https://www.milanuncios.com/anuncios/r517451276.htm","2024-06-21","696587039","inmobiliariascongarantiafinaere6e5@realestate.com","No","","","No","No contactado","165","3","2","120","1200","10","11","Muy alta"
"milanuncios","517730081","Alquiler","Plurifamiliar","València","46015","Valencia","Valencia","Campanar","Sant Pau - Zona Palau de Congresos - Nou Campanar","39.4748381943","-0.4035808057","8","Profesional","MIGUEL PASCUAL CASA","Sí","Sí","No","Sí","No","No","Sí","No","https://images.habimg.com/imgh/01160b2d-6d3b-4fe1-972b-30611ff424d4G.jpg","https://www.milanuncios.com/anuncios/r517730081.htm","2024-06-26","960968071","benicasa2002serviciosinmobiliard23d@realestate.com","No","","","No","No contactado","166","3","2","127","1400","11","34","Muy alta"
"milanuncios","520477782","Alquiler","Plurifamiliar","València","46008","Valencia","Valencia","Extramurs","La Petxina","39.4733985578","-0.3904929884","4","Profesional","PANACEA HOUSE SOCIEDAD DE RESPONSABILIDAD LIMITADA","Sí","Sí","No","No","No","No","No","No","https://images.habimg.com/imgh/0501e5a0-fa77-43f6-8716-2c3465add7b5G.jpg","https://www.milanuncios.com/anuncios/r520477782.htm","2024-07-25","961286182","kasabiba1d7d@realestate.com","No","","","No","No contactado","167","1","1","70","950","13","5","Muy alta"
"milanuncios","520682857","Alquiler","Plurifamiliar","València","46015","Valencia","Valencia","Campanar","El Calvari - La Fe","39.4863577365","-0.3920564269","4","Profesional","SERVICIVICA  S L","No","Sí","No","No","No","No","No","No","https://images.habimg.com/imgh/1d4fbe4a-7d1c-427c-bad3-c0d646005f65G.jpg","https://www.milanuncios.com/anuncios/r520682857.htm","2024-07-29","962945089","habitalemoncada2701@realestate.com","No","","","No","No contactado","168","2","1","51","750","14","1","Muy alta"
"milanuncios","519895067","Alquiler","Plurifamiliar","València","46021","Valencia","Valencia","Algirós","L'Amistat","39.4723147943","-0.3522200057","","Profesional","IPISOS","No","Sí","No","No","No","No","No","No","https://images.habimg.com/imgh/0a9653c1-23a7-4f10-8ffa-7aa78a0d16ffG.jpg","https://www.milanuncios.com/anuncios/r519895067.htm","2024-07-18","962949187","ipisosb78b@realestate.com","No","","","No","No contactado","169","4","2","110","1600","14","12","Muy alta"
"milanuncios","520476959","Alquiler","Plurifamiliar","Valencia","46026","Valencia","Valencia","Quatre Carreres","Malilla","39.4493892003","-0.3735238127","","Profesional","Spaces Places","Sí","Sí","No","No","No","No","No","No","https://images.habimg.com/imgh/00597a1b-3112-453e-901b-51f212f96d63G.jpg","https://www.milanuncios.com/anuncios/r520476959.htm","2024-07-25","962470857","spacesplaces120d@realestate.com","No","","","No","No contactado","170","3","2","90","1200","13","5","Muy alta"
"milanuncios","245106111","Alquiler","Unifamiliar","Olivereta","46014","Valencia","Valencia","L'Olivereta","Soternes","39.4697681943","-0.4076772057","1","Particular","","Sí","Sí","No","No","Sí","No","No","No","","https://www.milanuncios.com/anuncios/r245106111.htm","2017-10-04","","","No","","","No","No contactado","171","3","1","75","1","","2491","Muy alta"
"milanuncios","414901966","Alquiler","Unifamiliar","Gaspar Aguilar - Calle Santander","46017","Valencia","valencia","Jesús","L'Hort de Senabre","39.4543474","-0.3896901","5","Particular","","Sí","Sí","Sí","No","Sí","No","No","No","","https://www.milanuncios.com/anuncios/r414901966.htm","2021-08-14","","","No","","","No","No contactado","172","2","2","34","45","1","1081","Muy alta"
"milanuncios","517564492","Alquiler","Plurifamiliar","València","46020","Valencia","Valencia","Benimaclet","Barrio de Benimaclet","39.4871570012","-0.3521190988","3","Profesional","TEMPOCASA ZAIDÍA","Sí","Sí","No","No","No","No","No","No","https://images.habimg.com/imgh/026cd65e-49e2-4efc-a0aa-a1c01a0075baG.jpg","https://www.milanuncios.com/anuncios/r517564492.htm","2024-06-24","961280962","tempocasazaidia3bde@realestate.com","No","","","No","No contactado","173","2","2","85","1200","14","8","Muy alta"
"milanuncios","517396666","Alquiler","Plurifamiliar","València","46017","Valencia","Valencia","Jesús","Sant Marcel.lí","39.4434431244","-0.3931549998","","Profesional","Cosmohabitat Gestion Patrimonial Y Servicios Inmob","No","No","No","No","No","No","No","No","https://images.habimg.com/imgh/048b47c9-b4e9-45f8-a713-0230a0e995c7G.jpg","https://www.milanuncios.com/anuncios/r517396666.htm","2024-06-21","962948627","cosmohabitatd8ed@realestate.com","No","","","No","No contactado","174","3","1","75","865","11","19","Muy alta"
"milanuncios","414901966","Alquiler","Unifamiliar","Gaspar Aguilar - Calle Santander","46017","Valencia","valencia","Jesús","L'Hort de Senabre","39.4543474","-0.3896901","5","Particular","","Sí","Sí","Sí","No","Sí","No","No","No","","https://www.milanuncios.com/anuncios/r414901966.htm","2021-08-14","","","No","","","No","No contactado","175","2","2","34","45","1","1053","Muy alta"
"milanuncios","414901966","Alquiler","Unifamiliar","Gaspar Aguilar - Calle Santander","46017","Valencia","valencia","Jesús","L'Hort de Senabre","39.4543474","-0.3896901","5","Particular","","Sí","Sí","Sí","No","Sí","No","No","No","","https://www.milanuncios.com/anuncios/r414901966.htm","2021-08-14","","","No","","","No","No contactado","176","2","2","34","45","1","1053","Muy alta"
"milanuncios","518069376","Alquiler","Unifamiliar","En Corts - C/ de la Fonteta de Sant Llu","46006","Valencia","Valencia","Quatre Carreres","En Corts - Doctor Waksman","39.455356","-0.3717377","Bajos","Particular","","Sí","No","No","No","No","No","No","No","","https://www.milanuncios.com/anuncios/r518069376.htm","2024-06-30","","","No","","","No","No contactado","177","2","1","62","110","1","2","Muy alta"
"milanuncios","520407996","Alquiler","Unifamiliar","El Carmen - C/ d''en Sala","46002","Valencia","Valencia","Ciutat Vella","La Xerea","39.4731788635","-0.3736799955","2","Particular","","Sí","Sí","Sí","No","Sí","No","No","No","","https://www.milanuncios.com/anuncios/r520407996.htm","2024-07-24","","","No","","","No","No contactado","178","2","1","90","90","1","3","Muy alta"
"milanuncios","517564492","Alquiler","Plurifamiliar","València","46020","Valencia","Valencia","Benimaclet","Barrio de Benimaclet","39.4871570012","-0.3521190988","3","Profesional","TEMPOCASA ZAIDÍA","Sí","Sí","No","No","No","No","No","No","https://images.habimg.com/imgh/026cd65e-49e2-4efc-a0aa-a1c01a0075baG.jpg","https://www.milanuncios.com/anuncios/r517564492.htm","2024-06-24","961280962","tempocasazaidia3bde@realestate.com","No","","","No","No contactado","179","2","2","85","1200","14","8","Muy alta"
"milanuncios","518069376","Alquiler","Unifamiliar","En Corts - C/ de la Fonteta de Sant Llu","46006","Valencia","Valencia","Quatre Carreres","En Corts - Doctor Waksman","39.455356","-0.3717377","Bajos","Particular","","Sí","No","No","No","No","No","No","No","","https://www.milanuncios.com/anuncios/r518069376.htm","2024-06-30","","","No","","","No","No contactado","180","2","1","62","110","1","2","Muy alta"
"habitaclia","I-00KZYO-W-02W5DQ","Alquiler","Plurifamiliar","Coqueto piso en el Carme","","Valencia","Valencia","Ciutat Vella","El Carme","39.4762947865","-0.3806722135","3","Profesional","Engel & Völkers","Sí","Sí","No","No","No","No","No","No","https://images.habimg.com/imgh/3826ede4-e597-494a-b0be-d03ac21ef400G.jpg","https://www.habitaclia.com/i5953003368943","2024-06-14","963517897","valencia@engelvoelkers.com","No","Muy bueno","","No","No contactado","181","1","1","55","1250","22","18","Muy alta"
"habitaclia","548CA","Alquiler","Plurifamiliar","DISPONIBLE AGOSTO. Maravillosa vivienda totalmente reformada y amueblada","","Valencia","Valencia","Algirós","Ciutat Jardí","39.4698439697","-0.3477086303","0","Profesional","RUBIO Y ASOCIADOS INMOBILIARIA","Sí","Sí","No","No","No","No","No","No","https://images.habimg.com/imgh/07bc5196-5ff9-4803-82ba-c0ef2728d979G.jpg","https://www.habitaclia.com/i18046003102226","2024-07-11","960217106","campoamor@rubioyasociados.com","No","Muy bueno","","No","No contactado","182","4","2","115","1600","13","6","Muy alta"
"milanuncios","519356367","Alquiler","Plurifamiliar","València","46017","Valencia","Valencia","Jesús","L'Hort de Senabre","39.4564963937","-0.3896807594","5","Profesional","TOTAL HABITAT","No","Sí","No","No","No","No","No","No","https://images.habimg.com/imgh/12004a2f-2df2-435a-a1f0-a5c853d71f0aG.jpg","https://www.milanuncios.com/anuncios/r519356367.htm","2024-07-13","961046750","totalhabitat3788@realestate.com","No","","","No","No contactado","183","3","2","88","1100","12","7","Muy alta"
"milanuncios","519521287","Alquiler","Plurifamiliar","València","46018","Valencia","Valencia","Patraix","Barrio de Patraix","39.4661215604","-0.3910460396","","Profesional","CASSEA","No","Sí","No","No","No","No","No","No","https://images.habimg.com/imgh/043979e7-7b40-4745-8ef9-cb208a800335G.jpg","https://www.milanuncios.com/anuncios/r519521287.htm","2024-07-15","652100071","casseainmobiliariaed5a@realestate.com","No","","","No","No contactado","184","3","2","91","1150","12","8","Muy alta"
"milanuncios","517641460","Alquiler","Plurifamiliar","València","46022","Valencia","Valencia","Camins al Grau","Aiora","39.4704388012","-0.3465180988","","Profesional","","Sí","No","No","No","No","No","No","No","https://images.habimg.com/imgh/0ca8fb3a-01a2-4efc-9cb7-d42108e384d0G.jpg","https://www.milanuncios.com/anuncios/r517641460.htm","2024-06-25","","","No","","","No","No contactado","185","4","1","80","1330","16","7","Muy alta"
"milanuncios","518130462","Alquiler","Plurifamiliar","València","46013","Valencia","Valencia","Quatre Carreres","Fonteta de Sant Lluís","39.4452236012","-0.3641389988","3","Profesional","Alquila Tu Hogar","No","Sí","No","No","No","No","No","No","","https://www.milanuncios.com/anuncios/r518130462.htm","2024-07-01","910925087","alquilatuhogard90a@realestate.com","No","","","No","No contactado","186","3","1","77","930","12","1","Muy alta"
"milanuncios","518072862","Alquiler","Unifamiliar","Hospital General - Av. del Cid","46014","Valencia","Valencia","L'Olivereta","Soternes","39.470146","-0.4127022","1","Particular","","No","No","No","No","No","No","No","No","","https://www.milanuncios.com/anuncios/r518072862.htm","2024-06-30","","","No","","","No","No contactado","187","3","1","20","1","","2","Muy alta"
"habitaclia","4552582","Alquiler","Plurifamiliar","Precioso loft","46018","Valencia","Valencia","Extramurs","La Petxina","39.4700019","-0.3894957","4","Particular","","Sí","No","No","No","No","No","No","No","https://images.habimg.com/imgh/500-img4552582-467858849G.jpg","https://www.habitaclia.com/i500004552582","2024-02-29","641519274","pepacalvete@hotmail.com","No","Muy bueno","","No","No contactado","188","1","1","55","1000","18","124","Muy alta"
"milanuncios","515415322","Alquiler","Plurifamiliar","València","46003","Valencia","Valencia","Ciutat Vella","La Xerea","39.477540137","-0.371346863","","Profesional","INVERSIONES MAUPOEY","Sí","Sí","No","No","No","No","No","No","https://images.habimg.com/imgh/00fec071-eb1a-4d33-ac26-22e3f29b498cG.jpg","https://www.milanuncios.com/anuncios/r515415322.htm","2024-06-03","962948305","inlevalbdbe@realestate.com","No","","","No","No contactado","189","1","1","60","1200","20","28","Muy alta"
"habitaclia","4552582","Alquiler","Plurifamiliar","Precioso loft","46018","Valencia","Valencia","Extramurs","La Petxina","39.4700019","-0.3894957","4","Particular","","Sí","No","No","No","No","No","No","No","https://images.habimg.com/imgh/500-img4552582-467858849G.jpg","https://www.habitaclia.com/i500004552582","2024-02-29","641519274","pepacalvete@hotmail.com","No","Muy bueno","","No","No contactado","190","1","1","55","1000","18","124","Muy alta"
"milanuncios","517641460","Alquiler","Plurifamiliar","València","46022","Valencia","Valencia","Camins al Grau","Aiora","39.4704388012","-0.3465180988","","Profesional","","Sí","No","No","No","No","No","No","No","https://images.habimg.com/imgh/0ca8fb3a-01a2-4efc-9cb7-d42108e384d0G.jpg","https://www.milanuncios.com/anuncios/r517641460.htm","2024-06-25","","","No","","","No","No contactado","191","4","1","80","1330","16","7","Muy alta"
"milanuncios","518072862","Alquiler","Unifamiliar","Hospital General - Av. del Cid","46014","Valencia","Valencia","L'Olivereta","Soternes","39.470146","-0.4127022","1","Particular","","No","No","No","No","No","No","No","No","","https://www.milanuncios.com/anuncios/r518072862.htm","2024-06-30","","","No","","","No","No contactado","192","3","1","20","1","","2","Muy alta"
"milanuncios","519404610","Alquiler","Plurifamiliar","València","46022","Valencia","Valencia","Algirós","L'Illa Perduda","39.4668665937","-0.3438883063","","Profesional","CASAMIFAR SOCIEDAD LIMITADA","Sí","Sí","No","No","No","No","No","No","https://images.habimg.com/imgh/153143b6-6429-4862-8e5f-ba14eaf0d65cG.jpg","https://www.milanuncios.com/anuncios/r519404610.htm","2024-07-13","958928494","casamifarf379@realestate.com","No","","","No","No contactado","193","2","2","70","500","7","1","Muy alta"
"habitaclia","I-00KZYO-W-02W5DQ","Alquiler","Plurifamiliar","Coqueto piso en el Carme","","Valencia","Valencia","Ciutat Vella","El Carme","39.4762947865","-0.3806722135","3","Profesional","Engel & Völkers","Sí","Sí","No","No","No","No","No","No","https://images.habimg.com/imgh/3826ede4-e597-494a-b0be-d03ac21ef400G.jpg","https://www.habitaclia.com/i5953003368943","2024-06-14","963517897","valencia@engelvoelkers.com","No","Muy bueno","","No","No contactado","194","1","1","55","1250","22","18","Muy alta"
"milanuncios","518130462","Alquiler","Plurifamiliar","València","46013","Valencia","Valencia","Quatre Carreres","Fonteta de Sant Lluís","39.4452236012","-0.3641389988","3","Profesional","Alquila Tu Hogar","No","Sí","No","No","No","No","No","No","","https://www.milanuncios.com/anuncios/r518130462.htm","2024-07-01","910925087","alquilatuhogard90a@realestate.com","No","","","No","No contactado","195","3","1","77","930","12","1","Muy alta"
"milanuncios","519541332","Alquiler","Plurifamiliar","València","46005","Valencia","Valencia","L'Eixample","Zona Gran Via","39.4644378043","-0.3683495157","","Profesional","ALAIN RETAIL S L","Sí","Sí","No","No","No","No","No","No","https://images.habimg.com/imgh/0efc4ad5-6ad2-4c63-8bc3-ddd572e08038G.jpg","https://www.milanuncios.com/anuncios/r519541332.htm","2024-07-15","961281893","alaingrupof33d@realestate.com","No","","","No","No contactado","196","2","1","79","1700","21","15","Muy alta"
"habitaclia","4562468","Alquiler","Plurifamiliar","Alquiler de larga estancia","46011","Valencia","Valencia","Poblats Marítims","La Malva-rosa","39.4812108","-0.3323543","0","Particular","","Sí","Sí","No","No","No","No","No","No","https://images.habimg.com/imgh/500-img4562468-473615800G.jpg","https://www.habitaclia.com/i500004562468","2024-04-20","698999289","001.mmpa@gmail.com","No","Muy bueno","","No","No contactado","197","2","1","95","1900","20","101","Muy alta"
"milanuncios","519365656","Alquiler","Plurifamiliar","València","46019","Valencia","Valencia","Rascanya","Sant Llorenç - Zona Alfahuir","39.4916237581","-0.3682477797","","Profesional","EXPANSION 2006 Sl","Sí","Sí","No","No","No","No","No","No","https://images.habimg.com/imgh/075f1cef-2017-4fe0-921f-56a90b490ac7G.jpg","https://www.milanuncios.com/anuncios/r519365656.htm","2024-07-13","962645217","grupohogaresinmobiliarias347f@realestate.com","No","","","No","No contactado","198","3","2","117","1500","12","17","Muy alta"
"milanuncios","518425390","Alquiler","Plurifamiliar","València","46005","Valencia","Valencia","L'Eixample","Zona Gran Via","39.4642427943","-0.3643612057","","Profesional","CM PROPERTIES","Sí","Sí","No","No","No","No","No","No","https://images.habimg.com/imgh/060ce3b1-a53d-495e-8419-a72c7f92f410G.jpg","https://www.milanuncios.com/anuncios/r518425390.htm","2024-07-04","962470759","cmproperties8e5d@realestate.com","No","","","No","No contactado","199","4","2","121","2500","20","26","Muy alta"
"milanuncios","518037485","Alquiler","Plurifamiliar","Zaidía - C/ de Sarrión","46009","Valencia","Valencia","La Saïdia","Tormos","39.4878069","-0.3777869","3","Particular","","No","Sí","No","No","Sí","No","No","No","","https://www.milanuncios.com/anuncios/r518037485.htm","2024-06-29","","","No","","","No","No contactado","200","4","1","120","1500","12","3","Muy alta"
"milanuncios","514402461","Alquiler","Plurifamiliar","València","46008","Valencia","Valencia","Extramurs","Zona Botánico","39.4693059614","-0.3851509386","","Profesional","Worldwide Valencia  Sociedad Limitada","No","Sí","No","Sí","No","No","No","No","https://images.habimg.com/imgh/045452d9-ebaa-4c70-95c7-97d35d209992G.jpg","https://www.milanuncios.com/anuncios/r514402461.htm","2024-05-23","962471268","realestatemarketsolutions3152@realestate.com","No","","","No","No contactado","201","3","1","90","1250","13","63","Muy alta"
"milanuncios","518037485","Alquiler","Plurifamiliar","Zaidía - C/ de Sarrión","46009","Valencia","Valencia","La Saïdia","Tormos","39.4878069","-0.3777869","3","Particular","","No","Sí","No","No","Sí","No","No","No","","https://www.milanuncios.com/anuncios/r518037485.htm","2024-06-29","","","No","","","No","No contactado","202","4","1","120","1500","12","3","Muy alta"
"milanuncios","180096474","Alquiler","Unifamiliar","Peset Alexander Benicalap","46025","Valencia","Valencia","Benicalap","Barrio de Benicalap","39.4893612943","-0.3891547057","1","Particular","","No","No","No","No","No","No","No","No","","https://www.milanuncios.com/anuncios/r180096474.htm","2015-11-18","","","No","","","No","No contactado","203","3","1","80","90","1","3177","Muy alta"
"milanuncios","180096474","Alquiler","Unifamiliar","Peset Alexander Benicalap","46025","Valencia","Valencia","Benicalap","Barrio de Benicalap","39.4918986012","-0.3866173988","1","Particular","","No","No","No","No","No","No","No","No","","https://www.milanuncios.com/anuncios/r180096474.htm","2015-11-18","","","No","","","No","No contactado","204","3","1","80","90","1","3149","Muy alta"
"milanuncios","515500475","Alquiler","Plurifamiliar","València","46007","Valencia","Valencia","Patraix","Barrio de Patraix","39.462690986","-0.3891243162","","Profesional","SINCAJA ALBAL SL","Sí","Sí","No","No","No","No","No","No","","https://www.milanuncios.com/anuncios/r515500475.htm","2024-06-04","619765553","fincasa4808@realestate.com","No","","","No","No contactado","205","2","1","87","850","9","28","Muy alta"
"milanuncios","515500475","Alquiler","Plurifamiliar","València","46007","Valencia","Valencia","Patraix","Barrio de Patraix","39.462690986","-0.3891243162","","Profesional","SINCAJA ALBAL SL","Sí","Sí","No","No","No","No","No","No","","https://www.milanuncios.com/anuncios/r515500475.htm","2024-06-04","619765553","fincasa4808@realestate.com","No","","","No","No contactado","206","2","1","87","850","9","28","Muy alta"
"milanuncios","180096474","Alquiler","Unifamiliar","Peset Alexander Benicalap","46025","Valencia","Valencia","Benicalap","Barrio de Benicalap","39.4918986012","-0.3866173988","1","Particular","","No","No","No","No","No","No","No","No","","https://www.milanuncios.com/anuncios/r180096474.htm","2015-11-18","","","No","","","No","No contactado","207","3","1","80","90","1","3149","Muy alta"
"milanuncios","518943601","Alquiler","Plurifamiliar","València","46003","Valencia","Valencia","Ciutat Vella","La Seu","39.4788822604","-0.3730270396","","Profesional","TAKAISHI  MIWA","Sí","Sí","No","No","No","No","No","No","https://images.habimg.com/imgh/20124c76-2b2b-47eb-8f60-bf74d33939beG.jpg","https://www.milanuncios.com/anuncios/r518943601.htm","2024-07-10","962646073","bienesraices12b5@realestate.com","No","","","No","No contactado","208","4","2","159","1500","9","13","Muy alta"
"milanuncios","517563440","Alquiler","Plurifamiliar","València","46022","Valencia","Valencia","Camins al Grau","Aiora","39.4705072012","-0.3459097988","Bajos","Profesional","VICENTE GARCÍA  JOSE ANGEL","No","Sí","No","No","No","No","No","No","https://images.habimg.com/imgh/0530f0e1-9fe0-4ae5-88a7-97ad3aca1c20G.jpg","https://www.milanuncios.com/anuncios/r517563440.htm","2024-06-24","961281558","alameda10dt69e2@realestate.com","No","","","No","No contactado","209","3","1","90","1300","14","8","Muy alta"
"milanuncios","514774805","Alquiler","Plurifamiliar","Valencia Capital - Suiza","46024","Valencia","Valencia","Quatre Carreres","La Punta","39.4532926","-0.3370231","","Profesional","Zittus Management Sl","Sí","Sí","No","Sí","No","No","No","No","https://images.habimg.com/imgh/48675-img105-476326912G.jpg","https://www.milanuncios.com/anuncios/r514774805.htm","2024-05-28","910927182","zittusmanagemeta9fa@realestate.com","No","","","No","No contactado","210","1","1","52","1100","21","35","Muy alta"
"milanuncios","517953184","Alquiler","Plurifamiliar","València","46011","Valencia","Valencia","Poblats Marítims","El Cabanyal - El Canyamelar","39.4648216886","-0.3323883114","","Profesional","Yourentaflat S L","Sí","Sí","No","No","No","No","No","No","https://images.habimg.com/imgh/0e9596dc-0f7d-4e54-8f19-fc0118d09fffG.jpg","https://www.milanuncios.com/anuncios/r517953184.htm","2024-06-28","962471283","live4life7722@realestate.com","No","","","No","No contactado","211","2","1","70","1150","16","21","Muy alta"
"milanuncios","510437734","Alquiler","Plurifamiliar","València","46001","Valencia","Valencia","Ciutat Vella","El Pilar","39.4735584607","-0.3795669108","","Profesional","Finaer","Sí","Sí","No","No","No","No","No","No","https://images.habimg.com/imgh/12f8e724-9085-496b-8c97-711bc990e982G.jpg","https://www.milanuncios.com/anuncios/r510437734.htm","2024-04-02","696587039","inmobiliariascongarantiafinaere6e5@realestate.com","No","","","No","No contactado","212","2","1","65","1800","27","91","Muy alta"
"milanuncios","520318756","Alquiler","Plurifamiliar","València","46001","Valencia","Valencia","Ciutat Vella","La Seu","39.4768064231","-0.3763403769","","Profesional","ZAZUME","Sí","Sí","No","No","No","No","No","No","https://images.habimg.com/imgh/0e8dc24f-8c8f-4b3c-b628-7ec8f81b5d4fG.jpg","https://www.milanuncios.com/anuncios/r520318756.htm","2024-07-23","931320948","zazumeb992@realestate.com","No","","","No","No contactado","213","3","2","98","1500","15","3","Muy alta"
"milanuncios","520109359","Alquiler","Plurifamiliar","València","46006","Valencia","Valencia","Quatre Carreres","Mont-Olivet","39.4606859403","-0.3645999513","3","Profesional","TOTAL HABITAT","Sí","Sí","No","No","No","No","No","No","https://images.habimg.com/imgh/0f2c9bf2-cb1a-4562-8037-b59eeb4f7e73G.jpg","https://www.milanuncios.com/anuncios/r520109359.htm","2024-07-20","961046750","totalhabitat3788@realestate.com","No","","","No","No contactado","214","2","1","76","1200","15","5","Muy alta"
"milanuncios","518668798","Alquiler","Plurifamiliar","València","46009","Valencia","Valencia","La Saïdia","Morvedre","39.4829845118","-0.3767654882","2","Profesional","EV MMC SPAIN  S L U","Sí","Sí","No","No","No","No","No","No","https://images.habimg.com/imgh/045611fd-705d-4117-9b0a-9553a5a5eefcG.jpg","https://www.milanuncios.com/anuncios/r518668798.htm","2024-07-08","961287313","engelvolkers809d@realestate.com","No","","","No","No contactado","215","2","1","92","1300","14","16","Muy alta"
"milanuncios","514226565","Alquiler","Plurifamiliar","València","46013","Valencia","Valencia","Quatre Carreres","Ciutat de les Ciències i de les Arts - Justicia","39.4569695012","-0.3585906988","","Profesional","Inmolax S L","Sí","Sí","No","No","No","No","No","No","https://images.habimg.com/imgh/00f2cc7d-8240-434c-bd17-39661868c5b9G.jpg","https://www.milanuncios.com/anuncios/r514226565.htm","2024-05-21","962470692","laxinmobiliariavalencia0975@realestate.com","No","","","No","No contactado","216","1","1","70","950","13","42","Muy alta"
"milanuncios","517881670","Alquiler","Plurifamiliar","Valencia Capital - Carrer de Bèlgica","46021","Valencia","Valencia","El Pla del Real","Mestalla","39.4744","-0.355265","","Profesional","Aproperties","Sí","Sí","No","No","No","No","No","No","https://images.habimg.com/imgh/4737-img3821841-479763728G.jpg","https://www.milanuncios.com/anuncios/r517881670.htm","2024-06-27","962648135","apropertiesrealestatevalencia6ff9@realestate.com","No","","","No","No contactado","217","2","2","90","1250","13","25","Muy alta"
"habitaclia","SUECIA-RV02","Alquiler","Plurifamiliar","UNA CASA MUY BONITA, EN UN ENCLAVE PRIVILEGIADO","","Valencia","Valencia","El Pla del Real","Exposició","39.4751475536","-0.3593810464","0","Profesional","FORO INMOBILIARIO VIVEROS","Sí","Sí","No","No","No","No","No","No","https://images.habimg.com/imgh/078366dd-4e45-4f68-804e-93f4ef512fd6G.jpg","https://www.habitaclia.com/i14469000001805","2024-07-02","963614831","info@foroinmobiliarioviveros.com","No","Muy bueno","","No","No contactado","218","3","2","133","2000","15","14","Muy alta"
"milanuncios","517009498","Alquiler","Plurifamiliar","València","46001","Valencia","Valencia","Ciutat Vella","La Seu","39.476824337","-0.374261663","3","Profesional","EV MMC SPAIN  S L U","Sí","Sí","No","No","No","No","No","No","https://images.habimg.com/imgh/05bb7c0f-d176-49e2-a17f-d8bc8d833d76G.jpg","https://www.milanuncios.com/anuncios/r517009498.htm","2024-06-17","961287313","engelvolkers809d@realestate.com","No","","","No","No contactado","219","2","2","110","2000","18","14","Muy alta"
"Fotocasa","","Alquiler","Plurifamiliar","Piso en Alquiler en  Carrer de l'Enginyer Vicent Pichó, 3, Camí de Vera","46020","Valencia","Valencia","Benimaclet","Camí de Vera","39.488887","-0.3569635","","Particular","signessalvavicenta","Sí","Sí","No","No","No","No","No","No","https://static.fotocasa.es/images/anuncio/2024/07/01/183723419/3935475953.jpg?rule=feeds_1920x1080","https://www.fotocasa.es/Building/Building_Detail.aspx?ai=183723419&tti=1","2024-07-01","622185078","signessalvavicenta@gmail.com","No","Muy bueno","","No","No contactado","220","4","2","90","1600","17","1","Muy alta"
"habitaclia","678443","Alquiler","Plurifamiliar","","","Valencia","Valencia","Quatre Carreres","Ciutat de les Ciències i de les Arts - Justicia","39.4559009865","-0.3587384135","0","Profesional","Uniplaces","Sí","Sí","No","No","No","No","No","No","https://images.habimg.com/imgh/087f8af4-3de4-4a87-a4c4-eebc86d191b8G.jpg","https://www.habitaclia.com/i50824000000592","2024-05-06","691111788","sofia.fonseca@uniplaces.com","No","Muy bueno","","No","No contactado","221","2","1","80","1370","17","57","Muy alta"
"habitaclia","PIS0171","Alquiler","Plurifamiliar","PISO EN MORVEDRE","","Valencia","Valencia","La Saïdia","Sant Antoni","39.4861794984","-0.3763085612","0","Profesional","Inmobiliarias con garantía Finaer","No","Sí","No","No","No","No","No","No","https://images.habimg.com/imgh/1c3b062d-39c1-4a1d-a2cb-6016a914f22bG.jpg","https://www.habitaclia.com/i47750000000191","2024-06-21","0","w3168@inmoweb.email","No","Muy bueno","","No","No contactado","222","3","2","120","1200","10","11","Muy alta"
"milanuncios","514774805","Alquiler","Plurifamiliar","Valencia Capital - Suiza","46024","Valencia","Valencia","Quatre Carreres","La Punta","39.4532926","-0.3370231","","Profesional","Zittus Management Sl","Sí","Sí","No","Sí","No","No","No","No","https://images.habimg.com/imgh/48675-img105-476326912G.jpg","https://www.milanuncios.com/anuncios/r514774805.htm","2024-05-28","910927182","zittusmanagemeta9fa@realestate.com","No","","","No","No contactado","223","1","1","52","1100","21","35","Muy alta"
"milanuncios","514226565","Alquiler","Plurifamiliar","València","46013","Valencia","Valencia","Quatre Carreres","Ciutat de les Ciències i de les Arts - Justicia","39.4569695012","-0.3585906988","","Profesional","Inmolax S L","Sí","Sí","No","No","No","No","No","No","https://images.habimg.com/imgh/00f2cc7d-8240-434c-bd17-39661868c5b9G.jpg","https://www.milanuncios.com/anuncios/r514226565.htm","2024-05-21","962470692","laxinmobiliariavalencia0975@realestate.com","No","","","No","No contactado","224","1","1","70","950","13","42","Muy alta"
"habitaclia","980006","Alquiler","Plurifamiliar","Vivienda en Benimaclet","","Valencia","Valencia","Benimaclet","Barrio de Benimaclet","39.485575604","-0.3644289498","1","Profesional","CENTER ACTIVOS","No","Sí","No","No","No","No","No","No","https://images.habimg.com/imgh/1032ded1-5d11-4cea-8456-a50e49ee21ccG.jpg","https://www.habitaclia.com/i43755000000046","2024-06-20","610144150","center@centeractivos.com","No","Muy bueno","","No","No contactado","225","2","1","56","1200","21","12","Muy alta"
"milanuncios","516159441","Alquiler","Plurifamiliar","València","46010","Valencia","Valencia","Benimaclet","Barrio de Benimaclet","39.4885001012","-0.3658598988","","Profesional","CM PROPERTIES","Sí","Sí","No","No","No","No","No","No","https://images.habimg.com/imgh/0868b9bf-6e9f-40bd-958c-90fd3e270e88G.jpg","https://www.milanuncios.com/anuncios/r516159441.htm","2024-06-10","962470759","cmproperties8e5d@realestate.com","No","","","No","No contactado","226","4","2","111","1700","15","22","Muy alta"
"milanuncios","517146038","Alquiler","Plurifamiliar","València","46021","Valencia","Valencia","Algirós","L'Amistat","39.474955174","-0.3514184656","7","Profesional","Pawel Tadeusz Barglik","No","Sí","No","No","No","No","No","No","https://images.habimg.com/imgh/01306198-129a-46f1-96e4-a01aff1c533bG.jpg","https://www.milanuncios.com/anuncios/r517146038.htm","2024-06-18","962947856","arrelsvalencia7eea@realestate.com","No","","","No","No contactado","227","4","2","80","1500","18","14","Muy alta"
"habitaclia","SP2021SP","Alquiler","Plurifamiliar","Alquiler de Piso en Marxalenes","","Valencia","Valencia","La Saïdia","Morvedre","39.4831957965","-0.3752880635","0","Profesional","Spaces&Places","Sí","Sí","No","No","No","No","No","No","https://images.habimg.com/imgh/054b9c8d-4ec3-487f-987e-fc92781a4649G.jpg","https://www.habitaclia.com/i47584000000314","2024-06-03","635919795","info@spacesplaces.es","No","Muy bueno","","No","No contactado","228","3","2","130","1350","10","29","Muy alta"
"habitaclia","678443","Alquiler","Plurifamiliar","","","Valencia","Valencia","Quatre Carreres","Ciutat de les Ciències i de les Arts - Justicia","39.4559009865","-0.3587384135","0","Profesional","Uniplaces","Sí","Sí","No","No","No","No","No","No","https://images.habimg.com/imgh/087f8af4-3de4-4a87-a4c4-eebc86d191b8G.jpg","https://www.habitaclia.com/i50824000000592","2024-05-06","691111788","sofia.fonseca@uniplaces.com","No","Muy bueno","","No","No contactado","229","2","1","80","1370","17","57","Muy alta"
"milanuncios","510437734","Alquiler","Plurifamiliar","València","46001","Valencia","Valencia","Ciutat Vella","El Pilar","39.4735584607","-0.3795669108","","Profesional","Finaer","Sí","Sí","No","No","No","No","No","No","https://images.habimg.com/imgh/12f8e724-9085-496b-8c97-711bc990e982G.jpg","https://www.milanuncios.com/anuncios/r510437734.htm","2024-04-02","696587039","inmobiliariascongarantiafinaere6e5@realestate.com","No","","","No","No contactado","230","2","1","65","1800","27","91","Muy alta"
"habitaclia","980006","Alquiler","Plurifamiliar","Vivienda en Benimaclet","","Valencia","Valencia","Benimaclet","Barrio de Benimaclet","39.485575604","-0.3644289498","1","Profesional","CENTER ACTIVOS","No","Sí","No","No","No","No","No","No","https://images.habimg.com/imgh/1032ded1-5d11-4cea-8456-a50e49ee21ccG.jpg","https://www.habitaclia.com/i43755000000046","2024-06-20","610144150","center@centeractivos.com","No","Muy bueno","","No","No contactado","231","2","1","56","1200","21","12","Muy alta"
"milanuncios","517728436","Alquiler","Plurifamiliar","València","46006","Valencia","Valencia","L'Eixample","Russafa","39.460959337","-0.371771663","","Profesional","PROYECTO EN CORT SL","No","Sí","No","No","No","No","No","No","https://images.habimg.com/imgh/078b79a8-dfb2-4ca8-92f8-33fc35f6b40cG.jpg","https://www.milanuncios.com/anuncios/r517728436.htm","2024-06-26","961281548","redpisovalenciaencortsmalilla49d7@realestate.com","No","","","No","No contactado","232","1","1","73","1000","13","5","Muy alta"
"Fotocasa","","Alquiler","Plurifamiliar","Piso en Alquiler en  Carrer de l'Enginyer Vicent Pichó, 3, Camí de Vera","46020","Valencia","Valencia","Benimaclet","Camí de Vera","39.488887","-0.3569635","","Particular","signessalvavicenta","Sí","Sí","No","No","No","No","No","No","https://static.fotocasa.es/images/anuncio/2024/07/01/183723419/3935475953.jpg?rule=feeds_1920x1080","https://www.fotocasa.es/Building/Building_Detail.aspx?ai=183723419&tti=1","2024-07-01","622185078","signessalvavicenta@gmail.com","No","Muy bueno","","No","No contactado","233","4","2","90","1600","17","1","Muy alta"
"milanuncios","516159441","Alquiler","Plurifamiliar","València","46010","Valencia","Valencia","Benimaclet","Barrio de Benimaclet","39.4885001012","-0.3658598988","","Profesional","CM PROPERTIES","Sí","Sí","No","No","No","No","No","No","https://images.habimg.com/imgh/0868b9bf-6e9f-40bd-958c-90fd3e270e88G.jpg","https://www.milanuncios.com/anuncios/r516159441.htm","2024-06-10","962470759","cmproperties8e5d@realestate.com","No","","","No","No contactado","234","4","2","111","1700","15","22","Muy alta"
"habitaclia","PIS0171","Alquiler","Plurifamiliar","PISO EN MORVEDRE","","Valencia","Valencia","La Saïdia","Sant Antoni","39.4861794984","-0.3763085612","0","Profesional","Inmobiliarias con garantía Finaer","No","Sí","No","No","No","No","No","No","https://images.habimg.com/imgh/1c3b062d-39c1-4a1d-a2cb-6016a914f22bG.jpg","https://www.habitaclia.com/i47750000000191","2024-06-21","0","w3168@inmoweb.email","No","Muy bueno","","No","No contactado","235","3","2","120","1200","10","11","Muy alta"
"milanuncios","517563440","Alquiler","Plurifamiliar","València","46022","Valencia","Valencia","Camins al Grau","Aiora","39.4705072012","-0.3459097988","Bajos","Profesional","VICENTE GARCÍA  JOSE ANGEL","No","Sí","No","No","No","No","No","No","https://images.habimg.com/imgh/0530f0e1-9fe0-4ae5-88a7-97ad3aca1c20G.jpg","https://www.milanuncios.com/anuncios/r517563440.htm","2024-06-24","961281558","alameda10dt69e2@realestate.com","No","","","No","No contactado","236","3","1","90","1300","14","8","Muy alta"
"milanuncios","519738483","Alquiler","Plurifamiliar","València","46018","Valencia","Valencia","L'Olivereta","Nou Moles","39.4718949179","-0.3925870821","5","Profesional","ESTUDIO AYORA SL","No","Sí","No","No","No","No","No","No","https://images.habimg.com/imgh/0195e90f-0343-40ce-b951-b5250cfc3d57G.jpg","https://www.milanuncios.com/anuncios/r519738483.htm","2024-07-17","960962361","tempohogar744d@realestate.com","No","","","No","No contactado","237","4","2","120","1300","10","1","Muy alta"
"milanuncios","517854106","Alquiler","Plurifamiliar","València","46011","Valencia","Valencia","Poblats Marítims","El Cabanyal - El Canyamelar","39.4662165118","-0.3276893882","","Profesional","Mayor Realty Services  Sociedad Limitada","No","No","No","Sí","No","No","No","No","https://images.habimg.com/imgh/00665ce3-edb8-42ad-93eb-696a20777aecG.jpg","https://www.milanuncios.com/anuncios/r517854106.htm","2024-06-27","963551699","franciscamayor11b0@realestate.com","No","","","No","No contactado","238","3","2","90","1000","11","27","Muy alta"
"milanuncios","518225014","Alquiler","Plurifamiliar","València","46009","Valencia","Valencia","La Saïdia","Tormos","39.489273495","-0.376328505","","Profesional","Yourentaflat S L","No","Sí","No","No","No","No","No","No","https://images.habimg.com/imgh/0303479b-af04-470c-86df-6ba111f2913bG.jpg","https://www.milanuncios.com/anuncios/r518225014.htm","2024-07-02","962949801","live4life7722@realestate.com","No","","","No","No contactado","239","4","1","125","1300","10","3","Muy alta"
"milanuncios","518532347","Alquiler","Plurifamiliar","València","46003","Valencia","Valencia","Ciutat Vella","La Xerea","39.474345395","-0.373736105","1","Profesional","SERINFO 1998  S L","No","No","No","No","No","No","No","No","https://images.habimg.com/imgh/5207d1e3-150b-40a5-97ca-3350fa5bbbaaG.jpg","https://www.milanuncios.com/anuncios/r518532347.htm","2024-07-05","962641584","serinfo2d96@realestate.com","No","","","No","No contactado","240","1","1","50","750","15","1","Muy alta"
"habitaclia","980006","Alquiler","Plurifamiliar","Vivienda en Benimaclet","","Valencia","Valencia","Benimaclet","Barrio de Benimaclet","39.4846290403","-0.3653755135","1","Profesional","CENTER ACTIVOS","No","Sí","No","No","No","No","No","No","https://images.habimg.com/imgh/1032ded1-5d11-4cea-8456-a50e49ee21ccG.jpg","https://www.habitaclia.com/i43755000000046","2024-06-20","610144150","center@centeractivos.com","No","Muy bueno","","No","No contactado","241","2","1","56","1200","21","19","Muy alta"
"habitaclia","SP2021SP","Alquiler","Plurifamiliar","Alquiler de Piso en Marxalenes","","Valencia","Valencia","La Saïdia","Morvedre","39.4817917073","-0.3766921527","0","Profesional","Spaces&Places","Sí","Sí","No","No","No","No","No","No","https://images.habimg.com/imgh/054b9c8d-4ec3-487f-987e-fc92781a4649G.jpg","https://www.habitaclia.com/i47584000000314","2024-06-03","635919795","info@spacesplaces.es","No","Muy bueno","","No","No contactado","242","3","2","130","1350","10","44","Muy alta"
"habitaclia","56","Alquiler","Plurifamiliar","Grandisima vivienda 4 dormitorios junto mercado de ruzafa","","Valencia","Valencia","L'Eixample","Russafa","39.462456826","-0.368177074","3","Profesional","ALAMEDA 10DT","No","Sí","No","No","No","No","No","No","https://images.habimg.com/imgh/0c339768-9728-41ee-956b-f570bb0773faG.jpg","https://www.habitaclia.com/i43366000000918","2024-07-22","690062272","info@alameda10dt.com","No","Muy bueno","","No","No contactado","243","4","2","115","1700","14","4","Muy alta"
"milanuncios","518966949","Alquiler","Plurifamiliar","València","46010","Valencia","Valencia","El Pla del Real","Jaume Roig","39.4796077718","-0.3652254282","8","Profesional","Ml Strategic Properties S L","Sí","Sí","No","No","No","No","No","No","https://images.habimg.com/imgh/23f38cc3-7ac5-46c1-a5ca-34406153db6fG.jpg","https://www.milanuncios.com/anuncios/r518966949.htm","2024-07-10","962646172","holainmobiliariaab2f@realestate.com","No","","","No","No contactado","244","2","1","76","1200","15","14","Muy alta"
"habitaclia","SP2021SP","Alquiler","Plurifamiliar","Alquiler de Piso en Marxalenes","","Valencia","Valencia","La Saïdia","Morvedre","39.4831957965","-0.3752880635","0","Profesional","Spaces&Places","Sí","Sí","No","No","No","No","No","No","https://images.habimg.com/imgh/054b9c8d-4ec3-487f-987e-fc92781a4649G.jpg","https://www.habitaclia.com/i47584000000314","2024-06-03","635919795","info@spacesplaces.es","No","Muy bueno","","No","No contactado","245","3","2","130","1350","10","29","Muy alta"
"milanuncios","517146038","Alquiler","Plurifamiliar","València","46021","Valencia","Valencia","Algirós","L'Amistat","39.474955174","-0.3514184656","7","Profesional","Pawel Tadeusz Barglik","No","Sí","No","No","No","No","No","No","https://images.habimg.com/imgh/01306198-129a-46f1-96e4-a01aff1c533bG.jpg","https://www.milanuncios.com/anuncios/r517146038.htm","2024-06-18","962947856","arrelsvalencia7eea@realestate.com","No","","","No","No contactado","246","4","2","80","1500","18","14","Muy alta"
"milanuncios","520489073","Alquiler","Plurifamiliar","València","46008","Valencia","Valencia","Extramurs","La Petxina","39.4710417317","-0.3884422266","","Profesional","ENTRE 2 SERVICIOS INMOBILIARIOS CB","Sí","Sí","No","No","No","No","No","No","https://images.habimg.com/imgh/00b9083a-6b96-44ce-ae69-f74cc8a40e16G.jpg","https://www.milanuncios.com/anuncios/r520489073.htm","2024-07-25","962643178","entre2serviciosinmobiliarios94a0@realestate.com","No","","","No","No contactado","247","2","1","75","900","12","4","Muy alta"
"milanuncios","519508701","Alquiler","Plurifamiliar","València","46006","Valencia","Valencia","Quatre Carreres","Mont-Olivet","39.462029075","-0.363479888","5","Profesional","SALICO SERVICIOS INMOBILIARIOS","Sí","Sí","No","No","No","No","No","No","https://images.habimg.com/imgh/05708ed2-2149-4b16-94ba-b8e2d17a0980G.jpg","https://www.milanuncios.com/anuncios/r519508701.htm","2024-07-15","962644521","salicoserviciosinmobiliarios60de@realestate.com","No","","","No","No contactado","248","3","1","92","1100","11","9","Muy alta"
"milanuncios","518710769","Alquiler","Plurifamiliar","València","46015","Valencia","Valencia","Campanar","Campanar - La Fe","39.4811580364","-0.3938216766","","Profesional","QUATRE TORRES","No","No","No","No","No","No","No","No","https://images.habimg.com/imgh/0ba4757f-cac0-43b8-b6ab-c3c1bf7a83f7G.jpg","https://www.milanuncios.com/anuncios/r518710769.htm","2024-07-08","962949038","quatretorrese4a5@realestate.com","No","","","No","No contactado","249","3","1","75","950","12","2","Muy alta"
"milanuncios","517959766","Alquiler","Plurifamiliar","Valencia","46019","Valencia","Valencia","Rascanya","Torrefiel","39.4985850012","-0.3691069988","","Profesional","Yourentaflat S L","No","Sí","No","No","No","No","No","No","https://images.habimg.com/imgh/02fa6b7b-6cdc-4eb1-b74e-5d01614c4296G.jpg","https://www.milanuncios.com/anuncios/r517959766.htm","2024-06-28","955444401","live4life7722@realestate.com","No","","","No","No contactado","250","4","2","110","1300","11","4","Muy alta"
"milanuncios","519630754","Alquiler","Plurifamiliar","València","46006","Valencia","Valencia","L'Eixample","Russafa","39.4602002959","-0.3758089161","1","Profesional","SANCHEZ VILLORA  JOSE","No","Sí","No","No","No","No","No","No","https://images.habimg.com/imgh/038a72ad-c6bd-4e94-a559-c5da6e1494e8G.jpg","https://www.milanuncios.com/anuncios/r519630754.htm","2024-07-16","960965601","piramidesef19@realestate.com","No","","","No","No contactado","251","3","2","91","900","9","2","Muy alta"
"milanuncios","519843813","Alquiler","Plurifamiliar","València","46009","Valencia","Valencia","La Saïdia","Morvedre","39.484620855","-0.377807145","7","Profesional","GRUPO 90 CENTRAL","Sí","Sí","No","No","No","No","No","No","https://images.habimg.com/imgh/01a2b648-9fcb-46f6-a115-1006be850a5bG.jpg","https://www.milanuncios.com/anuncios/r519843813.htm","2024-07-18","963489732","grupo90centrale9ab@realestate.com","No","","","No","No contactado","252","4","3","120","1299","10","11","Muy alta"
"milanuncios","517959766","Alquiler","Plurifamiliar","Valencia","46019","Valencia","Valencia","Rascanya","Torrefiel","39.4985850012","-0.3691069988","","Profesional","Yourentaflat S L","No","Sí","No","No","No","No","No","No","https://images.habimg.com/imgh/02fa6b7b-6cdc-4eb1-b74e-5d01614c4296G.jpg","https://www.milanuncios.com/anuncios/r517959766.htm","2024-06-28","955444401","live4life7722@realestate.com","No","","","No","No contactado","253","4","2","110","1300","11","4","Muy alta"
"milanuncios","520108701","Alquiler","Plurifamiliar","València","46017","Valencia","Valencia","Jesús","L'Hort de Senabre","39.4545679248","-0.3916092283","5","Profesional","TOTAL HABITAT","No","Sí","No","No","No","No","No","No","https://images.habimg.com/imgh/055b4b0c-2e6d-49c9-8901-2a49bf13ae2dG.jpg","https://www.milanuncios.com/anuncios/r520108701.htm","2024-07-20","961046750","totalhabitat3788@realestate.com","No","","","No","No contactado","254","3","2","88","1100","12","10","Muy alta"
"milanuncios","518329590","Alquiler","Plurifamiliar","València","46002","Valencia","Valencia","Ciutat Vella","Sant Francesc","39.4704396143","-0.3769733457","1","Profesional","ALAIN RETAIL S L","No","Sí","No","No","No","No","No","No","https://images.habimg.com/imgh/02ce2db8-7cfd-4ebb-a0b1-e9d136bfbeb0G.jpg","https://www.milanuncios.com/anuncios/r518329590.htm","2024-07-03","961281893","alaingrupof33d@realestate.com","No","","","No","No contactado","255","1","1","160","3200","20","27","Muy alta"
"milanuncios","519505364","Alquiler","Plurifamiliar","València","46003","Valencia","Valencia","Ciutat Vella","El Carme","39.4774127943","-0.3815372057","","Profesional","EV MMC SPAIN  S L U","No","Sí","No","No","No","No","No","No","https://images.habimg.com/imgh/0bafb2ae-5240-401f-8e23-cfd51b45a109G.jpg","https://www.milanuncios.com/anuncios/r519505364.htm","2024-07-15","962646083","engelvolkers809d@realestate.com","No","","","No","No contactado","256","2","1","91","1300","14","15","Muy alta"
"habitaclia","graoalquileratico","Alquiler","Plurifamiliar","ATICO EN AVD DEL PUERTO","","Valencia","Valencia","Poblats Marítims","El Grau","39.4614134072","-0.3372057928","0","Profesional","SERVITRESS","Sí","Sí","Sí","No","Sí","Sí","No","Sí","https://images.habimg.com/imgh/0ee013df-0549-41f0-8c19-872b9bc34e8dG.jpg","https://www.habitaclia.com/i8334002358984","2024-07-25","963.164.494","alberto@servitress.com,infograo@servitress.com","No","Muy bueno","","No","No contactado","257","4","2","170","2500","14","5","Muy alta"
"habitaclia","00793VMC","Alquiler","Plurifamiliar","","","Valencia","Valencia","Algirós","Ciutat Jardí","39.4744760722","-0.3429739278","0","Profesional","VALENCIA MA CASA","Sí","Sí","No","No","No","No","No","No","https://images.habimg.com/imgh/316e7e84-a58a-4f5d-bcb9-51d118edd293G.jpg","https://www.habitaclia.com/i32361000003254","2024-02-04","960714992<br> 655121880","info@valenciamacasa.com","No","Muy bueno","","No","No contactado","258","4","2","100","1300","13","177","Muy alta"
"habitaclia","3ab318a4fbd3","Alquiler","Plurifamiliar","Cómodo y coqueto piso para estudiantes","","Valencia","Valencia","La Saïdia","Sant Antoni","39.4896013","-0.3708107","0","Particular","","No","Sí","No","No","Sí","No","No","No","https://images.habimg.com/imgh/3722114d-bd39-4aed-bb24-0a1f59593763G.jpg","https://www.habitaclia.com/i500006002727","2024-07-24","629358792","","No","Muy bueno","","No","No contactado","259","4","2","136","1800","13","6","Muy alta"
"milanuncios","520387059","Alquiler","Plurifamiliar","València","46017","Valencia","Valencia","Jesús","Sant Marcel.lí","39.4459983943","-0.3909310057","2","Profesional","Inmolax S L","Sí","Sí","No","No","No","No","No","No","https://images.habimg.com/imgh/0ba2f938-5949-48c3-b71b-c65cda399f1eG.jpg","https://www.milanuncios.com/anuncios/r520387059.htm","2024-07-24","962470692","laxinmobiliariavalencia0975@realestate.com","No","","","No","No contactado","260","2","1","80","1200","15","6","Muy alta"
"Fotocasa","","Alquiler","Plurifamiliar","Piso en Alquiler en  Carrer del Pintor Gisbert, 4, Russafa","46004","Valencia","Valencia","L'Eixample","Russafa","39.460414","-0.3763829","","Particular","tcifrenatalia","Sí","No","No","No","No","No","No","No","https://static.fotocasa.es/images/anuncio/2024/07/06/183770143/4011263806.jpg?rule=feeds_1920x1080","https://www.fotocasa.es/Building/Building_Detail.aspx?ai=183770143&tti=1","2024-07-29","607332990","tcifrenatalia@yahoo.es","No","Muy bueno","","No","No contactado","261","2","1","78","1600","20","1","Muy alta"
"habitaclia","I-00L1CR-W-02WKR3","Alquiler","Plurifamiliar","Junto a los Jardines del Turia y el CC Aqua","","Valencia","Valencia","Camins al Grau","Penya - Roja - Avda. Francia","39.4597966072","-0.3464623928","4","Profesional","Engel & Völkers","Sí","Sí","No","No","No","No","No","No","https://images.habimg.com/imgh/0e09662f-eccf-4fd9-adf5-f3e67e3971c4G.jpg","https://www.habitaclia.com/i5953003369282","2024-07-25","963517897","valencia@engelvoelkers.com","No","Muy bueno","","No","No contactado","262","4","2","154","2100","13","5","Muy alta"
"milanuncios","510437734","Alquiler","Plurifamiliar","València","46001","Valencia","Valencia","Ciutat Vella","El Pilar","39.4710211538","-0.3821042177","","Profesional","Finaer","Sí","Sí","No","No","No","No","No","No","https://images.habimg.com/imgh/12f8e724-9085-496b-8c97-711bc990e982G.jpg","https://www.milanuncios.com/anuncios/r510437734.htm","2024-04-02","962471295","inmobiliariascongarantiafinaere6e5@realestate.com","No","","","No","No contactado","263","2","1","65","1800","27","119","Muy alta"
"milanuncios","514248603","Alquiler","Plurifamiliar","València","46021","Valencia","Valencia","El Pla del Real","Mestalla","39.4726357943","-0.3570161057","","Profesional","COSTA MAR REAL ESTATE","Sí","Sí","No","No","No","No","No","No","https://images.habimg.com/imgh/082f9d7b-a4a3-4dfb-893a-b7f9c7a679dfG.jpg","https://www.milanuncios.com/anuncios/r514248603.htm","2024-05-21","961287095","costamarrealestate083c@realestate.com","No","","","No","No contactado","264","3","2","100","1900","19","70","Muy alta"
"milanuncios","512084642","Alquiler","Plurifamiliar","València","46003","Valencia","Valencia","Ciutat Vella","La Xerea","39.4733709943","-0.3709648057","5","Profesional","PRINCESA INMOBILIARIA","Sí","Sí","No","No","No","No","No","No","https://images.habimg.com/imgh/16e10207-710f-4640-994b-380c04be15cdG.jpg","https://www.milanuncios.com/anuncios/r512084642.htm","2024-04-26","960963418","princesainmobiliariaaaaa@realestate.com","No","","","No","No contactado","265","3","1","100","1700","17","95","Muy alta"
"milanuncios","519602630","Alquiler","Plurifamiliar","València","46005","Valencia","Valencia","L'Eixample","Zona Gran Via","39.4650570232","-0.3675597395","","Profesional","KHOME","Sí","Sí","No","No","No","No","No","No","https://images.habimg.com/imgh/0a40d0f2-1e68-4456-88ec-3ab58c45f1a1G.jpg","https://www.milanuncios.com/anuncios/r519602630.htm","2024-07-16","962949703","okhomec512@realestate.com","No","","","No","No contactado","266","2","1","130","3000","23","14","Muy alta"
"habitaclia","BC2227","Alquiler","Plurifamiliar","BONITO PISO EN ARRANCAPINS","","Valencia","Valencia","Extramurs","Arrancapins","39.4693902722","-0.3844503278","2","Profesional","BENICASA 2002 SERVICIOS INMOBILIARIOS","No","Sí","No","No","No","No","No","No","https://images.habimg.com/imgh/18fb1e2b-beae-4f9e-be20-418caeda03e2G.jpg","https://www.habitaclia.com/i41070000001483","2024-06-21","963656620","serviciosinmobiliariosbc2002@outlook.es","No","Muy bueno","","No","No contactado","267","4","1","100","1440","14","39","Muy alta"
"milanuncios","518533744","Alquiler","Plurifamiliar","València","46022","Valencia","Valencia","Algirós","L'Illa Perduda","39.4705092423","-0.3407263217","","Profesional","Spaces Places","Sí","Sí","No","No","No","No","Sí","No","https://images.habimg.com/imgh/0104048c-5cc7-4b19-afee-a095a610a183G.jpg","https://www.milanuncios.com/anuncios/r518533744.htm","2024-07-05","962470857","spacesplaces120d@realestate.com","No","","","No","No contactado","268","3","2","102","1500","14","25","Muy alta"
"milanuncios","517887554","Alquiler","Plurifamiliar","València","46005","Valencia","Valencia","L'Eixample","Zona Gran Via","39.4649513462","-0.3711565124","1","Profesional","SEED CAPITAL SOCIEDAD LIMITADA","Sí","Sí","No","No","No","No","Sí","No","https://images.habimg.com/imgh/0398cc86-4006-4773-999a-c30a7994faddG.jpg","https://www.milanuncios.com/anuncios/r517887554.htm","2024-06-27","961282196","callaghaninmobiliariab028@realestate.com","No","","","No","No contactado","269","6","3","342","4500","13","33","Muy alta"
"habitaclia","1126","Alquiler","Plurifamiliar","PISO EN PATRAIX","","Valencia","Valencia","Patraix","Barrio de Patraix","39.4674620722","-0.3895959278","2","Profesional","Hola Inmobiliaria","No","No","No","No","No","No","No","No","https://images.habimg.com/imgh/1a59a66e-a4b5-4db0-884d-9ab0cff09ce3G.jpg","https://www.habitaclia.com/i51936000000038","2024-07-10","633040498","mlstrategicsl@gmail.com","No","Muy bueno","","No","No contactado","270","2","1","69","1100","15","20","Muy alta"
"habitaclia","AV2407019","Alquiler","Plurifamiliar","Piso en alquiler en El Carmen","","Valencia","Valencia","Ciutat Vella","El Carme","39.4782926072","-0.3820343928","0","Profesional","APROPERTIES REAL ESTATE - VALENCIA","Sí","Sí","No","No","No","No","No","No","https://images.habimg.com/imgh/4737-img3821905-478982859G.jpg","https://www.habitaclia.com/i4737003821905","2024-07-04","961285965","eva.martinez-fortun@aproperties.es","No","Muy bueno","","No","No contactado","271","4","2","101","2350","23","26","Muy alta"
"milanuncios","517880467","Alquiler","Plurifamiliar","València","46007","Valencia","Valencia","Extramurs","Arrancapins","39.4624737943","-0.3859292057","","Profesional","CM PROPERTIES","Sí","Sí","No","No","No","No","No","No","https://images.habimg.com/imgh/0a7f6d0e-670c-494a-adc9-53a9e488810cG.jpg","https://www.milanuncios.com/anuncios/r517880467.htm","2024-06-27","962470759","cmproperties8e5d@realestate.com","No","","","No","No contactado","272","2","1","99","1500","15","33","Muy alta"
"milanuncios","520663873","Alquiler","Plurifamiliar","València","46011","Valencia","Valencia","Poblats Marítims","La Malva-rosa","39.4813897943","-0.3287448057","1","Profesional","Yourentaflat S L","Sí","No","No","No","No","No","No","No","https://images.habimg.com/imgh/0b4f0000-1c86-464f-b2f7-ed53fad615f0G.jpg","https://www.milanuncios.com/anuncios/r520663873.htm","2024-07-29","962949758","live4life7722@realestate.com","No","","","No","No contactado","273","3","1","75","1100","14","1","Muy alta"
"milanuncios","516691077","Alquiler","Plurifamiliar","València","46013","Valencia","Valencia","Quatre Carreres","Na Rovella - Hermanos Maristas","39.4481077235","-0.3675320498","","Profesional","Arqgestion Y Desarrollos  S L","Sí","Sí","No","No","No","No","Sí","No","https://images.habimg.com/imgh/00e09321-631b-419c-ba7e-252642ee53fdG.jpg","https://www.milanuncios.com/anuncios/r516691077.htm","2024-06-14","960967527","arqtvalencia9fa1@realestate.com","No","","","No","No contactado","274","1","2","80","2000","25","46","Muy alta"
"habitaclia","PIS0126","Alquiler","Plurifamiliar","PISO EN TRINITAT","","Valencia","Valencia","La Saïdia","Trinitat","39.4875547634","-0.3642705277","0","Profesional","Inmobiliarias con garantía Finaer","No","Sí","No","No","No","No","No","No","https://images.habimg.com/imgh/17ea47f1-1b47-4c04-b9f5-6e7b3f2349f8G.jpg","https://www.habitaclia.com/i47750000000131","2024-06-05","0","inmoweb@finaer.es","No","Muy bueno","","No","No contactado","275","3","1","90","1200","13","55","Muy alta"
"milanuncios","190282214","Alquiler","Unifamiliar","Malvarrosa - C/ de Cavite","46011","Valencia","Valencia","Poblats Marítims","La Malva-rosa","39.4777882","-0.3265729","3","Particular","","No","No","No","Sí","Sí","No","No","No","","https://www.milanuncios.com/anuncios/r190282214.htm","2016-03-06","","","Sí","","","No","No contactado","276","2","1","75","120","1","3068","Muy alta"
"milanuncios","519873146","Alquiler","Plurifamiliar","Blasco Ibañez","46022","Valencia","Valencia","Algirós","La Carrasca","39.4782021112","-0.3395239942","1","Profesional","soraya","No","Sí","No","No","Sí","No","No","No","","https://www.milanuncios.com/anuncios/r519873146.htm","2024-07-18","685509385","inmosoraya@hotmail.com","No","","","No","No contactado","277","4","2","130","1400","10","6","Muy alta"
"milanuncios","518547425","Alquiler","Plurifamiliar","València","46013","Valencia","Valencia","Quatre Carreres","Ciutat de les Ciències i de les Arts - Justicia","39.4547894251","-0.3601153485","","Profesional","GRUP NOU MILENI","Sí","Sí","No","No","No","No","Sí","No","https://images.habimg.com/imgh/00514be0-5d41-4400-bf13-f82c0fc39d40G.jpg","https://www.milanuncios.com/anuncios/r518547425.htm","2024-07-05","961842600","grupnoumileni0997@realestate.com","No","","","No","No contactado","278","3","2","111","1500","13","13","Muy alta"
"milanuncios","518728735","Alquiler","Plurifamiliar","Benicalap","46015","Valencia","Valencia","Benicalap","Barrio de Benicalap","39.4912963679","-0.3908285321","","Profesional","GRUPO 90 CENTRAL","Sí","Sí","No","No","No","No","No","No","https://images.habimg.com/imgh/42610-img3359-479210506G.jpg","https://www.milanuncios.com/anuncios/r518728735.htm","2024-07-09","963489732","grupo90centrale9ab@realestate.com","No","","","No","No contactado","279","2","1","80","950","11","3","Muy alta"
"milanuncios","518039269","Alquiler","Plurifamiliar","Zaidía - C/ de Sarrión","46009","Valencia","Valencia","La Saïdia","Tormos","39.4878069","-0.3777869","4","Particular","","No","Sí","No","No","Sí","No","No","No","","https://www.milanuncios.com/anuncios/r518039269.htm","2024-06-29","","","No","","","No","No contactado","280","3","1","90","1200","13","3","Muy alta"
"milanuncios","520592638","Alquiler","Plurifamiliar","València","46022","Valencia","Valencia","Algirós","L'Illa Perduda","39.469724055","-0.341030845","","Profesional","Cargado","No","Sí","No","No","No","No","No","No","https://images.habimg.com/imgh/0f7f626b-4fc0-410c-9d71-99d62118f20eG.jpg","https://www.milanuncios.com/anuncios/r520592638.htm","2024-07-28","928195591","gestionesquimo04d2@realestate.com","No","","","No","No contactado","281","1","1","45","400","8","1","Muy alta"
"milanuncios","519728898","Alquiler","Plurifamiliar","València","46023","Valencia","Valencia","Camins al Grau","La Creu del Grau","39.4651663837","-0.3449095231","","Profesional","MONALVA ASESORES JURIDICOS E INMOBILIARIOS  S L","No","Sí","No","No","No","No","No","No","https://images.habimg.com/imgh/0a57a5a4-797d-4d73-bc6c-bbd6b9986b10G.jpg","https://www.milanuncios.com/anuncios/r519728898.htm","2024-07-17","962647198","grupomonalva2ae2@realestate.com","No","","","No","No contactado","282","2","1","65","899","13","2","Muy alta"
"milanuncios","518039269","Alquiler","Plurifamiliar","Zaidía - C/ de Sarrión","46009","Valencia","Valencia","La Saïdia","Tormos","39.4878069","-0.3777869","4","Particular","","No","Sí","No","No","Sí","No","No","No","","https://www.milanuncios.com/anuncios/r518039269.htm","2024-06-29","","","No","","","No","No contactado","283","3","1","90","1200","13","3","Muy alta"
"milanuncios","190282214","Alquiler","Unifamiliar","Malvarrosa - C/ de Cavite","46011","Valencia","Valencia","Poblats Marítims","La Malva-rosa","39.4777882","-0.3265729","3","Particular","","No","No","No","Sí","Sí","No","No","No","","https://www.milanuncios.com/anuncios/r190282214.htm","2016-03-06","","","Sí","","","No","No contactado","284","2","1","75","120","1","3040","Muy alta"
"milanuncios","190282214","Alquiler","Unifamiliar","Malvarrosa - C/ de Cavite","46011","Valencia","Valencia","Poblats Marítims","La Malva-rosa","39.4777882","-0.3265729","3","Particular","","No","No","No","Sí","Sí","No","No","No","","https://www.milanuncios.com/anuncios/r190282214.htm","2016-03-06","","","Sí","","","No","No contactado","285","2","1","75","120","1","3040","Muy alta"
"milanuncios","517861022","Alquiler","Plurifamiliar","València","46022","Valencia","Valencia","Algirós","Ciutat Jardí","39.4725785","-0.346852162","2","Profesional","Inmocuattro Patraix S L","No","Sí","No","No","No","No","No","No","https://images.habimg.com/imgh/030356e0-128f-416d-a710-f22cf59bdad1G.jpg","https://www.milanuncios.com/anuncios/r517861022.htm","2024-06-27","962647218","inmocuattrovalenciaf1d6@realestate.com","No","","","No","No contactado","286","3","1","89","1000","11","4","Muy alta"
"milanuncios","518044071","Alquiler","Plurifamiliar","València","46018","Valencia","Valencia","L'Olivereta","Nou Moles","39.4734783012","-0.3995773988","","Profesional","ALQUILER SEGURO CENTRAL","No","Sí","No","Sí","No","No","No","No","https://images.habimg.com/imgh/1bcd04c8-a2d4-4257-a163-a6d4c24be0c8G.jpg","https://www.milanuncios.com/anuncios/r518044071.htm","2024-06-29","919453756","alquilerseguro96f0@realestate.com","No","","","No","No contactado","287","3","2","121","850","7","3","Muy alta"
"milanuncios","518044071","Alquiler","Plurifamiliar","València","46018","Valencia","Valencia","L'Olivereta","Nou Moles","39.4734783012","-0.3995773988","","Profesional","ALQUILER SEGURO CENTRAL","No","Sí","No","Sí","No","No","No","No","https://images.habimg.com/imgh/1bcd04c8-a2d4-4257-a163-a6d4c24be0c8G.jpg","https://www.milanuncios.com/anuncios/r518044071.htm","2024-06-29","919453756","alquilerseguro96f0@realestate.com","No","","","No","No contactado","288","3","2","121","850","7","3","Muy alta"
"milanuncios","518371288","Alquiler","Plurifamiliar","Valencia","46018","Valencia","Valencia","L'Olivereta","Tres Forques","39.465660668","-0.397460332","6","Profesional","INMODESJU","No","Sí","No","No","No","No","No","No","https://images.habimg.com/imgh/22a2b2a7-755b-47f9-91fc-8d3fb2d40dc1G.jpg","https://www.milanuncios.com/anuncios/r518371288.htm","2024-07-03","960968749","inmodesju7aae@realestate.com","No","","","No","No contactado","289","3","1","78","900","11","5","Muy alta"
"habitaclia","MWW-24","Alquiler","Plurifamiliar","","","Valencia","Valencia","Algirós","L'Illa Perduda","39.4687592","-0.3419957","0","Profesional","GESTIONES QUIMO","No","Sí","No","No","No","No","No","No","https://images.habimg.com/imgh/0f7f626b-4fc0-410c-9d71-99d62118f20eG.jpg","https://www.habitaclia.com/i34930000000255","2024-07-28","627026495","gestionesquimo@gmail.com","No","Muy bueno","","No","No contactado","290","1","1","45","400","8","1","Muy alta"
"habitaclia","1709","Alquiler","Plurifamiliar","","","Valencia","Valencia","Rascanya","Torrefiel","39.496369","-0.3751849","1","Profesional","ALAMEDA 10DT","Sí","Sí","No","No","No","No","No","No","https://images.habimg.com/imgh/0906dc68-13f1-452b-8595-636e55258e3eG.jpg","https://www.habitaclia.com/i43366000000774","2024-06-17","690062272","info@alameda10dt.com","No","Muy bueno","","No","No contactado","291","4","2","104","1300","12","15","Muy alta"
"milanuncios","520490086","Alquiler","Plurifamiliar","València","46009","Valencia","Valencia","La Saïdia","Marxalenes","39.4894027345","-0.3853023985","","Profesional","ESTUDIO NUEVO BENICALAP S L","No","Sí","No","No","No","No","No","No","https://images.habimg.com/imgh/2bb6a6b8-8b12-402d-9823-26c9641df488G.jpg","https://www.milanuncios.com/anuncios/r520490086.htm","2024-07-25","637297831","estudionuevobenicalap5d6e@realestate.com","No","","","No","No contactado","292","4","1","65","450","6","1","Muy alta"
"milanuncios","518339673","Alquiler","Plurifamiliar","Valencia Capital - C/ de l''Enginyer Vic","46020","Valencia","Valencia","Benimaclet","Camí de Vera","39.49","-0.356367","","Profesional","Aproperties","No","Sí","No","No","No","No","No","No","https://images.habimg.com/imgh/4737-img3821893-478897713G.jpg","https://www.milanuncios.com/anuncios/r518339673.htm","2024-07-03","962648135","apropertiesrealestatevalencia6ff9@realestate.com","No","","","No","No contactado","293","4","2","90","1300","14","20","Muy alta"
"habitaclia","P3403","Alquiler","Plurifamiliar","Alquiler vivienda 3 habitaciones centro Valencia","","Valencia","Valencia","Ciutat Vella","Sant Francesc","39.4686732865","-0.3746849135","1","Profesional","Person Inmobiliaria","Sí","Sí","No","No","No","No","No","No","https://images.habimg.com/imgh/0c334fdf-1335-448e-9732-16af1a5a3cf3G.jpg","https://www.habitaclia.com/i33945000001719","2024-06-13","722161141","info@personinmobiliaria.com","No","Muy bueno","","No","No contactado","294","3","2","100","1800","18","19","Muy alta"
"milanuncios","512767694","Alquiler","Plurifamiliar","València","46021","Valencia","Valencia","Algirós","L'Amistat","39.4744323012","-0.3469901988","","Profesional","","Sí","Sí","No","No","No","No","No","No","https://images.habimg.com/imgh/032e3250-580f-4458-997a-0835eaaf541dG.jpg","https://www.milanuncios.com/anuncios/r512767694.htm","2024-05-06","","","No","","","No","No contactado","295","4","2","100","2000","20","57","Muy alta"
"habitaclia","1709","Alquiler","Plurifamiliar","","","Valencia","Valencia","Rascanya","Torrefiel","39.496369","-0.3751849","1","Profesional","ALAMEDA 10DT","Sí","Sí","No","No","No","No","No","No","https://images.habimg.com/imgh/0906dc68-13f1-452b-8595-636e55258e3eG.jpg","https://www.habitaclia.com/i43366000000774","2024-06-17","690062272","info@alameda10dt.com","No","Muy bueno","","No","No contactado","296","4","2","104","1300","12","15","Muy alta"
"habitaclia","1806","Alquiler","Plurifamiliar","","","Valencia","Valencia","Camins al Grau","Penya - Roja - Avda. Francia","39.4629657786","-0.3543519214","7","Profesional","ALAMEDA 10DT","Sí","Sí","No","No","No","No","No","No","https://images.habimg.com/imgh/0f36d8e9-3d6e-42d2-bb0e-408be37007f9G.jpg","https://www.habitaclia.com/i43366000000652","2024-05-22","690062272","info@alameda10dt.com","No","Muy bueno","","No","No contactado","297","3","2","90","1600","17","41","Muy alta"
"milanuncios","518053859","Alquiler","Plurifamiliar","València","46020","Valencia","Valencia","Benimaclet","Camí de Vera","39.4947378312","-0.3559487088","1","Profesional","NOVA ALBORAIA SL","Sí","Sí","No","No","No","No","No","No","https://images.habimg.com/imgh/00c33f3a-12e8-46da-9a9f-bddc1372c019G.jpg","https://www.milanuncios.com/anuncios/r518053859.htm","2024-06-30","962644709","novaalboraia4a80@realestate.com","No","","","No","No contactado","298","2","2","80","850","10","2","Muy alta"
"milanuncios","518178476","Alquiler","Plurifamiliar","Benicalap - Carrer de Conchita Piquer","46015","Valencia","Valencia","Campanar","El Calvari - La Fe","39.4868255","-0.3916494","2","Particular","","No","Sí","No","No","No","No","No","No","","https://www.milanuncios.com/anuncios/r518178476.htm","2024-07-01","","","No","","","No","No contactado","299","3","1","67","800","11","1","Muy alta"
"habitaclia","1806","Alquiler","Plurifamiliar","","","Valencia","Valencia","Camins al Grau","Penya - Roja - Avda. Francia","39.4629657786","-0.3543519214","7","Profesional","ALAMEDA 10DT","Sí","Sí","No","No","No","No","No","No","https://images.habimg.com/imgh/0f36d8e9-3d6e-42d2-bb0e-408be37007f9G.jpg","https://www.habitaclia.com/i43366000000652","2024-05-22","690062272","info@alameda10dt.com","No","Muy bueno","","No","No contactado","300","3","2","90","1600","17","41","Muy alta"
"habitaclia","I-00L0JS-W-02W2EU","Alquiler","Plurifamiliar","Apartamento  junto al Ayuntamiento","","Valencia","Valencia","Ciutat Vella","Sant Francesc","39.4694418612","-0.3782151388","1","Profesional","Engel & Völkers","Sí","Sí","No","No","No","No","No","No","https://images.habimg.com/imgh/0561da6a-e743-4004-b253-07604dfe7558G.jpg","https://www.habitaclia.com/i5953003369096","2024-07-02","963517897","valencia@engelvoelkers.com","No","Muy bueno","","No","No contactado","301","2","2","77","1100","14","6","Muy alta"
"milanuncios","518053859","Alquiler","Plurifamiliar","València","46020","Valencia","Valencia","Benimaclet","Camí de Vera","39.4947378312","-0.3559487088","1","Profesional","NOVA ALBORAIA SL","Sí","Sí","No","No","No","No","No","No","https://images.habimg.com/imgh/00c33f3a-12e8-46da-9a9f-bddc1372c019G.jpg","https://www.milanuncios.com/anuncios/r518053859.htm","2024-06-30","962644709","novaalboraia4a80@realestate.com","No","","","No","No contactado","302","2","2","80","850","10","2","Muy alta"
"milanuncios","518478139","Alquiler","Plurifamiliar","Valencia","46022","Valencia","Valencia","Algirós","L'Illa Perduda","39.4715549954","-0.3386042672","1","Profesional","AYORA REAL ESTATE SL","Sí","Sí","No","No","No","No","No","No","https://images.habimg.com/imgh/134a1b93-65a8-492a-abb5-3a497002cebdG.jpg","https://www.milanuncios.com/anuncios/r518478139.htm","2024-07-04","962645802","everlyhomeislaperdida59e3@realestate.com","No","","","No","No contactado","303","3","1","90","1100","12","4","Muy alta"
"habitaclia","P3403","Alquiler","Plurifamiliar","Alquiler vivienda 3 habitaciones centro Valencia","","Valencia","Valencia","Ciutat Vella","Sant Francesc","39.4686732865","-0.3746849135","1","Profesional","Person Inmobiliaria","Sí","Sí","No","No","No","No","No","No","https://images.habimg.com/imgh/0c334fdf-1335-448e-9732-16af1a5a3cf3G.jpg","https://www.habitaclia.com/i33945000001719","2024-06-13","722161141","info@personinmobiliaria.com","No","Muy bueno","","No","No contactado","304","3","2","100","1800","18","19","Muy alta"
"milanuncios","518178476","Alquiler","Plurifamiliar","Benicalap - Carrer de Conchita Piquer","46015","Valencia","Valencia","Campanar","El Calvari - La Fe","39.4868255","-0.3916494","2","Particular","","No","Sí","No","No","No","No","No","No","","https://www.milanuncios.com/anuncios/r518178476.htm","2024-07-01","","","No","","","No","No contactado","305","3","1","67","800","11","1","Muy alta"
"habitaclia","I-00L0K5-W-02WCDQ","Alquiler","Plurifamiliar","Linda vivienda con balcón","","Valencia","Valencia","El Pla del Real","Mestalla","39.4714534689","-0.3551745311","3","Profesional","Engel & Völkers","Sí","Sí","No","No","No","No","No","No","https://images.habimg.com/imgh/32fe0ce9-64ec-401d-8206-cc90bc2224b4G.jpg","https://www.habitaclia.com/i5953003369098","2024-07-02","963517897","valencia@engelvoelkers.com","No","Muy bueno","","No","No contactado","306","2","1","100","1600","16","9","Muy alta"
"milanuncios","518089694","Alquiler","Plurifamiliar","València","46021","Valencia","Valencia","Algirós","La Carrasca","39.479367237","-0.344886263","","Profesional","INMOBELIA SL","Sí","Sí","No","No","No","No","No","No","https://images.habimg.com/imgh/0184976d-43a1-4742-833f-595c1ff0e4b8G.jpg","https://www.milanuncios.com/anuncios/r518089694.htm","2024-06-30","912184951","keyok8ddb@realestate.com","No","","","No","No contactado","307","1","1","45","400","8","1","Muy alta"
"milanuncios","519825242","Alquiler","Plurifamiliar","València","46022","Valencia","Valencia","Algirós","Ciutat Jardí","39.4706832231","-0.3461867769","","Profesional","ARK   KASA","No","Sí","No","No","No","No","No","No","https://images.habimg.com/imgh/04865aa1-88eb-4ed0-9d5c-c843d35e7d4cG.jpg","https://www.milanuncios.com/anuncios/r519825242.htm","2024-07-17","962470598","arkkasa954b@realestate.com","No","","","No","No contactado","308","3","2","104","1200","11","9","Muy alta"
"milanuncios","518849236","Alquiler","Plurifamiliar","València","46018","Valencia","Valencia","L'Olivereta","Tres Forques","39.47126726","-0.40402124","1","Profesional","MIGUEL PASCUAL CASA","No","Sí","No","Sí","No","No","No","No","https://images.habimg.com/imgh/13cd5f9f-b5af-4400-a272-9cbc26498d03G.jpg","https://www.milanuncios.com/anuncios/r518849236.htm","2024-07-10","960968071","benicasa2002serviciosinmobiliard23d@realestate.com","No","","","No","No contactado","309","4","1","110","1200","10","5","Muy alta"
"milanuncios","519825242","Alquiler","Plurifamiliar","València","46022","Valencia","Valencia","Algirós","Ciutat Jardí","39.4713806886","-0.3454893114","","Profesional","ARK   KASA","No","Sí","No","No","No","No","No","No","https://images.habimg.com/imgh/04865aa1-88eb-4ed0-9d5c-c843d35e7d4cG.jpg","https://www.milanuncios.com/anuncios/r519825242.htm","2024-07-17","962470598","arkkasa954b@realestate.com","No","","","No","No contactado","310","3","2","104","1200","11","2","Muy alta"
"milanuncios","512767694","Alquiler","Plurifamiliar","València","46021","Valencia","Valencia","Algirós","L'Amistat","39.4744323012","-0.3469901988","","Profesional","","Sí","Sí","No","No","No","No","No","No","https://images.habimg.com/imgh/032e3250-580f-4458-997a-0835eaaf541dG.jpg","https://www.milanuncios.com/anuncios/r512767694.htm","2024-05-06","","","No","","","No","No contactado","311","4","2","100","2000","20","57","Muy alta"
"habitaclia","19743","Alquiler","Plurifamiliar","ALQUILER VIVIENDA EN VALENCIA","","Valencia","Valencia","Ciutat Vella","La Xerea","39.4747471582","-0.3733343418","1","Profesional","SERINFO","No","No","No","No","No","No","No","No","https://images.habimg.com/imgh/5207d1e3-150b-40a5-97ca-3350fa5bbbaaG.jpg","https://www.habitaclia.com/i11736002354491","2024-07-05","961134218","clientes@serinfovalencia.com","No","Muy bueno","","No","No contactado","312","1","1","50","750","15","1","Muy alta"
"milanuncios","518609155","Alquiler","Plurifamiliar","València","46021","Valencia","Valencia","Algirós","La Carrasca","39.4787916744","-0.3454618256","","Profesional","M  JOSEFA MARTIN DEL ARCO","Sí","Sí","No","No","No","No","No","No","https://images.habimg.com/imgh/071449a1-7fef-4147-a965-78b65fcbfff1G.jpg","https://www.milanuncios.com/anuncios/r518609155.htm","2024-07-06","923118167","argimiromartina2d7@realestate.com","No","","","No","No contactado","313","1","1","45","400","8","1","Muy alta"
"milanuncios","518957678","Alquiler","Plurifamiliar","València","46004","Valencia","Valencia","L'Eixample","El Pla del Remei","39.4670906433","-0.3746467067","","Profesional","Ml Strategic Properties S L","Sí","Sí","No","No","No","No","No","No","https://images.habimg.com/imgh/3c36d7b2-9835-4f7b-9d0e-86bb93fa626eG.jpg","https://www.milanuncios.com/anuncios/r518957678.htm","2024-07-10","962646172","holainmobiliariaab2f@realestate.com","No","","","No","No contactado","314","5","3","150","5000","33","20","Muy alta"
"milanuncios","519863605","Alquiler","Plurifamiliar","Olivereta","46008","Valencia","Valencia","Extramurs","La Petxina","39.4695127943","-0.3923172057","1","Profesional","SERVICIOS INMOBILIARIOSCASA BELLA  S L","Sí","Sí","No","No","No","No","No","No","https://images.habimg.com/imgh/06559859-3493-4899-8212-ad485cbc1e96G.jpg","https://www.milanuncios.com/anuncios/r519863605.htm","2024-07-18","962470194","casabellafa07@realestate.com","No","","","No","No contactado","315","3","2","88","1300","14","12","Muy alta"
"habitaclia","I-00L11G-W-02WE4K","Alquiler","Plurifamiliar","Luminosa vivienda con garaje en Pla de Real","","Valencia","Valencia","El Pla del Real","Ciutat Universitària","39.4776126072","-0.3555983928","6","Profesional","Engel & Völkers","Sí","Sí","Sí","No","No","No","No","No","https://images.habimg.com/imgh/1cd0e887-cb36-4632-893c-490f5d0895b4G.jpg","https://www.habitaclia.com/i5953003369208","2024-07-15","963517897","valencia@engelvoelkers.com","No","Muy bueno","","No","No contactado","316","3","2","173","2300","13","15","Muy alta"
"habitaclia","4552582","Alquiler","Plurifamiliar","Precioso loft","46018","Valencia","Valencia","Extramurs","La Petxina","39.4700019","-0.3894957","4","Particular","","Sí","No","No","No","No","No","No","No","https://images.habimg.com/imgh/500-img4552582-467858849G.jpg","https://www.habitaclia.com/i500004552582","2024-02-29","641519274","pepacalvete@hotmail.com","No","Muy bueno","","No","No contactado","317","1","1","55","1200","21","152","Muy alta"
"milanuncios","508377662","Alquiler","Plurifamiliar","València","46017","Valencia","Valencia","Jesús","La Creu Coberta","39.4469070943","-0.3863775057","","Profesional","ALBORA GESTION TOTAL  S L","No","Sí","No","Sí","No","No","No","No","https://images.habimg.com/imgh/0fbe7e02-cc2b-45c5-9c7f-7af7cd869724G.jpg","https://www.milanuncios.com/anuncios/r508377662.htm","2023-12-14","962470835","tumikasa056d@realestate.com","No","","","No","No contactado","318","1","1","54","950","17","229","Muy alta"
"milanuncios","520278131","Alquiler","Plurifamiliar","Mislata","46009","Mislata","Valencia","Campanar","Les Tendetes - Avenida Burjassot","39.4814437943","-0.3879032057","","Profesional","EV MMC SPAIN  S L U","Sí","Sí","No","No","No","No","No","No","https://images.habimg.com/imgh/02fc7ed7-4c14-4e48-9b20-08f401d0e696G.jpg","https://www.milanuncios.com/anuncios/r520278131.htm","2024-07-23","962646083","engelvolkers809d@realestate.com","No","","","No","No contactado","319","4","2","133","1400","10","7","Muy alta"
"milanuncios","520409469","Alquiler","Unifamiliar","Campanar - C/ d''en Sala","46002","Valencia","Valencia","Ciutat Vella","La Xerea","39.4731788635","-0.3736799955","1","Particular","","Sí","Sí","Sí","No","Sí","No","No","No","","https://www.milanuncios.com/anuncios/r520409469.htm","2024-07-24","","","No","","","No","No contactado","320","3","1","100","85","","3","Muy alta"
"milanuncios","518843440","Alquiler","Plurifamiliar","Ensanche - Carrer del Mestre Josep Serr","46005","Valencia","Valencia","L'Eixample","Russafa","39.4635129","-0.3705564","4","Particular","","No","Sí","No","No","No","No","No","No","","https://www.milanuncios.com/anuncios/r518843440.htm","2024-07-10","","","No","","","No","No contactado","321","1","1","70","850","12","5","Muy alta"
"milanuncios","519107674","Alquiler","Plurifamiliar","València","46008","Valencia","Valencia","Extramurs","Arrancapins","39.4696562094","-0.3885238374","3","Profesional","LLAVEMAESTRA REDINMOBILIARIA SL","No","Sí","No","No","No","No","No","No","https://images.habimg.com/imgh/0235aca7-7c4e-418f-921e-6de18ce2ef07G.jpg","https://www.milanuncios.com/anuncios/r519107674.htm","2024-07-11","962940138","llavemaestraplayaperello2464@realestate.com","No","","","No","No contactado","322","2","1","57","850","14","6","Muy alta"
"milanuncios","517564492","Alquiler","Plurifamiliar","València","46020","Valencia","Valencia","Benimaclet","Barrio de Benimaclet","39.4864046679","-0.3528714321","","Profesional","TEMPOCASA ZAIDÍA","Sí","Sí","No","No","No","No","No","No","https://images.habimg.com/imgh/026cd65e-49e2-4efc-a0aa-a1c01a0075baG.jpg","https://www.milanuncios.com/anuncios/r517564492.htm","2024-06-24","962645069","tempocasazaidia3bde@realestate.com","No","","","No","No contactado","323","2","2","85","1100","12","18","Muy alta"
"milanuncios","519248609","Alquiler","Plurifamiliar","València","46019","Valencia","Valencia","Rascanya","Orriols","39.4923181671","-0.3712187033","1","Profesional","","No","No","No","No","No","No","No","No","https://images.habimg.com/imgh/03a8b4d0-8512-423b-9844-91d3c4f18c06G.jpg","https://www.milanuncios.com/anuncios/r519248609.htm","2024-07-12","","","No","","","No","No contactado","324","2","1","70","850","12","6","Muy alta"
"milanuncios","520587887","Alquiler","Plurifamiliar","València","46022","Valencia","Valencia","Algirós","L'Illa Perduda","39.469724055","-0.341030845","","Profesional","Cargado","No","Sí","No","No","No","No","No","No","https://images.habimg.com/imgh/079de8ae-2456-4e0f-82b7-8aaa51f02d0fG.jpg","https://www.milanuncios.com/anuncios/r520587887.htm","2024-07-27","928195591","gestionesquimo04d2@realestate.com","No","","","No","No contactado","325","2","2","70","500","7","2","Muy alta"
"milanuncios","188695368","Alquiler","Unifamiliar","Malvarrosa - Carrer del Teide","46011","Valencia","Valencia","Poblats Marítims","La Malva-rosa","39.4822082","-0.3285263","1","Particular","","No","No","No","No","No","No","No","No","","https://www.milanuncios.com/anuncios/r188695368.htm","2016-02-20","","","No","","","No","No contactado","326","2","1","70","90","1","3055","Muy alta"
"milanuncios","188695368","Alquiler","Unifamiliar","Malvarrosa - Carrer del Teide","46011","Valencia","Valencia","Poblats Marítims","La Malva-rosa","39.4822082","-0.3285263","1","Particular","","No","No","No","No","No","No","No","No","","https://www.milanuncios.com/anuncios/r188695368.htm","2016-02-20","","","No","","","No","No contactado","327","2","1","70","90","1","3055","Muy alta"
"milanuncios","518581885","Alquiler","Plurifamiliar","València","46015","Valencia","Valencia","Benicalap","Barrio de Benicalap","39.492623466","-0.392852247","4","Profesional","ESTUDIO NUEVO BENICALAP S L","Sí","No","No","No","No","No","No","No","https://images.habimg.com/imgh/0b468da0-f965-4603-9d71-ccd5c392ea1fG.jpg","https://www.milanuncios.com/anuncios/r518581885.htm","2024-07-06","637297831","estudionuevobenicalap5d6e@realestate.com","No","","","No","No contactado","328","4","1","70","350","5","2","Muy alta"
"milanuncios","519552624","Alquiler","Plurifamiliar","València","46011","Valencia","Valencia","Poblats Marítims","La Malva-rosa","39.4837678049","-0.3265003911","","Profesional","Ml Strategic Properties S L","No","No","No","No","No","No","No","No","https://images.habimg.com/imgh/0f10cc7c-f311-4c08-a566-b36d065b5cc4G.jpg","https://www.milanuncios.com/anuncios/r519552624.htm","2024-07-15","962646172","holainmobiliariaab2f@realestate.com","No","","","No","No contactado","329","1","1","79","800","10","3","Muy alta"
"milanuncios","520169287","Alquiler","Unifamiliar","playa de Gandia  - C/ de Gandia","46007","Valencia","Valencia","Extramurs","La Roqueta","39.4690246582","-0.3832122982","Entresuelo","Particular","","Sí","No","No","No","No","Sí","Sí","No","","https://www.milanuncios.com/anuncios/r520169287.htm","2024-07-21","","","No","","","No","No contactado","330","3","2","80","580","7","4","Muy alta"
"milanuncios","518269848","Alquiler","Plurifamiliar","València","46020","Valencia","Valencia","Benimaclet","Barrio de Benimaclet","39.486166168","-0.355268232","","Profesional","INMOBILIARIA EUROIN","Sí","Sí","No","No","No","No","No","No","https://images.habimg.com/imgh/08201506-923f-4a11-b715-83cb56d3041aG.jpg","https://www.milanuncios.com/anuncios/r518269848.htm","2024-07-02","962949218","inmobiliariaeuroin179f@realestate.com","No","","","No","No contactado","331","3","1","100","1000","10","6","Muy alta"
"milanuncios","518226715","Alquiler","Plurifamiliar","València","46003","Valencia","Valencia","Ciutat Vella","La Xerea","39.4741100943","-0.3713686057","","Profesional","SERINFO 1998  S L","No","No","No","No","No","No","No","No","https://images.habimg.com/imgh/10fb127b-e0ac-4601-b128-fb21f1e481aaG.jpg","https://www.milanuncios.com/anuncios/r518226715.htm","2023-12-07","962641584","serinfo2d96@realestate.com","No","","","No","No contactado","332","3","1","70","800","11","236","Muy alta"
"milanuncios","514320472","Alquiler","Plurifamiliar","València","46021","Valencia","Valencia","Camins al Grau","Albors","39.4729508012","-0.3523404988","1","Profesional","Inmolax S L","Sí","Sí","No","No","No","No","No","No","https://images.habimg.com/imgh/82c39ecc-1c97-41f5-be98-dbf106a1d787G.jpg","https://www.milanuncios.com/anuncios/r514320472.htm","2024-05-22","962470692","laxinmobiliariavalencia0975@realestate.com","No","","","No","No contactado","333","1","1","57","950","16","41","Muy alta"
"milanuncios","517719556","Alquiler","Plurifamiliar","València","46021","Valencia","Valencia","Algirós","La Bega Baixa - Plaza Xúquer","39.4790469012","-0.3446947988","7","Profesional","ANUBIS KOOP SL","No","Sí","No","No","No","No","No","No","","https://www.milanuncios.com/anuncios/r517719556.htm","2024-06-26","962644316","primergrupomarenostrumbab7@realestate.com","No","","","No","No contactado","334","3","2","90","1100","12","6","Muy alta"
"milanuncios","517719556","Alquiler","Plurifamiliar","València","46021","Valencia","Valencia","Algirós","La Bega Baixa - Plaza Xúquer","39.4790469012","-0.3446947988","7","Profesional","ANUBIS KOOP SL","No","Sí","No","No","No","No","No","No","","https://www.milanuncios.com/anuncios/r517719556.htm","2024-06-26","962644316","primergrupomarenostrumbab7@realestate.com","No","","","No","No contactado","335","3","2","90","1100","12","6","Muy alta"
"milanuncios","517945972","Alquiler","Plurifamiliar","València","46009","Valencia","Valencia","La Saïdia","Morvedre","39.4873143012","-0.3743577988","1","Profesional","IGUALA CHOLBI  CRUZ","No","No","No","No","No","No","No","No","https://images.habimg.com/imgh/1476fc88-c383-4f73-b71a-3d2f141a12b8G.jpg","https://www.milanuncios.com/anuncios/r517945972.htm","2024-06-28","962645389","cdecasa44a2@realestate.com","No","","","No","No contactado","336","2","1","71","800","11","4","Muy alta"
"milanuncios","514320472","Alquiler","Plurifamiliar","València","46021","Valencia","Valencia","Camins al Grau","Albors","39.4729508012","-0.3523404988","1","Profesional","Inmolax S L","Sí","Sí","No","No","No","No","No","No","https://images.habimg.com/imgh/82c39ecc-1c97-41f5-be98-dbf106a1d787G.jpg","https://www.milanuncios.com/anuncios/r514320472.htm","2024-05-22","962470692","laxinmobiliariavalencia0975@realestate.com","No","","","No","No contactado","337","1","1","57","950","16","41","Muy alta"
"milanuncios","518692594","Alquiler","Plurifamiliar","Rascanya - Torrefiel","46019","Valencia","Valencia","Rascanya","Torrefiel","39.4934976903","-0.3729923097","","Profesional","TECNOPISO CATARROJA SC","Sí","Sí","No","No","No","No","Sí","No","https://images.habimg.com/imgh/8682-img3970790-479159232G.jpg","https://www.milanuncios.com/anuncios/r518692594.htm","2024-07-08","960964380","tecnopisocatarroja4f32@realestate.com","No","","","No","No contactado","338","2","2","80","900","11","9","Muy alta"
"milanuncios","517945972","Alquiler","Plurifamiliar","València","46009","Valencia","Valencia","La Saïdia","Morvedre","39.4873143012","-0.3743577988","1","Profesional","IGUALA CHOLBI  CRUZ","No","No","No","No","No","No","No","No","https://images.habimg.com/imgh/1476fc88-c383-4f73-b71a-3d2f141a12b8G.jpg","https://www.milanuncios.com/anuncios/r517945972.htm","2024-06-28","962645389","cdecasa44a2@realestate.com","No","","","No","No contactado","339","2","1","71","800","11","4","Muy alta"
"milanuncios","269000868","Alquiler","Unifamiliar","-1","46015","Valencia","Valencia","Benicalap","Barrio de Benicalap","39.4935736012","-0.3925548988","4","Particular","","No","No","No","No","No","No","No","No","","https://www.milanuncios.com/anuncios/r269000868.htm","2018-05-19","","","No","","","No","No contactado","340","2","1","55","90","1","2236","Muy alta"
"milanuncios","269000868","Alquiler","Unifamiliar","-1","46015","Valencia","Valencia","Benicalap","Barrio de Benicalap","39.4935736012","-0.3925548988","4","Particular","","No","No","No","No","No","No","No","No","","https://www.milanuncios.com/anuncios/r269000868.htm","2018-05-19","","","No","","","No","No contactado","341","2","1","55","90","1","2236","Muy alta"
"milanuncios","518371288","Alquiler","Plurifamiliar","Valencia","46018","Valencia","Valencia","L'Olivereta","Tres Forques","39.4651509179","-0.3979700821","6","Profesional","INMODESJU","No","Sí","No","No","No","No","No","No","https://images.habimg.com/imgh/22a2b2a7-755b-47f9-91fc-8d3fb2d40dc1G.jpg","https://www.milanuncios.com/anuncios/r518371288.htm","2024-07-03","960968749","inmodesju7aae@realestate.com","No","","","No","No contactado","342","3","1","78","900","11","15","Muy alta"
"milanuncios","519724809","Alquiler","Plurifamiliar","València","46018","Valencia","Valencia","L'Olivereta","Nou Moles","39.4727769219","-0.3960470333","3","Profesional","GESTIÓN DE VIVIENDAS","Sí","Sí","No","No","No","No","No","No","https://images.habimg.com/imgh/07413cdf-ba3f-4dfe-8fc8-9897f792177eG.jpg","https://www.milanuncios.com/anuncios/r519724809.htm","2024-07-17","961280532","gestiondeviviendasffab@realestate.com","No","","","No","No contactado","343","3","2","90","950","10","13","Muy alta"
"milanuncios","269000868","Alquiler","Unifamiliar","-1","46015","Valencia","Valencia","Benicalap","Barrio de Benicalap","39.4910362943","-0.3950922057","4","Particular","","No","No","No","No","No","No","No","No","","https://www.milanuncios.com/anuncios/r269000868.htm","2018-05-19","","","No","","","No","No contactado","344","2","1","55","90","1","2264","Muy alta"
"habitaclia","4553191","Alquiler","Plurifamiliar","Loft amueblado con gastos incluidos","46023","Valencia","Valencia","Camins al Grau","Penya - Roja - Avda. Francia","39.4643589","-0.3558863","7","Particular","","Sí","Sí","No","No","No","No","No","No","https://images.habimg.com/imgh/500-img4553191-468388692G.jpg","https://www.habitaclia.com/i500004553191","2024-03-04","662197151","carlagobernagarcia@gmail.com","No","Muy bueno","","No","No contactado","345","1","1","100","1100","11","120","Muy alta"
"Fotocasa","","Alquiler","Plurifamiliar","Piso en Alquiler en La Malva-rosa","46001","Valencia","Valencia","Poblats Marítims","La Malva-rosa","39.4731380842","-0.3280656158","Entresuelo","Particular","tenttoni5","No","Sí","No","No","No","No","No","No","https://static.fotocasa.es/images/anuncio/2024/06/27/183695782/3927332030.jpg?rule=feeds_1920x1080","https://www.fotocasa.es/Building/Building_Detail.aspx?ai=183695782&tti=1","2024-06-27","610502916","tenttoni5@gmail.com","No","Muy bueno","","No","No contactado","346","2","1","100","2000","20","4","Muy alta"
"habitaclia","4553191","Alquiler","Plurifamiliar","Loft amueblado con gastos incluidos","46023","Valencia","Valencia","Camins al Grau","Penya - Roja - Avda. Francia","39.4643589","-0.3558863","7","Particular","","Sí","Sí","No","No","No","No","No","No","https://images.habimg.com/imgh/500-img4553191-468388692G.jpg","https://www.habitaclia.com/i500004553191","2024-03-04","662197151","carlagobernagarcia@gmail.com","No","Muy bueno","","No","No contactado","347","1","1","100","1100","11","120","Muy alta"
"habitaclia","01115","Alquiler","Plurifamiliar","Estudiantes !! Piso en alquiler de 3 dormitorios, baño y aseo, aire acondicionado y calefacción.","","Valencia","Valencia","El Pla del Real","Mestalla","39.4748765865","-0.3541467135","6","Profesional","VALENCIA BIENES RAICES","Sí","Sí","No","No","No","No","No","No","https://images.habimg.com/imgh/02377a4d-239f-4603-a431-e5fa7147d334G.jpg","https://www.habitaclia.com/i9679002238122","2024-06-14","963257576","agente1@valenciabienesraices.es","No","Muy bueno","","No","No contactado","348","3","2","80","1200","15","18","Muy alta"
"habitaclia","00614VMC","Alquiler","Plurifamiliar","","","Valencia","Valencia","Algirós","La Bega Baixa - Plaza Xúquer","39.4756117865","-0.3481382135","0","Profesional","VALENCIA MA CASA","Sí","Sí","No","No","No","No","No","No","https://images.habimg.com/imgh/1db452ac-a50b-41fc-bb6f-e7a204f90f99G.jpg","https://www.habitaclia.com/i32361000003279","2024-02-10","960714992<br> 655121880","info@valenciamacasa.com","No","Muy bueno","","No","No contactado","349","4","2","140","1550","11","143","Muy alta"
"milanuncios","515528812","Alquiler","Plurifamiliar","València","46019","Valencia","Valencia","Rascanya","Sant Llorenç - Zona Alfahuir","39.4943901012","-0.3593998988","","Profesional","CM PROPERTIES","Sí","Sí","No","Sí","No","No","No","No","https://images.habimg.com/imgh/037bcc92-6853-46bf-8c5c-8e549a8630cdG.jpg","https://www.milanuncios.com/anuncios/r515528812.htm","2024-06-04","962470759","cmproperties8e5d@realestate.com","No","","","No","No contactado","350","4","2","161","1850","11","28","Muy alta"
"milanuncios","518253535","Alquiler","Plurifamiliar","Amistad - C/ dels Sants Just i Pastor","46022","Valencia","Valencia","Camins al Grau","Aiora","39.4686218","-0.3447327","1","Particular","","No","Sí","No","No","Sí","No","No","No","","https://www.milanuncios.com/anuncios/r518253535.htm","2024-07-02","","","No","","","No","No contactado","351","1","2","23","375","16","3","Muy alta"
"habitaclia","AOJIHB-31","Alquiler","Plurifamiliar","","","Valencia","Valencia","L'Eixample","El Pla del Remei","39.4706231","-0.3696349","0","Profesional","GESTIONES QUIMO","No","Sí","No","No","No","No","No","No","https://images.habimg.com/imgh/00a3df0e-4434-497b-8ef3-06548576e104G.jpg","https://www.habitaclia.com/i34930000000177","2024-07-27","627026495","gestionesquimo@gmail.com","No","Muy bueno","","No","No contactado","352","2","2","70","500","7","2","Muy alta"
"habitaclia","01115","Alquiler","Plurifamiliar","Estudiantes !! Piso en alquiler de 3 dormitorios, baño y aseo, aire acondicionado y calefacción.","","Valencia","Valencia","El Pla del Real","Mestalla","39.4748765865","-0.3541467135","6","Profesional","VALENCIA BIENES RAICES","Sí","Sí","No","No","No","No","No","No","https://images.habimg.com/imgh/02377a4d-239f-4603-a431-e5fa7147d334G.jpg","https://www.habitaclia.com/i9679002238122","2024-06-14","963257576","agente1@valenciabienesraices.es","No","Muy bueno","","No","No contactado","353","3","2","80","1200","15","18","Muy alta"
"milanuncios","515528812","Alquiler","Plurifamiliar","València","46019","Valencia","Valencia","Rascanya","Sant Llorenç - Zona Alfahuir","39.4943901012","-0.3593998988","","Profesional","CM PROPERTIES","Sí","Sí","No","Sí","No","No","No","No","https://images.habimg.com/imgh/037bcc92-6853-46bf-8c5c-8e549a8630cdG.jpg","https://www.milanuncios.com/anuncios/r515528812.htm","2024-06-04","962470759","cmproperties8e5d@realestate.com","No","","","No","No contactado","354","4","2","161","1850","11","28","Muy alta"
"habitaclia","00614VMC","Alquiler","Plurifamiliar","","","Valencia","Valencia","Algirós","La Bega Baixa - Plaza Xúquer","39.4756117865","-0.3481382135","0","Profesional","VALENCIA MA CASA","Sí","Sí","No","No","No","No","No","No","https://images.habimg.com/imgh/1db452ac-a50b-41fc-bb6f-e7a204f90f99G.jpg","https://www.habitaclia.com/i32361000003279","2024-02-10","960714992<br> 655121880","info@valenciamacasa.com","No","Muy bueno","","No","No contactado","355","4","2","140","1550","11","143","Muy alta"
"milanuncios","517838534","Alquiler","Plurifamiliar","Camí Real - C/ de l''Enginyer José Sirera","46017","Valencia","Valencia","Jesús","Sant Marcel.lí","39.4463422","-0.3911624","4","Particular","","No","Sí","No","No","No","No","No","No","","https://www.milanuncios.com/anuncios/r517838534.htm","2024-06-27","","","No","","","No","No contactado","356","1","1","70","1200","17","5","Muy alta"
"habitaclia","0099-00763","Alquiler","Plurifamiliar","","","Valencia","Valencia","Poblats Marítims","El Grau","39.4619908865","-0.3359025135","0","Profesional","CENTURY 21 LIBERTY HOME","No","Sí","No","No","No","No","No","No","https://images.habimg.com/imgh/200df059-1176-4ba4-93e0-a5f544845c09G.jpg","https://www.habitaclia.com/i34268000002222","2024-06-29","34695835924","coordinadora.libertyhome@century21.es","No","Muy bueno","","No","No contactado","357","4","1","95","1200","12","3","Muy alta"
"milanuncios","517838534","Alquiler","Plurifamiliar","Camí Real - C/ de l''Enginyer José Sirera","46017","Valencia","Valencia","Jesús","Sant Marcel.lí","39.4463422","-0.3911624","4","Particular","","No","Sí","No","No","No","No","No","No","","https://www.milanuncios.com/anuncios/r517838534.htm","2024-06-27","","","No","","","No","No contactado","358","1","1","70","1200","17","5","Muy alta"
"milanuncios","520487782","Alquiler","Plurifamiliar","València","46011","Valencia","Valencia","Poblats Marítims","La Malva-rosa","39.481365355","-0.330848845","4","Profesional","Yourentaflat S L","Sí","Sí","No","No","No","No","No","No","https://images.habimg.com/imgh/0b4e223f-26bc-4369-8bb1-e7a0c5402928G.jpg","https://www.milanuncios.com/anuncios/r520487782.htm","2024-07-25","962949758","live4life7722@realestate.com","No","","","No","No contactado","359","3","2","90","1200","13","4","Muy alta"
"milanuncios","512767694","Alquiler","Plurifamiliar","València","46021","Valencia","Valencia","Algirós","L'Amistat","39.4738327604","-0.3475897396","","Profesional","Uniplaces","Sí","Sí","No","No","No","No","No","No","https://images.habimg.com/imgh/032e3250-580f-4458-997a-0835eaaf541dG.jpg","https://www.milanuncios.com/anuncios/r512767694.htm","2024-05-06","919454608","uniplaces9f38@realestate.com","No","","","No","No contactado","360","4","2","100","2000","20","78","Muy alta"
"milanuncios","520582968","Alquiler","Plurifamiliar","València","46015","Valencia","Valencia","Campanar","Sant Pau - Zona Palau de Congresos - Nou Campanar","39.477264855","-0.398695145","Sótano","Profesional","INMOBILIARIA LAURIA","No","Sí","No","No","No","No","No","No","https://images.habimg.com/imgh/03e1e6cd-b8be-4df4-802b-39fd0d900b1cG.jpg","https://www.milanuncios.com/anuncios/r520582968.htm","2024-07-27","960968667","inmobiliarialauria9d4a@realestate.com","No","","","No","No contactado","361","4","2","113","1200","10","2","Muy alta"
"habitaclia","0099-00763","Alquiler","Plurifamiliar","","","Valencia","Valencia","Poblats Marítims","El Grau","39.4619908865","-0.3359025135","0","Profesional","CENTURY 21 LIBERTY HOME","No","Sí","No","No","No","No","No","No","https://images.habimg.com/imgh/200df059-1176-4ba4-93e0-a5f544845c09G.jpg","https://www.habitaclia.com/i34268000002222","2024-06-29","34695835924","coordinadora.libertyhome@century21.es","No","Muy bueno","","No","No contactado","362","4","1","95","1200","12","3","Muy alta"
"habitaclia","PIS0126","Alquiler","Plurifamiliar","PISO EN TRINITAT","","Valencia","Valencia","La Saïdia","Trinitat","39.4852704777","-0.3665548134","0","Profesional","Inmobiliarias con garantía Finaer","No","Sí","No","No","No","No","No","No","https://images.habimg.com/imgh/17ea47f1-1b47-4c04-b9f5-6e7b3f2349f8G.jpg","https://www.habitaclia.com/i47750000000131","2024-06-05","0","w3168@inmoweb.email","No","Muy bueno","","No","No contactado","363","3","1","90","1200","13","27","Muy alta"
"habitaclia","01115","Alquiler","Plurifamiliar","Estudiantes !! Piso en alquiler de 3 dormitorios, baño y aseo, aire acondicionado y calefacción.","","Valencia","Valencia","El Pla del Real","Mestalla","39.4769734122","-0.3520498878","6","Profesional","VALENCIA BIENES RAICES","Sí","Sí","No","No","No","No","No","No","https://images.habimg.com/imgh/02377a4d-239f-4603-a431-e5fa7147d334G.jpg","https://www.habitaclia.com/i9679002238122","2024-06-14","963257576","agente1@valenciabienesraices.es","No","Muy bueno","","No","No contactado","364","3","2","80","1200","15","24","Muy alta"
"habitaclia","PIS0126","Alquiler","Plurifamiliar","PISO EN TRINITAT","","Valencia","Valencia","La Saïdia","Trinitat","39.4852704777","-0.3665548134","0","Profesional","Inmobiliarias con garantía Finaer","No","Sí","No","No","No","No","No","No","https://images.habimg.com/imgh/17ea47f1-1b47-4c04-b9f5-6e7b3f2349f8G.jpg","https://www.habitaclia.com/i47750000000131","2024-06-05","0","w3168@inmoweb.email","No","Muy bueno","","No","No contactado","365","3","1","90","1200","13","27","Muy alta"
"milanuncios","518703489","Alquiler","Plurifamiliar","València","46011","Valencia","Valencia","Poblats Marítims","La Malva-rosa","39.4815227943","-0.3285722057","2","Profesional","CM PROPERTIES","Sí","Sí","No","No","No","No","No","No","https://images.habimg.com/imgh/1cfa20e8-91dc-40e6-a6d8-5ffd53e90f75G.jpg","https://www.milanuncios.com/anuncios/r518703489.htm","2024-07-08","962470759","cmproperties8e5d@realestate.com","No","","","No","No contactado","366","3","2","95","1400","14","22","Muy alta"
"milanuncios","520213592","Alquiler","Unifamiliar","Torrefiel","46019","Valencia","Valencia","Rascanya","Torrefiel","39.4922697943","-0.3767055057","2","Particular","","No","No","No","No","No","No","Sí","No","","https://www.milanuncios.com/anuncios/r520213592.htm","2024-07-22","","","No","","","No","No contactado","367","1","1","45","350","7","8","Muy alta"
"habitaclia","P3403","Alquiler","Plurifamiliar","Alquiler vivienda 3 habitaciones centro Valencia","","Valencia","Valencia","Ciutat Vella","Sant Francesc","39.4709575722","-0.3724006278","1","Profesional","Person Inmobiliaria","Sí","Sí","No","No","No","No","No","No","https://images.habimg.com/imgh/0c334fdf-1335-448e-9732-16af1a5a3cf3G.jpg","https://www.habitaclia.com/i33945000001719","2024-06-13","605865417","info@personinmobiliaria.com","No","Muy bueno","","No","No contactado","368","3","2","100","1800","18","47","Muy alta"
"milanuncios","520320507","Alquiler","Plurifamiliar","ZAINIA","46009","Benipeixcar","Valencia","La Saïdia","Sant Antoni","39.4867889943","-0.3731382057","1","Particular","","No","Sí","Sí","No","No","No","No","No","","https://www.milanuncios.com/anuncios/r520320507.htm","2024-07-23","","","No","","","No","No contactado","369","4","2","120","1300","10","7","Muy alta"
"habitaclia","1806","Alquiler","Plurifamiliar","","","Valencia","Valencia","Camins al Grau","Penya - Roja - Avda. Francia","39.4631942072","-0.3541234928","7","Profesional","ALAMEDA 10DT","Sí","Sí","No","No","No","No","No","No","https://images.habimg.com/imgh/0f36d8e9-3d6e-42d2-bb0e-408be37007f9G.jpg","https://www.habitaclia.com/i43366000000652","2024-05-22","690062272","info@alameda10dt.com","No","Muy bueno","","No","No contactado","370","3","2","90","1600","17","69","Muy alta"
"habitaclia","00614VMC","Alquiler","Plurifamiliar","","","Valencia","Valencia","Algirós","La Bega Baixa - Plaza Xúquer","39.4778960722","-0.3458539278","0","Profesional","VALENCIA MA CASA","Sí","Sí","No","No","No","No","No","No","https://images.habimg.com/imgh/1db452ac-a50b-41fc-bb6f-e7a204f90f99G.jpg","https://www.habitaclia.com/i32361000003279","2024-02-10","960714992<br> 655121880","info@valenciamacasa.com","No","Muy bueno","","No","No contactado","371","4","2","140","1550","11","171","Muy alta"
"habitaclia","979021","Alquiler","Plurifamiliar","","","Valencia","Valencia","L'Eixample","Russafa","39.4624003072","-0.3755606928","3","Profesional","INVERSIMEDIA","No","Sí","No","No","No","No","No","No","https://images.habimg.com/imgh/08a144c8-3e72-49f1-8a88-b26b8ed0c07fG.jpg","https://www.habitaclia.com/i47624000002671","2024-05-15","631336226","inversimedia@gmail.com","No","Muy bueno","","No","No contactado","372","2","1","66","1400","21","76","Muy alta"
"milanuncios","520567384","Alquiler","Plurifamiliar","València","46019","Valencia","Valencia","Rascanya","Sant Llorenç - Zona Alfahuir","39.4918177143","-0.3618816457","4","Profesional","NOVA ALBORAIA SL","Sí","Sí","No","Sí","No","No","Sí","No","https://images.habimg.com/imgh/15d737eb-d0fc-42d5-854b-6252f1348448G.jpg","https://www.milanuncios.com/anuncios/r520567384.htm","2024-07-27","962644709","novaalboraia4a80@realestate.com","No","","","No","No contactado","373","2","2","85","990","11","3","Muy alta"
"habitaclia","VLC11_A026","Alquiler","Plurifamiliar","Piso en calle Batxiller","","Valencia","Valencia","El Pla del Real","Jaume Roig","39.4830322582","-0.3587924722","0","Profesional","FINCASA","No","Sí","Sí","No","Sí","No","No","No","https://images.habimg.com/imgh/00b9eedd-a663-4acf-a8ee-7699f9db561fG.jpg","https://www.habitaclia.com/i15076000001295","2024-07-29","692616256","curielalvarez@hotmail.es","No","Muy bueno","","No","No contactado","374","3","1","106","1300","12","1","Muy alta"
"milanuncios","519984369","Alquiler","Plurifamiliar","Valencia","46005","Valencia","Valencia","L'Eixample","Zona Gran Via","39.4649027943","-0.3713022057","","Profesional","Aproperties","Sí","Sí","No","No","Sí","No","Sí","No","https://images.habimg.com/imgh/4737-img3822055-479987226G.jpg","https://www.milanuncios.com/anuncios/r519984369.htm","2024-07-19","962648135","apropertiesrealestatevalencia6ff9@realestate.com","No","","","No","No contactado","375","5","3","342","4500","13","11","Muy alta"
"milanuncios","516659059","Alquiler","Plurifamiliar","València","46018","Valencia","Valencia","L'Olivereta","Nou Moles","39.4722539943","-0.3951813057","","Profesional","Person Inmobiliaria","Sí","Sí","No","No","No","No","No","No","https://images.habimg.com/imgh/14c94962-1ecd-49c5-b2e3-327dd3f43b1aG.jpg","https://www.milanuncios.com/anuncios/r516659059.htm","2024-06-14","962647592","personinmobiliaria6e78@realestate.com","No","","","No","No contactado","376","3","2","125","1650","13","46","Muy alta"
"milanuncios","517941306","Alquiler","Plurifamiliar","Valencia","46015","Valencia","Valencia","Benicalap","Barrio de Benicalap","39.4845027943","-0.3952102057","","Profesional","Aproperties","Sí","Sí","No","Sí","Sí","No","No","No","https://images.habimg.com/imgh/4737-img3821851-478898575G.jpg","https://www.milanuncios.com/anuncios/r517941306.htm","2024-06-28","962648135","apropertiesrealestatevalencia6ff9@realestate.com","No","","","No","No contactado","377","3","1","80","1500","18","32","Muy alta"
"milanuncios","517386387","Alquiler","Plurifamiliar","València","46021","Valencia","Valencia","El Pla del Real","Ciutat Universitària","39.4774133943","-0.3533559057","3","Profesional","MIGUEL PASCUAL CASA","No","Sí","No","No","No","No","No","No","https://images.habimg.com/imgh/07df76a4-58a3-4b56-b6c5-1440338d7119G.jpg","https://www.milanuncios.com/anuncios/r517386387.htm","2024-06-21","960968071","benicasa2002serviciosinmobiliard23d@realestate.com","No","","","No","No contactado","378","4","2","110","1700","15","39","Muy alta"
"milanuncios","518623957","Alquiler","Plurifamiliar","València","46011","Valencia","Valencia","Poblats Marítims","El Cabanyal - El Canyamelar","39.4724558943","-0.3314533057","","Profesional","Valencia Ma Casa","Sí","No","No","No","No","No","No","No","https://images.habimg.com/imgh/1b0d2e02-fc3f-4794-a19e-c67b850db4f1G.jpg","https://www.milanuncios.com/anuncios/r518623957.htm","2024-07-07","962940167","valenciamacasa388d@realestate.com","No","","","No","No contactado","379","1","1","70","1200","17","23","Muy alta"
"milanuncios","188695368","Alquiler","Unifamiliar","Malvarrosa - Carrer del Teide","46011","Valencia","Valencia","Poblats Marítims","La Malva-rosa","39.4822082","-0.3285263","1","Particular","","No","No","No","No","No","No","No","No","","https://www.milanuncios.com/anuncios/r188695368.htm","2016-02-20","","","No","","","No","No contactado","380","2","1","70","90","1","3083","Muy alta"
"habitaclia","10002639","Alquiler","Plurifamiliar","PISO EN RUZAFA","","Valencia","Valencia","L'Eixample","Russafa","39.4646911192","-0.3761748308","1","Profesional","Icon Inmobiliaria","Sí","Sí","Sí","No","No","No","No","No","https://images.habimg.com/imgh/0c318fa0-d912-4a91-b17a-e034aac73dbaG.jpg","https://www.habitaclia.com/i32900000000990","2024-07-29","650953413","info@iconinmobiliaria.es","No","Muy bueno","","No","No contactado","381","2","1","57","1000","17","1","Muy alta"
"milanuncios","510259031","Alquiler","Unifamiliar","Benicalap - Plaça d''Espanya","46007","Valencia","Valencia","Extramurs","La Roqueta","39.4655757","-0.3814639","4","Particular","","Sí","Sí","No","No","Sí","No","No","No","","https://www.milanuncios.com/anuncios/r510259031.htm","2024-03-31","","","No","","","No","No contactado","382","3","1","80","1","","121","Muy alta"
"habitaclia","I-00L061-W-02W7GV","Alquiler","Plurifamiliar","Piso reformado en El Carmen de corta estancia","","Valencia","Valencia","Ciutat Vella","El Carme","39.4791730722","-0.3757639278","1","Profesional","Engel & Völkers","Sí","Sí","No","No","No","No","No","No","https://images.habimg.com/imgh/13eabaca-b963-4748-961a-56a3c61df365G.jpg","https://www.habitaclia.com/i5953003368996","2024-06-20","963517897","valencia@engelvoelkers.com","No","Muy bueno","","No","No contactado","383","3","2","78","1700","21","40","Muy alta"
"milanuncios","519850882","Alquiler","Plurifamiliar","València","46007","Valencia","Valencia","Extramurs","Arrancapins","39.4668747943","-0.3859564957","3","Profesional","NOVOLAR SERVICIOS INMOBILIARIOS","Sí","Sí","No","No","No","No","No","No","https://images.habimg.com/imgh/0b2fa768-790e-4cb6-af9f-77c3184f2b18G.jpg","https://www.milanuncios.com/anuncios/r519850882.htm","2024-07-18","962948162","novolarserviciosinmobiliarios7d7c@realestate.com","No","","","No","No contactado","384","3","1","89","1300","14","12","Muy alta"
"milanuncios","520492275","Alquiler","Plurifamiliar","València","46011","Valencia","Valencia","Poblats Marítims","El Cabanyal - El Canyamelar","39.4727001943","-0.3312318057","Bajos","Profesional","PRINCESA INMOBILIARIA","Sí","No","No","No","No","No","No","No","https://images.habimg.com/imgh/2109b3c7-6701-4438-b9c6-f8fd5926b43dG.jpg","https://www.milanuncios.com/anuncios/r520492275.htm","2024-07-25","960963418","princesainmobiliariaaaaa@realestate.com","No","","","No","No contactado","385","1","1","30","650","21","5","Muy alta"
"milanuncios","520477718","Alquiler","Plurifamiliar","València","46006","Valencia","Valencia","L'Eixample","Russafa","39.4625591943","-0.3735241057","2","Profesional","VICENTE GARCÍA  JOSE ANGEL","No","No","No","No","No","No","No","No","https://images.habimg.com/imgh/0a188fdf-b4d7-4e9e-9b95-a3d7ee7462e7G.jpg","https://www.milanuncios.com/anuncios/r520477718.htm","2024-07-25","961281558","alameda10dt69e2@realestate.com","No","","","No","No contactado","386","1","1","40","900","22","5","Muy alta"
"habitaclia","21-59783","Alquiler","Plurifamiliar","","","Valencia","Valencia","Ciutat Vella","Sant Francesc","39.4685326072","-0.3759473928","2","Profesional","LLAVE 90 BLASCO IBAÑEZ","No","Sí","No","No","No","No","No","No","https://images.habimg.com/imgh/08b4b1e3-bc0b-40eb-bdff-8c4eea443cf5G.jpg","https://www.habitaclia.com/i9999000000401","2024-07-10","963285285","sdiaz@llave90.com","No","Muy bueno","","No","No contactado","387","5","1","136","1700","12","20","Muy alta"
"habitaclia","AV2407018","Alquiler","Plurifamiliar","Piso en alquiler en el barrio del Carmen","","Valencia","Valencia","Ciutat Vella","El Carme","39.4779926072","-0.3807373928","0","Profesional","APROPERTIES REAL ESTATE - VALENCIA","No","Sí","No","No","No","No","No","No","https://images.habimg.com/imgh/4737-img3821898-478906940G.jpg","https://www.habitaclia.com/i4737003821898","2024-07-03","961285965","eva.martinez-fortun@aproperties.es","No","Muy bueno","","No","No contactado","388","4","1","90","1800","20","27","Muy alta"
"milanuncios","520462396","Alquiler","Plurifamiliar","València","46017","Valencia","Valencia","Jesús","Sant Marcel.lí","39.4444905943","-0.3924441057","2","Profesional","SERINFO 1998  S L","Sí","Sí","No","No","No","No","No","No","https://images.habimg.com/imgh/18a4c629-8d5e-405a-af32-128d9d13bf22G.jpg","https://www.milanuncios.com/anuncios/r520462396.htm","2024-07-25","962641584","serinfo2d96@realestate.com","No","","","No","No contactado","389","3","2","76","900","11","5","Muy alta"
"milanuncios","516647138","Alquiler","Plurifamiliar","València","46002","Valencia","Valencia","Ciutat Vella","Sant Francesc","39.4721762512","-0.3748582488","","Profesional","Garpe Gestion Sl","Sí","Sí","No","No","No","No","Sí","No","https://images.habimg.com/imgh/14345266-a19a-41ff-b1c8-717f4987c25cG.jpg","https://www.milanuncios.com/anuncios/r516647138.htm","2024-06-14","962470783","casasdelmediterraneocentrala755@realestate.com","No","","","No","No contactado","390","3","2","133","2000","15","18","Muy alta"
"milanuncios","517412927","Alquiler","Plurifamiliar","València","46022","Valencia","Valencia","Camins al Grau","Aiora","39.4667777345","-0.3496284508","","Profesional","ENGUIDANOS PUCHADES MARIA ISABEL","No","Sí","No","No","No","No","No","No","https://images.habimg.com/imgh/0ea5ed58-7646-42fb-9407-5e23fcf9b1dcG.jpg","https://www.milanuncios.com/anuncios/r517412927.htm","2024-06-21","962641148","casuaparquecentral17c5@realestate.com","No","","","No","No contactado","391","2","1","63","950","15","17","Muy alta"
"habitaclia","BC2202","Alquiler","Plurifamiliar","","","Valencia","Valencia","El Pla del Real","Mestalla","39.4723863865","-0.3571442135","4","Profesional","BENICASA 2002 SERVICIOS INMOBILIARIOS","Sí","Sí","Sí","No","No","No","No","No","https://images.habimg.com/imgh/07f37e8c-bd88-4c9e-b73e-2583929c4db2G.jpg","https://www.habitaclia.com/i41070000001496","2024-06-21","963656620","serviciosinmobiliariosbc2002@outlook.es","No","Muy bueno","","No","No contactado","392","3","2","110","1640","14","11","Muy alta"
"milanuncios","518974124","Alquiler","Plurifamiliar","València","46008","Valencia","Valencia","Extramurs","Zona Botánico","39.4742055516","-0.3827889264","2","Profesional","Garpe Gestion Sl","Sí","Sí","No","No","No","No","No","No","https://images.habimg.com/imgh/03c0af54-4581-409e-b958-c42b535dfc80G.jpg","https://www.milanuncios.com/anuncios/r518974124.htm","2024-07-10","962470783","casasdelmediterraneocentrala755@realestate.com","No","","","No","No contactado","393","2","1","62","950","15","9","Muy alta"
"habitaclia","PIS0137","Alquiler","Plurifamiliar","PISO EN EL PILAR","","Valencia","Valencia","Ciutat Vella","El Pilar","39.4708825369","-0.3837211804","0","Profesional","Inmobiliarias con garantía Finaer","Sí","No","No","No","No","No","No","No","https://images.habimg.com/imgh/236b9b0b-b988-476c-a67f-f5ee4b7bc8c2G.jpg","https://www.habitaclia.com/i47750000000147","2024-06-11","0","w3168@inmoweb.email","No","Muy bueno","","No","No contactado","394","2","2","85","1500","17","21","Muy alta"
"milanuncios","517687056","Alquiler","Plurifamiliar","València","46006","Valencia","Valencia","Quatre Carreres","En Corts - Doctor Waksman","39.4581521443","-0.3702863332","","Profesional","Spaces Places","Sí","Sí","No","No","No","No","No","No","https://images.habimg.com/imgh/07090b24-df10-49c8-8e84-4657267576b0G.jpg","https://www.milanuncios.com/anuncios/r517687056.htm","2024-06-25","962470278","spacesplaces120d@realestate.com","No","","","No","No contactado","395","3","1","85","1490","17","7","Muy alta"
"habitaclia","23514672348723589018993","Alquiler","Plurifamiliar","","","Valencia","Valencia","Poblats Marítims","El Cabanyal - El Canyamelar","39.4724791786","-0.3331937214","1","Profesional","LIVE 4 LIFE","No","No","No","No","No","No","No","No","https://images.habimg.com/imgh/03c625c7-06c7-4a6e-ad6a-55c29bdc5aeaG.jpg","https://www.habitaclia.com/i28825000009252","2024-05-30","637692405","administracion@l4l.es","No","Muy bueno","","No","No contactado","396","3","1","90","1100","12","33","Muy alta"
"habitaclia","PIS0137","Alquiler","Plurifamiliar","PISO EN EL PILAR","","Valencia","Valencia","Ciutat Vella","El Pilar","39.4708825369","-0.3837211804","0","Profesional","Inmobiliarias con garantía Finaer","Sí","No","No","No","No","No","No","No","https://images.habimg.com/imgh/236b9b0b-b988-476c-a67f-f5ee4b7bc8c2G.jpg","https://www.habitaclia.com/i47750000000147","2024-06-11","0","w3168@inmoweb.email","No","Muy bueno","","No","No contactado","397","2","2","85","1500","17","21","Muy alta"
"milanuncios","518664128","Alquiler","Plurifamiliar","València","46007","Valencia","Valencia","Extramurs","Arrancapins","39.4623258781","-0.3818041219","5","Profesional","MARINA LOPEZ CARRION","Sí","Sí","No","No","No","No","No","No","https://images.habimg.com/imgh/0d11b137-7f41-46d8-b69a-758cb77f03d0G.jpg","https://www.milanuncios.com/anuncios/r518664128.htm","2024-07-08","960963089","a127d2f@realestate.com","No","","","No","No contactado","398","2","1","64","900","14","3","Muy alta"
"milanuncios","515020238","Alquiler","Plurifamiliar","València","46022","Valencia","Valencia","Algirós","Ciutat Jardí","39.4737981012","-0.3436345988","","Profesional","Yourentaflat S L","Sí","Sí","No","No","No","No","No","No","https://images.habimg.com/imgh/0214c22f-ffc9-4c7f-9233-b9be6ef3684dG.jpg","https://www.milanuncios.com/anuncios/r515020238.htm","2024-05-30","955444401","live4life7722@realestate.com","No","","","No","No contactado","399","4","2","100","1600","16","33","Muy alta"
"habitaclia","P3411","Alquiler","Plurifamiliar","Piso en alquiler en Ciutat vella","","Valencia","Valencia","Ciutat Vella","El Pilar","39.4711222865","-0.3829738135","1","Profesional","Person Inmobiliaria","Sí","No","No","No","No","No","No","No","https://images.habimg.com/imgh/254a539a-2f38-4dd4-9209-8396b0ec2e63G.jpg","https://www.habitaclia.com/i33945000001725","2024-06-17","722161141","info@personinmobiliaria.com","No","Muy bueno","","No","No contactado","400","2","2","85","1300","15","15","Muy alta"
"milanuncios","517937279","Alquiler","Plurifamiliar","València","46019","Valencia","Valencia","Rascanya","Sant Llorenç - Zona Alfahuir","39.4936941012","-0.3639828988","","Profesional","EV MMC SPAIN  S L U","Sí","Sí","No","No","No","No","No","No","https://images.habimg.com/imgh/0bfb3edb-3b75-41a3-afcd-9a4292889946G.jpg","https://www.milanuncios.com/anuncios/r517937279.htm","2024-06-28","961287313","engelvolkers809d@realestate.com","No","","","No","No contactado","401","1","1","61","950","15","4","Muy alta"
"habitaclia","AV2407051","Alquiler","Plurifamiliar","Loft en alquiler en La Xerea","","Valencia","Valencia","Ciutat Vella","La Xerea","39.473727426","-0.371552574","0","Profesional","APROPERTIES REAL ESTATE - VALENCIA","Sí","No","No","No","No","No","No","No","https://images.habimg.com/imgh/4737-img3821972-479329172G.jpg","https://www.habitaclia.com/i4737003821972","2024-07-10","623016964","eva.martinez-fortun@aproperties.es","No","Muy bueno","","No","No contactado","402","1","1","35","1100","31","19","Muy alta"
"habitaclia","IP_AC_868A","Alquiler","Plurifamiliar","ALQUILER PISO CON GARAJE OPCIONAL   RUZAFA","","Valencia","Valencia","L'Eixample","Russafa","39.4592511689","-0.3771133311","3","Profesional","InmoPEOPLE","Sí","Sí","No","No","No","No","No","No","https://images.habimg.com/imgh/3dfef113-c405-417d-b973-602ddb9cb029G.jpg","https://www.habitaclia.com/i26645000000611","2024-07-05","960443595","i.juliansaez-inmoconsulting.4915@inmovilla.es","No","Muy bueno","","No","No contactado","403","3","2","102","1350","13","6","Muy alta"
"habitaclia","P3411","Alquiler","Plurifamiliar","Piso en alquiler en Ciutat vella","","Valencia","Valencia","Ciutat Vella","El Pilar","39.4711222865","-0.3829738135","1","Profesional","Person Inmobiliaria","Sí","No","No","No","No","No","No","No","https://images.habimg.com/imgh/254a539a-2f38-4dd4-9209-8396b0ec2e63G.jpg","https://www.habitaclia.com/i33945000001725","2024-06-17","722161141","info@personinmobiliaria.com","No","Muy bueno","","No","No contactado","404","2","2","85","1300","15","15","Muy alta"
"milanuncios","517687056","Alquiler","Plurifamiliar","València","46006","Valencia","Valencia","Quatre Carreres","En Corts - Doctor Waksman","39.4581521443","-0.3702863332","","Profesional","Spaces Places","Sí","Sí","No","No","No","No","No","No","https://images.habimg.com/imgh/07090b24-df10-49c8-8e84-4657267576b0G.jpg","https://www.milanuncios.com/anuncios/r517687056.htm","2024-06-25","962470278","spacesplaces120d@realestate.com","No","","","No","No contactado","405","3","1","85","1490","17","7","Muy alta"
"milanuncios","518886831","Alquiler","Plurifamiliar","València","46006","Valencia","Valencia","Quatre Carreres","Malilla","39.4547406769","-0.3733924481","","Profesional","Malilla Quatre Carreres Inmuebles S L","Sí","Sí","No","No","No","No","No","No","https://images.habimg.com/imgh/1f8ded58-0abd-4b6e-a22f-99d090e29436G.jpg","https://www.milanuncios.com/anuncios/r518886831.htm","2024-07-10","960964253","habitalemalillaquatrecarrerres98a7@realestate.com","No","","","No","No contactado","406","3","2","110","1300","11","8","Muy alta"
"habitaclia","V88080","Alquiler","Plurifamiliar","","","Valencia","Valencia","El Pla del Real","Ciutat Universitària","39.4762295067","-0.3545397933","9","Profesional","GFA Real Estate","No","Sí","Sí","No","No","No","No","No","https://images.habimg.com/imgh/0d7e4f49-0a7b-4ef3-82f0-016c53900fc5G.jpg","https://www.habitaclia.com/i11814004112285","2024-05-20","672160160","i.grupoferreralborssl.7379@inmovilla.com","No","Muy bueno","","No","No contactado","407","2","1","80","1200","15","63","Muy alta"
"habitaclia","I-00L0HW-W-02WC9O","Alquiler","Plurifamiliar","Amplia vivienda al lado del Rio Turia","","Valencia","Valencia","L'Olivereta","Nou Moles","39.4740578907","-0.3996191093","6","Profesional","Engel & Völkers","No","Sí","No","No","No","No","No","No","https://images.habimg.com/imgh/05ac8873-209b-40e2-8a4d-e7376fed5590G.jpg","https://www.habitaclia.com/i5953003369082","2024-07-01","963517897","valencia@engelvoelkers.com","No","Muy bueno","","No","No contactado","408","4","2","121","1450","11","21","Muy alta"
"Fotocasa","547","Alquiler","Plurifamiliar","Piso en Alquiler en  Carrer de Jaume Roig, Jaume Roig","46010","Valencia","Valencia","El Pla del Real","Jaume Roig","39.4809989988","-0.3640504012","6º","Profesional","ALAMEDA 10DT","Sí","Sí","Sí","Sí","Sí","Sí","Sí","Sí","https://static.fotocasa.es/images/ads/3d132c69-24a4-4d7e-bdbf-c56b388b4a74?rule=feeds_1920x1080","https://www.fotocasa.es/Building/Building_Detail.aspx?ai=183901053&tti=2","2024-07-22","961281558","info@alameda10dt.com","No","Muy bueno","","No","No contactado","409","5","3","162","2100","12","3","Muy alta"
"milanuncios","519891521","Alquiler","Plurifamiliar","València","46007","Valencia","Valencia","Extramurs","La Roqueta","39.4656463614","-0.3796571386","","Profesional","Yourentaflat S L","Sí","No","No","No","No","No","No","No","https://images.habimg.com/imgh/0161d26d-ea9e-46ce-8d01-69f4d6c93694G.jpg","https://www.milanuncios.com/anuncios/r519891521.htm","2024-07-18","962949801","live4life7722@realestate.com","No","","","No","No contactado","410","4","3","115","1800","15","7","Muy alta"
"habitaclia","BF22","Alquiler","Plurifamiliar","Estudio en alquiler en Calle de Don Juan de Austria","","Valencia","Valencia","Ciutat Vella","Sant Francesc","39.4703388","-0.3724239","0","Profesional","Inmobiliaria Fran López","Sí","Sí","No","No","No","No","No","No","https://images.habimg.com/imgh/07f1b555-5df4-476c-b3c3-c9c47b0feb61G.jpg","https://www.habitaclia.com/i46471000000184","2024-05-09","633360529","franlopez@valenciainmobiliaria.es","No","Muy bueno","","No","No contactado","411","1","1","60","1100","18","54","Muy alta"
"habitaclia","4501392","Alquiler","Plurifamiliar","Apartamentos carrer del vaixell","","Valencia","Valencia","Poblats Marítims","El Grau","39.4611774959","-0.3371922214","2","Particular","","Sí","Sí","Sí","No","No","No","No","Sí","https://images.habimg.com/imgh/500-img4501392-375107697G.jpg","https://www.habitaclia.com/i500004501392","2023-06-23","641157296","karkade6358@gmail.com","No","Muy bueno","","No","No contactado","412","3","2","116","1900","16","375","Muy alta"
"milanuncios","517406994","Alquiler","Plurifamiliar","València","46012","Valencia","Valencia","El Perellonet","","39.2821766012","-0.2757658988","6","Profesional","Ágora Inmobiliaria","Sí","Sí","No","No","No","No","No","No","https://images.habimg.com/imgh/00bdb358-701b-4a8f-9399-50ed97baff26G.jpg","https://www.milanuncios.com/anuncios/r517406994.htm","2024-06-21","962948542","agorainmobiliaria5a8c@realestate.com","No","","","No","No contactado","413","1","1","63","1800","28","11","Muy alta"
"habitaclia","4198497800200000000000000004","Alquiler","Plurifamiliar","Piso Avinguda de Portugal","","Valencia","Valencia","La Saïdia","Tormos","39.4878491618","-0.3777528382","5","Profesional","LIVE 4 LIFE","No","Sí","No","No","No","No","No","No","https://images.habimg.com/imgh/0303479b-af04-470c-86df-6ba111f2913bG.jpg","https://www.habitaclia.com/i28825000009389","2024-07-02","637692405","administracion@l4l.es","No","Muy bueno","","No","No contactado","414","4","1","125","1300","10","3","Muy alta"
"habitaclia","23514672348723589018993","Alquiler","Plurifamiliar","","","Valencia","Valencia","Poblats Marítims","El Cabanyal - El Canyamelar","39.4724791786","-0.3331937214","1","Profesional","LIVE 4 LIFE","No","No","No","No","No","No","No","No","https://images.habimg.com/imgh/03c625c7-06c7-4a6e-ad6a-55c29bdc5aeaG.jpg","https://www.habitaclia.com/i28825000009252","2024-05-30","637692405","administracion@l4l.es","No","Muy bueno","","No","No contactado","415","3","1","90","1100","12","33","Muy alta"
"milanuncios","493772929","Alquiler","Plurifamiliar","Algirós - Carrer del Pintor Parra","46022","Valencia","Valencia","Poblats Marítims","Beteró","39.4746269","-0.3345574","4","Particular","","No","No","No","No","No","No","No","No","","https://www.milanuncios.com/anuncios/r493772929.htm","2023-09-04","","","No","","","No","No contactado","416","3","1","70","1100","15","314","Muy alta"
"habitaclia","I-00KYIE-W-02VO4L","Alquiler","Plurifamiliar","Amplio piso de diseño en el Mercado Central","","Valencia","Valencia","Ciutat Vella","El Pilar","39.4725231786","-0.3838288214","0","Profesional","Engel & Völkers","Sí","Sí","Sí","No","No","No","No","No","https://images.habimg.com/imgh/1f7fb1f0-51b0-4cc8-8f83-ac65b1bd5858G.jpg","https://www.habitaclia.com/i5953003368587","2024-05-02","963517897","valencia@engelvoelkers.com","No","Muy bueno","","No","No contactado","417","4","2","131","1800","13","61","Muy alta"
"milanuncios","517937279","Alquiler","Plurifamiliar","València","46019","Valencia","Valencia","Rascanya","Sant Llorenç - Zona Alfahuir","39.4936941012","-0.3639828988","","Profesional","EV MMC SPAIN  S L U","Sí","Sí","No","No","No","No","No","No","https://images.habimg.com/imgh/0bfb3edb-3b75-41a3-afcd-9a4292889946G.jpg","https://www.milanuncios.com/anuncios/r517937279.htm","2024-06-28","961287313","engelvolkers809d@realestate.com","No","","","No","No contactado","418","1","1","61","950","15","4","Muy alta"
"habitaclia","VLC-BG1336BG","Alquiler","Plurifamiliar","Tu casa nueva en el centro","","Valencia","Valencia","L'Eixample","El Pla del Remei","39.4695506099","-0.3664720712","2","Profesional","RK VALENCIA MARKET","Sí","Sí","No","No","No","No","No","No","https://images.habimg.com/imgh/0b84d9c3-b074-4ebd-ba9a-63e70580535aG.jpg","https://www.habitaclia.com/i10982004407356","2024-06-26","963308216","info@realmark.es,i.realmark.1138@inmovilla.com","No","Muy bueno","","No","No contactado","419","3","2","104","2000","19","6","Muy alta"
"habitaclia","333CA","Alquiler","Plurifamiliar","Excepcional vivienda reformada y amueblada en lla Perduda","","Valencia","Valencia","Algirós","L'Illa Perduda","39.4708693333","-0.3408030667","3","Profesional","RUBIO Y ASOCIADOS INMOBILIARIA","Sí","Sí","No","No","No","No","No","No","https://images.habimg.com/imgh/022f71a6-7192-4f14-a7b5-d889265c1d3aG.jpg","https://www.habitaclia.com/i18046003102225","2024-07-09","960217106","campoamor@rubioyasociados.com","No","Muy bueno","","No","No contactado","420","4","2","103","1500","14","3","Muy alta"
"habitaclia","58","Alquiler","Plurifamiliar","","","Valencia","Valencia","Rascanya","Torrefiel","39.4984108786","-0.3720850214","0","Profesional","EL CARMEN","Sí","Sí","Sí","No","No","No","No","No","https://images.habimg.com/imgh/2f6af638-8f28-49f0-bb77-d98041665b87G.jpg","https://www.habitaclia.com/i29063000000030","2024-04-02","963912737","alfaelcarme@hotmail.es","No","Muy bueno","","No","No contactado","421","1","1","60","1000","16","91","Muy alta"
"habitaclia","BF22","Alquiler","Plurifamiliar","Estudio en alquiler en Calle de Don Juan de Austria","","Valencia","Valencia","Ciutat Vella","Sant Francesc","39.4703388","-0.3724239","0","Profesional","Inmobiliaria Fran López","Sí","Sí","No","No","No","No","No","No","https://images.habimg.com/imgh/07f1b555-5df4-476c-b3c3-c9c47b0feb61G.jpg","https://www.habitaclia.com/i46471000000184","2024-05-09","633360529","franlopez@valenciainmobiliaria.es","No","Muy bueno","","No","No contactado","422","1","1","60","1100","18","54","Muy alta"
"milanuncios","516647138","Alquiler","Plurifamiliar","València","46002","Valencia","Valencia","Ciutat Vella","Sant Francesc","39.4721762512","-0.3748582488","","Profesional","Garpe Gestion Sl","Sí","Sí","No","No","No","No","Sí","No","https://images.habimg.com/imgh/14345266-a19a-41ff-b1c8-717f4987c25cG.jpg","https://www.milanuncios.com/anuncios/r516647138.htm","2024-06-14","962470783","casasdelmediterraneocentrala755@realestate.com","No","","","No","No contactado","423","3","2","133","2000","15","18","Muy alta"
"habitaclia","I-00KYIE-W-02VO4L","Alquiler","Plurifamiliar","Amplio piso de diseño en el Mercado Central","","Valencia","Valencia","Ciutat Vella","El Pilar","39.4725231786","-0.3838288214","0","Profesional","Engel & Völkers","Sí","Sí","Sí","No","No","No","No","No","https://images.habimg.com/imgh/1f7fb1f0-51b0-4cc8-8f83-ac65b1bd5858G.jpg","https://www.habitaclia.com/i5953003368587","2024-05-02","963517897","valencia@engelvoelkers.com","No","Muy bueno","","No","No contactado","424","4","2","131","1800","13","61","Muy alta"
"habitaclia","BC2202","Alquiler","Plurifamiliar","","","Valencia","Valencia","El Pla del Real","Mestalla","39.4723863865","-0.3571442135","4","Profesional","BENICASA 2002 SERVICIOS INMOBILIARIOS","Sí","Sí","Sí","No","No","No","No","No","https://images.habimg.com/imgh/07f37e8c-bd88-4c9e-b73e-2583929c4db2G.jpg","https://www.habitaclia.com/i41070000001496","2024-06-21","963656620","serviciosinmobiliariosbc2002@outlook.es","No","Muy bueno","","No","No contactado","425","3","2","110","1640","14","11","Muy alta"
"milanuncios","517406994","Alquiler","Plurifamiliar","València","46012","Valencia","Valencia","El Perellonet","","39.2821766012","-0.2757658988","6","Profesional","Ágora Inmobiliaria","Sí","Sí","No","No","No","No","No","No","https://images.habimg.com/imgh/00bdb358-701b-4a8f-9399-50ed97baff26G.jpg","https://www.milanuncios.com/anuncios/r517406994.htm","2024-06-21","962948542","agorainmobiliaria5a8c@realestate.com","No","","","No","No contactado","426","1","1","63","1800","28","11","Muy alta"
"habitaclia","4501392","Alquiler","Plurifamiliar","Apartamentos carrer del vaixell","","Valencia","Valencia","Poblats Marítims","El Grau","39.4611774959","-0.3371922214","2","Particular","","Sí","Sí","Sí","No","No","No","No","Sí","https://images.habimg.com/imgh/500-img4501392-375107697G.jpg","https://www.habitaclia.com/i500004501392","2023-06-23","641157296","karkade6358@gmail.com","No","Muy bueno","","No","No contactado","427","3","2","116","1900","16","389","Muy alta"
"milanuncios","518597786","Alquiler","Plurifamiliar","València","46007","Valencia","Valencia","Extramurs","Arrancapins","39.466669068","-0.383038432","2","Profesional","HABITALE GARCIA","Sí","Sí","No","No","No","No","No","No","https://images.habimg.com/imgh/05f8b605-4095-42b0-bc01-74fcd4556e6dG.jpg","https://www.milanuncios.com/anuncios/r518597786.htm","2024-07-06","962945094","habitalegarciaebc1@realestate.com","No","","","No","No contactado","428","2","2","103","850","8","2","Muy alta"
"milanuncios","518802111","Alquiler","Plurifamiliar","València","46020","Valencia","Valencia","Benimaclet","Barrio de Benimaclet","39.4838329024","-0.3582850976","5","Profesional","DAVID JOSE FERRER CARDONA","Sí","No","No","No","No","No","No","No","https://images.habimg.com/imgh/08b92728-691f-44f4-9eb7-30c8f293505eG.jpg","https://www.milanuncios.com/anuncios/r518802111.htm","2024-07-09","961286305","besthousebenimaclet9f39@realestate.com","No","","","No","No contactado","429","2","1","50","650","13","1","Muy alta"
"habitaclia","4501392","Alquiler","Plurifamiliar","Apartamentos carrer del vaixell","","Valencia","Valencia","Poblats Marítims","El Grau","39.4611774959","-0.3371922214","2","Particular","","Sí","Sí","Sí","No","No","No","No","Sí","https://images.habimg.com/imgh/500-img4501392-375107697G.jpg","https://www.habitaclia.com/i500004501392","2023-06-23","641157296","karkade6358@gmail.com","No","Muy bueno","","No","No contactado","430","3","2","116","1900","16","375","Muy alta"
"habitaclia","VLC-BG1336BG","Alquiler","Plurifamiliar","Tu casa nueva en el centro","","Valencia","Valencia","L'Eixample","El Pla del Remei","39.4695506099","-0.3664720712","2","Profesional","RK VALENCIA MARKET","Sí","Sí","No","No","No","No","No","No","https://images.habimg.com/imgh/0b84d9c3-b074-4ebd-ba9a-63e70580535aG.jpg","https://www.habitaclia.com/i10982004407356","2024-06-26","963308216","info@realmark.es,i.realmark.1138@inmovilla.com","No","Muy bueno","","No","No contactado","431","3","2","104","2000","19","6","Muy alta"
"milanuncios","518270037","Alquiler","Plurifamiliar","València","46022","Valencia","Valencia","Camins al Grau","Aiora","39.4676418024","-0.3487751976","Bajos","Profesional","VICENTE GARCÍA  JOSE ANGEL","No","Sí","No","No","No","No","No","No","https://images.habimg.com/imgh/06336e99-ff06-4b25-a4eb-7ed42610df88G.jpg","https://www.milanuncios.com/anuncios/r518270037.htm","2024-07-02","961281558","alameda10dt69e2@realestate.com","No","","","No","No contactado","432","3","1","90","1300","14","8","Muy alta"
"milanuncios","519508833","Alquiler","Plurifamiliar","València","46018","Valencia","Valencia","L'Olivereta","Nou Moles","39.4724966886","-0.3919853114","","Profesional","Seattle Realtor S L","Sí","Sí","No","No","No","No","No","No","https://images.habimg.com/imgh/02d6c21a-4285-4d0b-9dcd-33e1e3a81537G.jpg","https://www.milanuncios.com/anuncios/r519508833.htm","2024-07-15","932756098","seattlelproperties2538@realestate.com","No","","","No","No contactado","433","4","2","120","1350","11","4","Muy alta"
"habitaclia","1227","Alquiler","Plurifamiliar","Piso en Albors para estudiantes en alquiler.","","Valencia","Valencia","Camins al Grau","Albors","39.4686071786","-0.3529298214","5","Profesional","CM PROPERTIES","No","Sí","No","No","No","No","No","No","https://images.habimg.com/imgh/016e51ad-be2a-4144-aa64-34654b0de817G.jpg","https://www.habitaclia.com/i50179000000152","2024-06-04","677523211","team@cmproperties.es","No","Muy bueno","","No","No contactado","434","3","1","85","1200","14","28","Muy alta"
"milanuncios","518652010","Alquiler","Plurifamiliar","València","46004","Valencia","Valencia","L'Eixample","El Pla del Remei","39.471861768","-0.368396232","","Profesional","ÀTIC GESTIÓ DE PATRIMONIS","Sí","Sí","No","No","No","No","No","No","https://images.habimg.com/imgh/12d0e60c-3156-42fe-b6b0-3582bff71782G.jpg","https://www.milanuncios.com/anuncios/r518652010.htm","2024-07-07","931334195","aticgestiodepatrimoniseb51@realestate.com","No","","","No","No contactado","435","1","1","45","450","10","1","Muy alta"
"milanuncios","519687924","Alquiler","Plurifamiliar","València","46014","Valencia","Valencia","Patraix","Vara de Quart","39.4601465118","-0.4117851182","","Profesional","VIVIRIA SOLUCIONES SL","No","Sí","No","No","No","No","Sí","No","https://images.habimg.com/imgh/0772b1fb-9614-4a2a-8ba3-e19098c2dcb1G.jpg","https://www.milanuncios.com/anuncios/r519687924.htm","2024-07-16","962646173","viviriasolucionessld179@realestate.com","No","","","No","No contactado","436","1","2","112","925","8","8","Muy alta"
"milanuncios","516647138","Alquiler","Plurifamiliar","València","46002","Valencia","Valencia","Ciutat Vella","Sant Francesc","39.471556945","-0.375477555","","Profesional","Garpe Gestion Sl","Sí","Sí","No","No","No","No","Sí","No","https://images.habimg.com/imgh/14345266-a19a-41ff-b1c8-717f4987c25cG.jpg","https://www.milanuncios.com/anuncios/r516647138.htm","2024-06-14","962470783","casasdelmediterraneocentrala755@realestate.com","No","","","No","No contactado","437","3","2","133","2000","15","21","Muy alta"
"milanuncios","515020238","Alquiler","Plurifamiliar","València","46022","Valencia","Valencia","Algirós","Ciutat Jardí","39.4737981012","-0.3436345988","","Profesional","Yourentaflat S L","Sí","Sí","No","No","No","No","No","No","https://images.habimg.com/imgh/0214c22f-ffc9-4c7f-9233-b9be6ef3684dG.jpg","https://www.milanuncios.com/anuncios/r515020238.htm","2024-05-30","955444401","live4life7722@realestate.com","No","","","No","No contactado","438","4","2","100","1600","16","33","Muy alta"
"Fotocasa","547","Alquiler","Plurifamiliar","Piso en Alquiler en  Carrer de Jaume Roig, Jaume Roig","46010","Valencia","Valencia","El Pla del Real","Jaume Roig","39.4808473947","-0.3642020053","6º","Profesional","ALAMEDA 10DT","Sí","Sí","Sí","Sí","Sí","Sí","Sí","Sí","https://static.fotocasa.es/images/ads/9fc5c564-40a2-40ac-ac94-b5987bff0c2d?rule=feeds_1920x1080","https://www.fotocasa.es/Building/Building_Detail.aspx?ai=183816138&tti=2","2024-07-11","961281558","info@alameda10dt.com","No","Muy bueno","","No","No contactado","439","5","3","162","2100","12","6","Muy alta"
"habitaclia","1227","Alquiler","Plurifamiliar","Piso en Albors para estudiantes en alquiler.","","Valencia","Valencia","Camins al Grau","Albors","39.4686071786","-0.3529298214","5","Profesional","CM PROPERTIES","No","Sí","No","No","No","No","No","No","https://images.habimg.com/imgh/016e51ad-be2a-4144-aa64-34654b0de817G.jpg","https://www.habitaclia.com/i50179000000152","2024-06-04","677523211","team@cmproperties.es","No","Muy bueno","","No","No contactado","440","3","1","85","1200","14","28","Muy alta"
"habitaclia","58","Alquiler","Plurifamiliar","","","Valencia","Valencia","Rascanya","Torrefiel","39.4984108786","-0.3720850214","0","Profesional","EL CARMEN","Sí","Sí","Sí","No","No","No","No","No","https://images.habimg.com/imgh/2f6af638-8f28-49f0-bb77-d98041665b87G.jpg","https://www.habitaclia.com/i29063000000030","2024-04-02","963912737","alfaelcarme@hotmail.es","No","Muy bueno","","No","No contactado","441","1","1","60","1000","16","91","Muy alta"
"habitaclia","401773","Alquiler","Plurifamiliar","","","Valencia","Valencia","Algirós","L'Amistat","39.4721339865","-0.3492885135","0","Profesional","Uniplaces","Sí","Sí","No","No","No","No","No","No","https://images.habimg.com/imgh/032e3250-580f-4458-997a-0835eaaf541dG.jpg","https://www.habitaclia.com/i50824000000902","2024-05-06","691111788","sofia.fonseca@uniplaces.com","No","Muy bueno","","No","No contactado","442","4","2","100","2000","20","57","Muy alta"
"habitaclia","401773","Alquiler","Plurifamiliar","","","Valencia","Valencia","Algirós","L'Amistat","39.4721339865","-0.3492885135","0","Profesional","Uniplaces","Sí","Sí","No","No","No","No","No","No","https://images.habimg.com/imgh/032e3250-580f-4458-997a-0835eaaf541dG.jpg","https://www.habitaclia.com/i50824000000902","2024-05-06","691111788","sofia.fonseca@uniplaces.com","No","Muy bueno","","No","No contactado","443","4","2","100","2000","20","57","Muy alta"
"Fotocasa","","Alquiler","Plurifamiliar","Apartamento en Alquiler en Sant Francesc","46001","Valencia","Valencia","Ciutat Vella","Sant Francesc","39.4686681642","-0.3770120726","6º","Particular","elisacastells","No","Sí","No","No","Sí","No","No","No","https://static.fotocasa.es/images/anuncio/2024/06/19/183626988/3907987906.jpg?rule=feeds_1920x1080","https://www.fotocasa.es/Building/Building_Detail.aspx?ai=183626988&tti=1","2024-06-19","687803945","elisacastells@hotmail.com","No","Muy bueno","","No","No contactado","444","1","1","70","1700","24","13","Muy alta"
"Fotocasa","","Alquiler","Plurifamiliar","Piso en Alquiler en La Malva-rosa","46001","Valencia","Valencia","Poblats Marítims","La Malva-rosa","39.4837522792","-0.3271559208","3º","Particular","ludivinealba","No","No","No","No","No","No","No","No","https://static.fotocasa.es/images/anuncio/2024/07/18/183876095/3979640904.jpg?rule=feeds_1920x1080","https://www.fotocasa.es/Building/Building_Detail.aspx?ai=183876095&tti=1","2024-07-18","678183849","ludivinealba@gmail.com","No","Muy bueno","","No","No contactado","445","2","1","75","990","13","2","Muy alta"
"milanuncios","518081920","Alquiler","Plurifamiliar","Torrefiel - Camí de Montcada","46025","Valencia","Valencia","Poble Nou","","39.50464","-0.3837369","3","Particular","","No","No","No","No","No","No","No","No","","https://www.milanuncios.com/anuncios/r518081920.htm","2024-06-30","","","No","","","No","No contactado","446","1","1","15","300","20","2","Muy alta"
"Fotocasa","","Alquiler","Plurifamiliar","Apartamento en Alquiler en Sant Francesc","46001","Valencia","Valencia","Ciutat Vella","Sant Francesc","39.4686681642","-0.3770120726","6º","Particular","elisacastells","No","Sí","No","No","Sí","No","No","No","https://static.fotocasa.es/images/anuncio/2024/06/19/183626988/3907987906.jpg?rule=feeds_1920x1080","https://www.fotocasa.es/Building/Building_Detail.aspx?ai=183626988&tti=1","2024-06-19","687803945","elisacastells@hotmail.com","No","Muy bueno","","No","No contactado","447","1","1","70","1700","24","13","Muy alta"
"milanuncios","518072862","Alquiler","Unifamiliar","Hospital General - Av. del Cid","46014","Valencia","Valencia","L'Olivereta","Soternes","39.470146","-0.4127022","1","Particular","","No","No","No","No","No","No","No","No","","https://www.milanuncios.com/anuncios/r518072862.htm","2024-06-30","","","No","","","No","No contactado","448","3","1","20","1","","22","Muy alta"
"milanuncios","515649255","Alquiler","Plurifamiliar","València","46020","Valencia","Valencia","Benimaclet","Barrio de Benimaclet","39.4821869179","-0.3559255821","5","Profesional","INMOBILIARIA EUROIN","No","Sí","No","No","No","No","Sí","No","https://images.habimg.com/imgh/0b363fb9-ae54-40ba-863a-c573d9bf8ff5G.jpg","https://www.milanuncios.com/anuncios/r515649255.htm","2024-06-05","962949218","inmobiliariaeuroin179f@realestate.com","No","","","No","No contactado","449","4","2","110","1200","10","43","Muy alta"
"milanuncios","518081920","Alquiler","Plurifamiliar","Torrefiel - Camí de Montcada","46025","Valencia","Valencia","Poble Nou","","39.50464","-0.3837369","3","Particular","","No","No","No","No","No","No","No","No","","https://www.milanuncios.com/anuncios/r518081920.htm","2024-06-30","","","No","","","No","No contactado","450","1","1","15","300","20","2","Muy alta"
"habitaclia","4556655","Alquiler","Plurifamiliar","El Pla del Remei / Carrer d","","Valencia","Valencia","L'Eixample","El Pla del Remei","39.4679934","-0.369887","0","Particular","","No","Sí","No","No","No","No","No","No","https://images.habimg.com/imgh/500-img4556655-471041497G.jpg","https://www.habitaclia.com/i500004556655","2024-03-19","655482881","mluisasantonja@hotmail.com","No","Muy bueno","","No","No contactado","451","3","2","150","2600","17","105","Muy alta"
"habitaclia","4556655","Alquiler","Plurifamiliar","El Pla del Remei / Carrer d","","Valencia","Valencia","L'Eixample","El Pla del Remei","39.4679934","-0.369887","0","Particular","","No","Sí","No","No","No","No","No","No","https://images.habimg.com/imgh/500-img4556655-471041497G.jpg","https://www.habitaclia.com/i500004556655","2024-03-19","655482881","mluisasantonja@hotmail.com","No","Muy bueno","","No","No contactado","452","3","2","150","2600","17","105","Muy alta"
"milanuncios","520536983","Alquiler","Plurifamiliar","Benimaclet - C/ dels Germans Villalonga","46020","Valencia","Valencia","Benimaclet","Barrio de Benimaclet","39.4844973","-0.3573036","3","Particular","","No","Sí","No","No","No","No","No","No","","https://www.milanuncios.com/anuncios/r520536983.htm","2024-07-26","","","No","","","No","No contactado","453","3","1","80","1050","13","4","Muy alta"
"milanuncios","517994704","Alquiler","Plurifamiliar","València","46015","Valencia","Valencia","Benicalap","Barrio de Benicalap","39.4974681012","-0.3952834988","","Profesional","ALQUILER SEGURO CENTRAL","Sí","Sí","No","No","No","No","No","No","https://images.habimg.com/imgh/057a37d6-ed00-42bf-8a79-49dbdb1f6a6dG.jpg","https://www.milanuncios.com/anuncios/r517994704.htm","2024-06-28","919453756","alquilerseguro96f0@realestate.com","No","","","No","No contactado","454","2","1","65","795","12","4","Muy alta"
"milanuncios","517994704","Alquiler","Plurifamiliar","València","46015","Valencia","Valencia","Benicalap","Barrio de Benicalap","39.4974681012","-0.3952834988","","Profesional","ALQUILER SEGURO CENTRAL","Sí","Sí","No","No","No","No","No","No","https://images.habimg.com/imgh/057a37d6-ed00-42bf-8a79-49dbdb1f6a6dG.jpg","https://www.milanuncios.com/anuncios/r517994704.htm","2024-06-28","919453756","alquilerseguro96f0@realestate.com","No","","","No","No contactado","455","2","1","65","795","12","4","Muy alta"
"milanuncios","403749529","Alquiler","Plurifamiliar","Algirós","46022","valencia","valencia","Algirós","Ciutat Jardí","39.4731042012","-0.3448473988","4","Profesional","carlos","Sí","Sí","No","No","Sí","No","No","No","","https://www.milanuncios.com/anuncios/r403749529.htm","2021-06-09","960990294","milanuncios@fotocasa.es","No","","","No","No contactado","456","4","2","116","1140","9","1119","Muy alta"
"milanuncios","518231107","Alquiler","Plurifamiliar","València","46015","Valencia","Valencia","Campanar","El Calvari - La Fe","39.4880443824","-0.3902743585","","Profesional","Pawel Tadeusz Barglik","Sí","Sí","No","No","No","No","No","No","https://images.habimg.com/imgh/0330ae97-04f0-47fd-9062-4536a7c67adaG.jpg","https://www.milanuncios.com/anuncios/r518231107.htm","2024-07-02","962947856","arrelsvalencia7eea@realestate.com","No","","","No","No contactado","457","3","1","70","800","11","3","Muy alta"
"milanuncios","403749529","Alquiler","Plurifamiliar","Algirós","46022","valencia","valencia","Algirós","Ciutat Jardí","39.4731042012","-0.3448473988","4","Profesional","carlos","Sí","Sí","No","No","Sí","No","No","No","","https://www.milanuncios.com/anuncios/r403749529.htm","2021-06-09","960990294","milanuncios@fotocasa.es","No","","","No","No contactado","458","4","2","116","1140","9","1119","Muy alta"
"milanuncios","517979924","Alquiler","Plurifamiliar","Cabañal","46011","Valencia","Valencia","Poblats Marítims","El Cabanyal - El Canyamelar","39.4708922802","-0.3272030057","2","Particular","","No","No","No","No","Sí","No","No","No","","https://www.milanuncios.com/anuncios/r517979924.htm","2024-06-28","","","No","","","No","No contactado","459","1","1","75","280","3","4","Muy alta"
"milanuncios","517979924","Alquiler","Plurifamiliar","Cabañal","46011","Valencia","Valencia","Poblats Marítims","El Cabanyal - El Canyamelar","39.4708922802","-0.3272030057","2","Particular","","No","No","No","No","Sí","No","No","No","","https://www.milanuncios.com/anuncios/r517979924.htm","2024-06-28","","","No","","","No","No contactado","460","1","1","75","280","3","4","Muy alta"
"milanuncios","517860488","Alquiler","Plurifamiliar","València","46022","Valencia","Valencia","Algirós","L'Illa Perduda","39.4724306659","-0.3381776631","","Profesional","Inmocuattro Patraix S L","No","Sí","No","No","No","No","Sí","No","https://images.habimg.com/imgh/02b81780-594c-432f-9923-33929361101eG.jpg","https://www.milanuncios.com/anuncios/r517860488.htm","2024-06-27","962647218","inmocuattrovalenciaf1d6@realestate.com","No","","","No","No contactado","461","3","1","82","1100","13","4","Muy alta"
"milanuncios","516547874","Alquiler","Plurifamiliar","València","46022","Valencia","Valencia","Poblats Marítims","Beteró","39.4742430012","-0.3342739988","","Profesional","Inmobiliaria Fran López","No","Sí","No","No","No","No","No","No","https://images.habimg.com/imgh/1e7e6149-8348-4c26-b180-ae3980719285G.jpg","https://www.milanuncios.com/anuncios/r516547874.htm","2024-06-13","962949864","inmobiliariafranlopezdaa9@realestate.com","No","","","No","No contactado","462","4","1","120","1200","10","19","Muy alta"
"milanuncios","516547874","Alquiler","Plurifamiliar","València","46022","Valencia","Valencia","Poblats Marítims","Beteró","39.4742430012","-0.3342739988","","Profesional","Inmobiliaria Fran López","No","Sí","No","No","No","No","No","No","https://images.habimg.com/imgh/1e7e6149-8348-4c26-b180-ae3980719285G.jpg","https://www.milanuncios.com/anuncios/r516547874.htm","2024-06-13","962949864","inmobiliariafranlopezdaa9@realestate.com","No","","","No","No contactado","463","4","1","120","1200","10","19","Muy alta"
"milanuncios","517653174","Alquiler","Plurifamiliar","València","46011","Valencia","Valencia","Poblats Marítims","La Malva-rosa","39.4813846012","-0.3261197988","","Profesional","Inmobiliaria Fran López","Sí","No","No","No","No","No","No","No","https://images.habimg.com/imgh/01dbb7ac-1a18-43c6-ad9c-e3ba9ee5b4c8G.jpg","https://www.milanuncios.com/anuncios/r517653174.htm","2024-06-25","962949864","inmobiliariafranlopezdaa9@realestate.com","No","","","No","No contactado","464","3","1","70","1090","15","7","Muy alta"
"milanuncios","517653174","Alquiler","Plurifamiliar","València","46011","Valencia","Valencia","Poblats Marítims","La Malva-rosa","39.4813846012","-0.3261197988","","Profesional","Inmobiliaria Fran López","Sí","No","No","No","No","No","No","No","https://images.habimg.com/imgh/01dbb7ac-1a18-43c6-ad9c-e3ba9ee5b4c8G.jpg","https://www.milanuncios.com/anuncios/r517653174.htm","2024-06-25","962949864","inmobiliariafranlopezdaa9@realestate.com","No","","","No","No contactado","465","3","1","70","1090","15","7","Muy alta"
"milanuncios","520601543","Alquiler","Plurifamiliar","Nou Moles - Plaça de Roma","46018","Valencia","Valencia","L'Olivereta","Nou Moles","39.4712791443","-0.3984709978","5","Particular","","No","Sí","No","No","No","No","No","No","","https://www.milanuncios.com/anuncios/r520601543.htm","2024-07-28","","","No","","","No","No contactado","466","1","1","15","340","22","2","Muy alta"
"milanuncios","397541859","Alquiler","Plurifamiliar","Algirós - Zona especial Calle José María Haro Magistrado 47","46022","valencia","valencia","Algirós","La Carrasca","39.4718","-0.33793","2","Profesional","carlos","Sí","Sí","No","No","Sí","No","No","No","","https://www.milanuncios.com/anuncios/r397541859.htm","2021-04-21","902110022","milanuncios@fotocasa.es","No","","","No","No contactado","467","3","2","100","750","7","1196","Muy alta"
"milanuncios","397541859","Alquiler","Plurifamiliar","Algirós - Zona especial Calle José María Haro Magistrado 47","46022","valencia","valencia","Algirós","La Carrasca","39.4718","-0.33793","2","Profesional","carlos","Sí","Sí","No","No","Sí","No","No","No","","https://www.milanuncios.com/anuncios/r397541859.htm","2021-04-21","960990294","milanuncios@fotocasa.es","No","","","No","No contactado","468","3","2","100","750","7","1168","Muy alta"
"milanuncios","397541859","Alquiler","Plurifamiliar","Algirós - Zona especial Calle José María Haro Magistrado 47","46022","valencia","valencia","Algirós","La Carrasca","39.4718","-0.33793","2","Profesional","carlos","Sí","Sí","No","No","Sí","No","No","No","","https://www.milanuncios.com/anuncios/r397541859.htm","2021-04-21","960990294","milanuncios@fotocasa.es","No","","","No","No contactado","469","3","2","100","750","7","1168","Muy alta"
"habitaclia","BC2202","Alquiler","Plurifamiliar","","","Valencia","Valencia","El Pla del Real","Mestalla","39.4709822973","-0.3585483027","4","Profesional","BENICASA 2002 SERVICIOS INMOBILIARIOS","Sí","Sí","Sí","No","No","No","No","No","https://images.habimg.com/imgh/07f37e8c-bd88-4c9e-b73e-2583929c4db2G.jpg","https://www.habitaclia.com/i41070000001496","2024-06-21","963656620","serviciosinmobiliariosbc2002@outlook.es","No","Muy bueno","","No","No contactado","470","3","2","110","1640","14","26","Muy alta"
"milanuncios","518765603","Alquiler","Plurifamiliar","Nou Moles - Plaça de Roma","46018","Valencia","Valencia","L'Olivereta","Nou Moles","39.4712791443","-0.3984709978","5","Particular","","No","Sí","No","No","No","No","No","No","","https://www.milanuncios.com/anuncios/r518765603.htm","2024-07-09","","","No","","","No","No contactado","471","1","1","15","300","20","2","Muy alta"
"milanuncios","518549200","Alquiler","Plurifamiliar","València","46021","Valencia","Valencia","El Pla del Real","Mestalla","39.468568665","-0.358811935","4","Profesional","VICENTE GARCÍA  JOSE ANGEL","Sí","Sí","No","No","No","No","No","No","https://images.habimg.com/imgh/0959afa8-5c4d-4142-8501-e3eb1e7d4bf0G.jpg","https://www.milanuncios.com/anuncios/r518549200.htm","2024-07-05","961281558","alameda10dt69e2@realestate.com","No","","","No","No contactado","472","1","1","57","875","15","4","Muy alta"
"habitaclia","I-00L0XY-W-02WE4V","Alquiler","Plurifamiliar","Amplio y luminoso piso en Ruzafa con parking","","Valencia","Valencia","L'Eixample","Russafa","39.4639706072","-0.3746333928","3","Profesional","Engel & Völkers","Sí","Sí","Sí","No","No","No","No","No","https://images.habimg.com/imgh/025659a2-d7c5-4325-8d1c-a7dd7d6fc1e6G.jpg","https://www.habitaclia.com/i5953003369186","2024-07-11","963517897","valencia@engelvoelkers.com","No","Muy bueno","","No","No contactado","473","4","3","230","1900","8","19","Muy alta"
"habitaclia","4540353","Alquiler","Plurifamiliar","El saler / avenida gola del puchol","","Valencia","Valencia","El Saler","","39.3568731","-0.3215507","0","Particular","","No","Sí","Sí","No","No","No","No","Sí","https://images.habimg.com/imgh/500-img4540353-453649287G.jpg","https://www.habitaclia.com/i500004540353","2024-01-02","608174066","inmadarte1972@gmail.com","No","Muy bueno","","No","No contactado","474","2","1","80","3000","37","182","Muy alta"
"milanuncios","518572405","Alquiler","Plurifamiliar","València","46025","Valencia","Valencia","Benicalap","Barrio de Benicalap","39.4916073937","-0.3922555063","","Profesional","Inmobiliaria Alturesmer","No","No","No","No","No","No","No","No","https://images.habimg.com/imgh/10c7e267-1b1c-492b-b5ec-76c81c88ebb8G.jpg","https://www.milanuncios.com/anuncios/r518572405.htm","2024-07-06","962940247","inmobiliariaalturesmercbb1@realestate.com","No","","","No","No contactado","475","3","1","67","890","13","8","Muy alta"
"milanuncios","514409938","Alquiler","Plurifamiliar","València","46023","Valencia","Valencia","Camins al Grau","Penya - Roja - Avda. Francia","39.4653579012","-0.3555731988","","Profesional","Person Inmobiliaria","Sí","Sí","No","No","No","No","No","No","https://images.habimg.com/imgh/0b7e9cb9-f541-42a8-9ae7-e97237561d3fG.jpg","https://www.milanuncios.com/anuncios/r514409938.htm","2024-05-23","962647592","personinmobiliaria6e78@realestate.com","No","","","No","No contactado","476","3","2","146","2500","17","40","Muy alta"
"habitaclia","4540353","Alquiler","Plurifamiliar","El saler / avenida gola del puchol","","Valencia","Valencia","El Saler","","39.3568731","-0.3215507","0","Particular","","No","Sí","Sí","No","No","No","No","Sí","https://images.habimg.com/imgh/500-img4540353-453649287G.jpg","https://www.habitaclia.com/i500004540353","2024-01-02","608174066","inmadarte1972@gmail.com","No","Muy bueno","","No","No contactado","477","2","1","80","3000","37","182","Muy alta"
"milanuncios","514409938","Alquiler","Plurifamiliar","València","46023","Valencia","Valencia","Camins al Grau","Penya - Roja - Avda. Francia","39.4653579012","-0.3555731988","","Profesional","Person Inmobiliaria","Sí","Sí","No","No","No","No","No","No","https://images.habimg.com/imgh/0b7e9cb9-f541-42a8-9ae7-e97237561d3fG.jpg","https://www.milanuncios.com/anuncios/r514409938.htm","2024-05-23","962647592","personinmobiliaria6e78@realestate.com","No","","","No","No contactado","478","3","2","146","2500","17","40","Muy alta"
"habitaclia","4451632","Alquiler","Plurifamiliar","El piso nuevo, moderno, centrico","46010","Valencia","Valencia","La Saïdia","Trinitat","39.4822363","-0.372474","1","Particular","","No","Sí","No","No","No","No","No","No","https://images.habimg.com/imgh/500-img4451632-289405739G.jpg","https://www.habitaclia.com/i500004451632","2022-12-05","622333960","estetica.devison@gmail.com","No","Muy bueno","","No","No contactado","479","3","2","100","2600","26","603","Muy alta"
"milanuncios","519859131","Alquiler","Plurifamiliar","València","46022","Valencia","Valencia","Poblats Marítims","Beteró","39.4720795943","-0.3352063057","","Profesional","RUBIO Y ASOCIADOS INMOBILIARIA","Sí","Sí","No","No","No","No","No","No","https://images.habimg.com/imgh/136acf55-d790-463f-bd58-e8609e3b9b5eG.jpg","https://www.milanuncios.com/anuncios/r519859131.htm","2024-07-18","962647591","rubioyasociadosinmobiliariaa333@realestate.com","No","","","No","No contactado","480","4","2","100","1400","14","12","Muy alta"
"milanuncios","519546372","Alquiler","Plurifamiliar","València","46021","Valencia","Valencia","Algirós","La Carrasca","39.4787736943","-0.3525635057","","Profesional","VALENCIA BIENES RAICES","No","Sí","No","No","No","No","No","No","https://images.habimg.com/imgh/061b8600-221e-452b-8121-46e48d536066G.jpg","https://www.milanuncios.com/anuncios/r519546372.htm","2024-07-15","962640476","bienesyraices25a5@realestate.com","No","","","No","No contactado","481","3","2","105","1400","13","15","Muy alta"
"habitaclia","A1-64571","Alquiler","Plurifamiliar","","","Valencia","Valencia","Benicalap","Barrio de Benicalap","39.4933057722","-0.3854104278","1","Profesional","GRUPO 90 CENTRAL","No","No","No","No","No","No","No","No","https://images.habimg.com/imgh/0f7f353b-5f26-43be-a7c7-81054d6e2e5dG.jpg","https://www.habitaclia.com/i42610000003379","2024-07-25","963489732","publicidad@grupo90.es","No","Muy bueno","","No","No contactado","482","3","1","77","1100","14","5","Muy alta"
"habitaclia","46-252-2346","Alquiler","Plurifamiliar","Estudio tipo loft en alquiler amueblado con electrodomésticos  lavadora, secadora, nevera, aire acondicionado . Con vistas a la pl","","Valencia","Valencia","Ciutat Vella","El Mercat","39.4744565","-0.3777281","0","Profesional","HABITALE RIBARROJA","No","No","No","No","No","No","No","No","https://images.habimg.com/imgh/00f982e2-7ca3-444d-9788-37c4c42507dbG.jpg","https://www.habitaclia.com/i13527000001643","2024-07-12","962779700","comercial@grupohabitat.es","No","Muy bueno","","No","No contactado","483","1","1","68","900","13","18","Muy alta"
"milanuncios","517299124","Alquiler","Plurifamiliar","València","46006","Valencia","Valencia","L'Eixample","Russafa","39.4579625585","-0.3729640967","","Profesional","Finaer","Sí","Sí","No","No","No","No","No","No","https://images.habimg.com/imgh/03e7f9d4-a8e2-47c7-bd98-991665ec9638G.jpg","https://www.milanuncios.com/anuncios/r517299124.htm","2024-06-20","962471295","inmobiliariascongarantiafinaere6e5@realestate.com","No","","","No","No contactado","484","3","1","70","1300","18","40","Muy alta"
"habitaclia","I-00L0XY-W-02WE4V","Alquiler","Plurifamiliar","Amplio y luminoso piso en Ruzafa con parking","","Valencia","Valencia","L'Eixample","Russafa","39.4639706072","-0.3746333928","3","Profesional","Engel & Völkers","Sí","Sí","Sí","No","No","No","No","No","https://images.habimg.com/imgh/025659a2-d7c5-4325-8d1c-a7dd7d6fc1e6G.jpg","https://www.habitaclia.com/i5953003369186","2024-07-11","963517897","valencia@engelvoelkers.com","No","Muy bueno","","No","No contactado","485","4","3","230","1900","8","19","Muy alta"
"habitaclia","VLC-BG1336BG","Alquiler","Plurifamiliar","Tu casa nueva en el centro","","Valencia","Valencia","L'Eixample","El Pla del Remei","39.4697790385","-0.3662436426","2","Profesional","RK VALENCIA MARKET","Sí","Sí","No","No","No","No","No","No","https://images.habimg.com/imgh/0b84d9c3-b074-4ebd-ba9a-63e70580535aG.jpg","https://www.habitaclia.com/i10982004407356","2024-06-26","963308216","info@realmark.es","No","Muy bueno","","No","No contactado","486","3","2","104","2000","19","34","Muy alta"
"milanuncios","519537367","Alquiler","Plurifamiliar","València","46021","Valencia","Valencia","El Pla del Real","Mestalla","39.4734884943","-0.3560087057","","Profesional","VALENCIA BIENES RAICES","No","Sí","No","No","No","No","No","No","https://images.habimg.com/imgh/0297cdc6-3200-4630-ab86-435701b8038cG.jpg","https://www.milanuncios.com/anuncios/r519537367.htm","2024-07-15","962640476","bienesyraices25a5@realestate.com","No","","","No","No contactado","487","4","2","115","1500","13","15","Muy alta"
"milanuncios","518425889","Alquiler","Plurifamiliar","València","46008","Valencia","Valencia","Extramurs","La Petxina","39.4720953771","-0.3907643012","6","Profesional","Nossa Externalización Slu","Sí","Sí","No","No","No","No","No","No","https://images.habimg.com/imgh/09668259-ab02-4066-a881-b76c3ab883afG.jpg","https://www.milanuncios.com/anuncios/r518425889.htm","2024-07-04","962640371","nossagestion2047@realestate.com","No","","","No","No contactado","488","3","1","90","1100","12","11","Muy alta"
"milanuncios","517954298","Alquiler","Plurifamiliar","València","46010","Valencia","Valencia","La Saïdia","Trinitat","39.487618516","-0.365867517","Bajos","Profesional","MARIA CEBRIAN GESTION INMOBILIARIA","No","No","No","No","No","No","No","No","https://images.habimg.com/imgh/0f0ad732-2036-4c60-a91f-99607308f6e5G.jpg","https://www.milanuncios.com/anuncios/r517954298.htm","2024-06-28","962470712","mariacebriangestioninmobiliaria040e@realestate.com","No","","","No","No contactado","489","3","2","80","900","11","3","Muy alta"
"milanuncios","519728890","Alquiler","Plurifamiliar","València","46025","Valencia","Valencia","Benicalap","Barrio de Benicalap","39.4961776943","-0.3934720057","","Profesional","Alquila Tu Hogar","Sí","Sí","No","No","No","No","No","No","https://images.habimg.com/imgh/003825cd-fae7-422b-81aa-150f63614820G.jpg","https://www.milanuncios.com/anuncios/r519728890.htm","2024-07-17","910926078","alquilatuhogarf3c3@realestate.com","No","","","No","No contactado","490","3","2","118","1100","9","13","Muy alta"
"milanuncios","518435036","Alquiler","Plurifamiliar","València","46005","Valencia","Valencia","L'Eixample","Russafa","39.4624488024","-0.3704123976","","Profesional","VALENCIA AL MAR","No","No","No","Sí","No","No","No","No","https://images.habimg.com/imgh/0cd41f6d-7e28-4a47-8bb6-bf4569355059G.jpg","https://www.milanuncios.com/anuncios/r518435036.htm","2024-07-04","963300708","valenciaalmar5204@realestate.com","No","","","No","No contactado","491","4","1","90","950","10","6","Muy alta"
"milanuncios","520199665","Alquiler","Plurifamiliar","València","46010","Valencia","Valencia","El Pla del Real","Ciutat Universitària","39.479438355","-0.360506045","8","Profesional","RUBIO Y ASOCIADOS INMOBILIARIA","No","Sí","No","No","No","No","No","No","https://images.habimg.com/imgh/060545c4-2b1c-4712-aeed-47b89ff33a63G.jpg","https://www.milanuncios.com/anuncios/r520199665.htm","2024-07-22","962647591","rubioyasociadosinmobiliariaa333@realestate.com","No","","","No","No contactado","492","4","2","104","1300","12","7","Muy alta"
"milanuncios","517783714","Alquiler","Plurifamiliar","València","46025","Valencia","Valencia","Benicalap","Barrio de Benicalap","39.492451865","-0.396902635","2","Profesional","INTERFINANCE GEST ASEENTRAMI S","No","No","No","No","No","No","No","No","https://images.habimg.com/imgh/113ec483-81af-48ba-8a2b-264a7b42b6a1G.jpg","https://www.milanuncios.com/anuncios/r517783714.htm","2024-06-26","960962429","familyhousebenicalapc9cd@realestate.com","No","","","No","No contactado","493","3","1","76","850","11","13","Muy alta"
"milanuncios","514320472","Alquiler","Plurifamiliar","València","46021","Valencia","Valencia","Camins al Grau","Albors","39.47260006","-0.35269124","","Profesional","Inmolax S L","Sí","Sí","No","No","No","No","No","No","https://images.habimg.com/imgh/82c39ecc-1c97-41f5-be98-dbf106a1d787G.jpg","https://www.milanuncios.com/anuncios/r514320472.htm","2024-05-22","962470692","laxinmobiliariavalencia0975@realestate.com","No","","","No","No contactado","494","1","1","57","900","15","54","Muy alta"
"milanuncios","518808218","Alquiler","Plurifamiliar","Valencia, Benicalap","46025","Valencia","Valencia","Benicalap","Barrio de Benicalap","39.4908057748","-0.3877636664","","Profesional","Expercasa Benicalap","No","Sí","No","No","No","No","No","No","https://images.habimg.com/imgh/29482-img830-479257092G.jpg","https://www.milanuncios.com/anuncios/r518808218.htm","2024-07-09","962940128","expercasabenicalap6618@realestate.com","No","","","No","No contactado","495","3","1","117","1000","8","6","Muy alta"
"milanuncios","519310313","Alquiler","Plurifamiliar","València","46021","Valencia","Valencia","El Pla del Real","Mestalla","39.4752532575","-0.3519192319","3","Profesional","VALENCIA BIENES RAICES","No","Sí","No","No","No","No","No","No","https://images.habimg.com/imgh/23c627c6-f2f4-447c-a9ac-dfd4f4dd81dcG.jpg","https://www.milanuncios.com/anuncios/r519310313.htm","2024-07-12","962640476","bienesyraices25a5@realestate.com","No","","","No","No contactado","496","3","1","80","950","11","3","Muy alta"
"milanuncios","518085816","Alquiler","Plurifamiliar","Algirós - C/ del Dr. Manuel Candela","46021","Valencia","Valencia","Camins al Grau","Albors","39.46979","-0.3494139","6","Particular","","No","No","No","No","No","No","No","No","","https://www.milanuncios.com/anuncios/r518085816.htm","2024-06-30","","","No","","","No","No contactado","497","1","1","30","320","10","2","Muy alta"
"milanuncios","518043128","Alquiler","Plurifamiliar","València","46024","Valencia","Valencia","Poblats Marítims","El Grau","39.4615485012","-0.3330038988","","Profesional","ALQUILER SEGURO CENTRAL","No","No","No","No","No","No","No","No","https://images.habimg.com/imgh/08eea9fe-06c2-4d7d-9fb9-8243a82619fcG.jpg","https://www.milanuncios.com/anuncios/r518043128.htm","2024-06-29","919453756","alquilerseguro96f0@realestate.com","No","","","No","No contactado","498","3","1","78","850","10","3","Muy alta"
"milanuncios","518043128","Alquiler","Plurifamiliar","València","46024","Valencia","Valencia","Poblats Marítims","El Grau","39.4615485012","-0.3330038988","","Profesional","ALQUILER SEGURO CENTRAL","No","No","No","No","No","No","No","No","https://images.habimg.com/imgh/08eea9fe-06c2-4d7d-9fb9-8243a82619fcG.jpg","https://www.milanuncios.com/anuncios/r518043128.htm","2024-06-29","919453756","alquilerseguro96f0@realestate.com","No","","","No","No contactado","499","3","1","78","850","10","3","Muy alta"
"milanuncios","518085816","Alquiler","Plurifamiliar","Algirós - C/ del Dr. Manuel Candela","46021","Valencia","Valencia","Camins al Grau","Albors","39.46979","-0.3494139","6","Particular","","No","No","No","No","No","No","No","No","","https://www.milanuncios.com/anuncios/r518085816.htm","2024-06-30","","","No","","","No","No contactado","500","1","1","30","320","10","2","Muy alta"
"habitaclia","CH-59327-0010","Alquiler","Plurifamiliar","Solvia Inmobiliaria  Piso Valencia","","Valencia","Valencia","Benicalap","Barrio de Benicalap","39.4903597142","-0.3895255693","0","Profesional","SOLVIA SERVICIOS INMOBILIARIOS S.L","No","Sí","No","No","No","No","No","No","https://images.habimg.com/imgh/0ac59b59-89c4-4ebc-b1d8-ce8157da5618G.jpg","https://www.habitaclia.com/i44419000002780","2024-07-22","919341909","comercial@solvia.es","No","Muy bueno","","No","No contactado","501","2","2","77","920","11","8","Muy alta"
"habitaclia","4556655","Alquiler","Plurifamiliar","El Pla del Remei / Carrer d","","Valencia","Valencia","L'Eixample","El Pla del Remei","39.4679934","-0.369887","0","Particular","","No","Sí","No","No","No","No","No","No","https://images.habimg.com/imgh/500-img4556655-471041497G.jpg","https://www.habitaclia.com/i500004556655","2024-03-19","655482881","mluisasantonja@hotmail.com","No","Muy bueno","","No","No contactado","502","3","2","150","2600","17","133","Muy alta"
"habitaclia","4553191","Alquiler","Plurifamiliar","Loft amueblado con gastos incluidos","46023","Valencia","Valencia","Camins al Grau","Penya - Roja - Avda. Francia","39.4643589","-0.3558863","7","Particular","","Sí","Sí","No","No","No","No","No","No","https://images.habimg.com/imgh/500-img4553191-468388692G.jpg","https://www.habitaclia.com/i500004553191","2024-03-04","662197151","carlagobernagarcia@gmail.com","No","Muy bueno","","No","No contactado","503","1","1","100","1100","11","148","Muy alta"
"milanuncios","518597107","Alquiler","Plurifamiliar","Benimaclet - C/ del Pare Alegre","46020","Valencia","Valencia","Benimaclet","Barrio de Benimaclet","39.4836051","-0.3544672","3","Particular","","No","Sí","No","No","Sí","No","No","No","","https://www.milanuncios.com/anuncios/r518597107.htm","2024-07-06","","","No","","","No","No contactado","504","3","2","99","1100","11","9","Muy alta"
"milanuncios","517735618","Alquiler","Plurifamiliar","València","46008","Valencia","Valencia","Extramurs","Zona Botánico","39.4766071012","-0.3846079988","1","Profesional","MRH GESTIONES INMOBILIARIAS","Sí","No","No","No","No","No","No","No","https://images.habimg.com/imgh/19208e6d-e47e-492a-ad41-29ea9c959349G.jpg","https://www.milanuncios.com/anuncios/r517735618.htm","2024-06-26","962470837","mrhgestionesinmobiliariasaad1@realestate.com","No","","","No","No contactado","505","1","1","55","725","13","6","Muy alta"
"milanuncios","517735618","Alquiler","Plurifamiliar","València","46008","Valencia","Valencia","Extramurs","Zona Botánico","39.4766071012","-0.3846079988","1","Profesional","MRH GESTIONES INMOBILIARIAS","Sí","No","No","No","No","No","No","No","https://images.habimg.com/imgh/19208e6d-e47e-492a-ad41-29ea9c959349G.jpg","https://www.milanuncios.com/anuncios/r517735618.htm","2024-06-26","962470837","mrhgestionesinmobiliariasaad1@realestate.com","No","","","No","No contactado","506","1","1","55","725","13","6","Muy alta"
"milanuncios","519754543","Alquiler","Plurifamiliar","València","46008","Valencia","Valencia","Extramurs","La Petxina","39.4693250118","-0.3910950882","","Profesional","ALQUILER SEGURO CENTRAL","Sí","Sí","No","No","No","No","No","No","https://images.habimg.com/imgh/02fcda03-e98a-4cb0-b108-344fcb87d5cdG.jpg","https://www.milanuncios.com/anuncios/r519754543.htm","2024-07-17","919453756","alquilerseguro96f0@realestate.com","No","","","No","No contactado","507","2","1","90","800","8","7","Muy alta"
"milanuncios","518084516","Alquiler","Plurifamiliar","Gaspar Aguilar - Av. de Gaspar Aguilar","46017","Valencia","Valencia","Jesús","L'Hort de Senabre","39.4544367","-0.3916946","2","Profesional","analíabueti","No","Sí","No","No","No","No","No","No","","https://www.milanuncios.com/anuncios/r518084516.htm","2024-06-30","960727723","info@grupodelplata.es","No","","","No","No contactado","508","1","1","46","920","20","2","Muy alta"
"milanuncios","518745088","Alquiler","Plurifamiliar","València","46006","Valencia","Valencia","L'Eixample","Russafa","39.4628535454","-0.3751980546","3","Profesional","Yourentaflat S L","No","No","No","No","No","No","No","No","https://images.habimg.com/imgh/045aa5e8-38ce-4b48-9ee9-46c106a80cf9G.jpg","https://www.milanuncios.com/anuncios/r518745088.htm","2024-07-09","962949016","live4life7722@realestate.com","No","","","No","No contactado","509","3","2","100","1300","13","18","Muy alta"
"habitaclia","21-58963","Alquiler","Plurifamiliar","","","Valencia","Valencia","Algirós","Ciutat Jardí","39.4742933786","-0.3441119214","0","Profesional","LLAVE 90 BLASCO IBAÑEZ","No","Sí","No","No","No","No","No","No","https://images.habimg.com/imgh/03ceaddc-71dc-411b-9ab0-1b541801a8fbG.jpg","https://www.habitaclia.com/i9999000000379","2024-05-30","963285285","sdiaz@llave90.com","No","Muy bueno","","No","No contactado","510","4","2","109","1500","13","33","Muy alta"
"habitaclia","978626","Alquiler","Plurifamiliar","","","Valencia","Valencia","Jesús","L'Hort de Senabre","39.4550075786","-0.3878390214","2","Profesional","INVERSIMEDIA","No","No","No","No","No","No","No","No","https://images.habimg.com/imgh/0344e792-5c33-4995-9fdc-5d45be1af10bG.jpg","https://www.habitaclia.com/i47624000002530","2024-04-29","631336226","inversimedia@gmail.com","No","Muy bueno","","No","No contactado","511","3","1","75","1150","15","64","Muy alta"
"habitaclia","419849780020043523453245","Alquiler","Plurifamiliar","Carrer de Lluís Peixó, 32","","Valencia","Valencia","Poblats Marítims","El Cabanyal - El Canyamelar","39.4737361907","-0.3337580093","4","Profesional","LIVE 4 LIFE","Sí","Sí","No","No","No","No","No","No","https://images.habimg.com/imgh/0495b2ff-6471-4e4d-be9e-2fe51bb83866G.jpg","https://www.habitaclia.com/i28825000009463","2024-07-08","633594645","valencia@l4l.es","No","Muy bueno","","No","No contactado","512","5","2","140","1800","12","14","Muy alta"
"habitaclia","tru33799","Alquiler","Plurifamiliar","","","Valencia","Valencia","Poblats Marítims","Beteró","39.4724589","-0.3352165","2","Profesional","EUROCASA INMOBILIARIA VIGO","Sí","Sí","Sí","No","No","No","No","No","https://images.habimg.com/imgh/304a452e-a049-493e-9549-de0ac7c9f83bG.jpg","https://www.habitaclia.com/i34969000000139","2024-06-30","676615379","info@eurocasaviviendas.com","No","Muy bueno","","No","No contactado","513","1","2","50","500","10","1","Muy alta"
"milanuncios","515534361","Alquiler","Plurifamiliar","València","46021","Valencia","Valencia","Algirós","L'Amistat","39.4738553423","-0.3475730447","","Profesional","Spaces Places","Sí","Sí","No","No","No","No","No","No","https://images.habimg.com/imgh/05ff31bd-6a9f-4528-b33a-57d63d2b3e0fG.jpg","https://www.milanuncios.com/anuncios/r515534361.htm","2024-06-04","962470857","spacesplaces120d@realestate.com","No","","","No","No contactado","514","4","2","109","1700","15","43","Muy alta"
"habitaclia","4569508","Alquiler","Plurifamiliar","El Cabanyal - El Canyamelar / Carrer del Doctor Ll","","Valencia","Valencia","Poblats Marítims","El Cabanyal - El Canyamelar","39.4685493","-0.3283013","0","Particular","","No","No","No","No","No","No","No","No","https://images.habimg.com/imgh/500-img4569508-476791114G.jpg","https://www.habitaclia.com/i500004569508","2024-05-27","626149766","jorgebernabeu83@gmail.com","No","Muy bueno","","No","No contactado","515","3","1","84","1450","17","36","Muy alta"
"milanuncios","514163292","Alquiler","Plurifamiliar","València","46013","Valencia","Valencia","Quatre Carreres","Ciutat de les Ciències i de les Arts - Justicia","39.4569695012","-0.3585906988","","Profesional","","Sí","Sí","No","No","No","No","No","No","https://images.habimg.com/imgh/1153b10e-a055-4d02-b242-f0f008dda319G.jpg","https://www.milanuncios.com/anuncios/r514163292.htm","2024-05-20","","","No","","","No","No contactado","516","1","1","80","950","11","43","Muy alta"
"habitaclia","4571890","Alquiler","Plurifamiliar","Mestalla / Avinguda del Cardenal Benlloch","","Valencia","Valencia","El Pla del Real","Mestalla","39.4685611","-0.3559748","0","Particular","","No","No","No","No","No","No","No","No","https://images.habimg.com/imgh/500-img4571890-478183538G.jpg","https://www.habitaclia.com/i500004571890","2024-06-07","685279875","pablo060624@gmail.com","No","Muy bueno","","No","No contactado","517","6","4","265","3950","14","25","Muy alta"
"habitaclia","2190","Alquiler","Plurifamiliar","ALQUILER PISO EN VALENCIA","","Valencia","Valencia","Extramurs","Arrancapins","39.4614079731","-0.3825404269","0","Profesional","Asesores Inmobiliarios","Sí","Sí","No","No","No","No","No","No","https://images.habimg.com/imgh/0b18e8e5-5624-4cb8-afbd-f691653e7294G.jpg","https://www.habitaclia.com/i13692000002134","2024-05-14","722443030","sweethomevalencia@hotmail.com","No","Muy bueno","","No","No contactado","518","2","1","80","1190","14","48","Muy alta"
"milanuncios","517904169","Alquiler","Plurifamiliar","València","46003","Valencia","Valencia","Ciutat Vella","La Xerea","39.474793855","-0.369374145","1","Profesional","CM PROPERTIES","Sí","No","No","No","No","No","No","No","https://images.habimg.com/imgh/0e914e44-4ac2-444d-83ea-2fd7f9534bb9G.jpg","https://www.milanuncios.com/anuncios/r517904169.htm","2024-06-27","962470759","cmproperties8e5d@realestate.com","No","","","No","No contactado","519","4","2","150","2150","14","32","Muy alta"
"milanuncios","493533441","Alquiler","Plurifamiliar","València","46021","Valencia","Valencia","Algirós","L'Amistat","39.4737201012","-0.3513198988","","Profesional","Valencia Ma Casa","Sí","Sí","No","No","No","No","No","No","https://images.habimg.com/imgh/1c61d8b3-878f-40de-a7ed-d2e17a5bb998G.jpg","https://www.milanuncios.com/anuncios/r493533441.htm","2023-08-31","962940167","valenciamacasa388d@realestate.com","No","","","No","No contactado","520","3","1","75","1200","16","306","Muy alta"
"milanuncios","518084516","Alquiler","Plurifamiliar","Gaspar Aguilar - Av. de Gaspar Aguilar","46017","Valencia","Valencia","Jesús","L'Hort de Senabre","39.4544367","-0.3916946","2","Profesional","analíabueti","No","Sí","No","No","No","No","No","No","","https://www.milanuncios.com/anuncios/r518084516.htm","2024-06-30","960727723","info@grupodelplata.es","No","","","No","No contactado","521","1","1","46","920","20","2","Muy alta"
"milanuncios","517574093","Alquiler","Plurifamiliar","Valencia Capital - Avinguda del Cardena","46021","Valencia","Valencia","Camins al Grau","Albors","39.4713","-0.354396","","Profesional","Aproperties","No","Sí","No","No","No","No","No","No","https://images.habimg.com/imgh/4737-img3821816-478270801G.jpg","https://www.milanuncios.com/anuncios/r517574093.htm","2024-06-24","962648135","apropertiesrealestatevalencia6ff9@realestate.com","No","","","No","No contactado","522","4","2","80","1400","17","8","Muy alta"
"Fotocasa","535 4D","Alquiler","Plurifamiliar","Piso en Alquiler en  Carrer de Gascó Oliag, Ciutat Universitària","46010","Valencia","Valencia","El Pla del Real","Ciutat Universitària","39.4785300988","-0.3572320012","7º","Profesional","ALAMEDA 10DT","Sí","Sí","Sí","Sí","Sí","Sí","Sí","Sí","https://static.fotocasa.es/images/ads/255f790b-5875-4466-a3e9-89b0c08931e2?rule=feeds_1920x1080","https://www.fotocasa.es/Building/Building_Detail.aspx?ai=183898348&tti=2","2024-07-22","961281558","info@alameda10dt.com","No","Muy bueno","","No","No contactado","523","4","3","180","1700","9","3","Muy alta"
"milanuncios","519737600","Alquiler","Plurifamiliar","València","46010","Valencia","Valencia","El Pla del Real","Ciutat Universitària","39.4786976886","-0.3553674114","8","Profesional","VICENTE GARCÍA  JOSE ANGEL","Sí","Sí","No","No","No","No","No","No","https://images.habimg.com/imgh/0a191fa6-1488-4df8-a73d-c711884a3f6dG.jpg","https://www.milanuncios.com/anuncios/r519737600.htm","2024-07-17","961281558","alameda10dt69e2@realestate.com","No","","","No","No contactado","524","4","2","97","1500","15","2","Muy alta"
"habitaclia","4571890","Alquiler","Plurifamiliar","Mestalla / Avinguda del Cardenal Benlloch","","Valencia","Valencia","El Pla del Real","Mestalla","39.4685611","-0.3559748","0","Particular","","No","No","No","No","No","No","No","No","https://images.habimg.com/imgh/500-img4571890-478183538G.jpg","https://www.habitaclia.com/i500004571890","2024-06-07","685279875","pablo060624@gmail.com","No","Muy bueno","","No","No contactado","525","6","4","265","3950","14","25","Muy alta"
"Fotocasa","PD0770VG","Alquiler","Plurifamiliar","Piso en Alquiler en  MICER MASCO, Exposició","46010","Valencia","Valencia","El Pla del Real","Exposició","39.4755175873","-0.3637900363","2º","Profesional","Carmina Reig Inmobiliaria","Sí","Sí","No","No","No","No","No","No","https://static.fotocasa.es/images/ads/52a43d31-9a4f-4c27-9dd7-cfa38b0f3ecd?rule=feeds_1920x1080","https://www.fotocasa.es/Building/Building_Detail.aspx?ai=183822660&tti=2","2024-07-12","960969249","i.carminareiginmobiliaria.2301@inmovilla.com","No","Muy bueno","","No","No contactado","526","2","1","76","1300","17","3","Muy alta"
"milanuncios","518000927","Alquiler","Plurifamiliar","València","46011","Valencia","Valencia","Poblats Marítims","El Grau","39.4642892012","-0.3336041988","","Profesional","GARFISAN VALENCIA SOCIEDAD LIMITADA EN CONSTITUCIÓ","No","Sí","No","No","No","No","No","No","https://images.habimg.com/imgh/200df059-1176-4ba4-93e0-a5f544845c09G.jpg","https://www.milanuncios.com/anuncios/r518000927.htm","2024-06-29","962647812","century21libertyhome2977@realestate.com","No","","","No","No contactado","527","4","1","95","1200","12","3","Muy alta"
"milanuncios","517574093","Alquiler","Plurifamiliar","Valencia Capital - Avinguda del Cardena","46021","Valencia","Valencia","Camins al Grau","Albors","39.4713","-0.354396","","Profesional","Aproperties","No","Sí","No","No","No","No","No","No","https://images.habimg.com/imgh/4737-img3821816-478270801G.jpg","https://www.milanuncios.com/anuncios/r517574093.htm","2024-06-24","962648135","apropertiesrealestatevalencia6ff9@realestate.com","No","","","No","No contactado","528","4","2","80","1400","17","8","Muy alta"
"milanuncios","518508859","Alquiler","Plurifamiliar","València","46022","Valencia","Valencia","Algirós","Ciutat Jardí","39.4737306179","-0.3454920821","1","Profesional","GRUPO 90 CENTRAL","Sí","Sí","No","No","No","No","No","No","https://images.habimg.com/imgh/03998740-b1e4-470d-baf9-3f7c39bcd875G.jpg","https://www.milanuncios.com/anuncios/r518508859.htm","2024-07-05","963489732","grupo90centrale9ab@realestate.com","No","","","No","No contactado","529","3","1","89","1300","14","13","Muy alta"
"milanuncios","516865799","Alquiler","Plurifamiliar","València","46003","Valencia","Valencia","Ciutat Vella","La Xerea","39.4754276231","-0.3700057769","1","Profesional","Yourentaflat S L","No","Sí","No","No","No","No","No","No","https://images.habimg.com/imgh/159ca3e8-135b-443b-b6a9-85321838ae81G.jpg","https://www.milanuncios.com/anuncios/r516865799.htm","2024-06-16","962949801","live4life7722@realestate.com","No","","","No","No contactado","530","1","1","60","750","12","40","Muy alta"
"milanuncios","518467422","Alquiler","Plurifamiliar","València","46020","Valencia","Valencia","Benimaclet","Barrio de Benimaclet","39.4857308231","-0.3563821769","Bajos","Profesional","Yourentaflat S L","Sí","Sí","No","No","No","No","No","No","https://images.habimg.com/imgh/164b94e7-13ab-4135-be65-a59a9eaac82eG.jpg","https://www.milanuncios.com/anuncios/r518467422.htm","2024-07-04","962949801","live4life7722@realestate.com","No","","","No","No contactado","531","2","2","140","1600","11","22","Muy alta"
"milanuncios","518341438","Alquiler","Plurifamiliar","València","46011","Valencia","Valencia","Poblats Marítims","La Malva-rosa","39.4826810679","-0.3271634321","5","Profesional","THOMAS JEAN LUC ROUER","No","No","No","No","No","No","No","No","https://images.habimg.com/imgh/236a8dda-dc02-491c-b2ed-c507cfda230aG.jpg","https://www.milanuncios.com/anuncios/r518341438.htm","2024-07-03","962642521","comproenespana889e@realestate.com","No","","","No","No contactado","532","3","1","75","850","11","9","Muy alta"
"habitaclia","1803","Alquiler","Plurifamiliar","","","Valencia","Valencia","El Pla del Real","Mestalla","39.4738660618","-0.3602615382","0","Profesional","ALAMEDA 10DT","Sí","Sí","No","No","No","No","No","No","https://images.habimg.com/imgh/00138667-a815-436e-b895-011e8d3885f5G.jpg","https://www.habitaclia.com/i43366000000847","2024-07-01","690062272","info@alameda10dt.com","No","Muy bueno","","No","No contactado","533","3","2","130","1600","12","4","Muy alta"
"habitaclia","02088VMC","Alquiler","Plurifamiliar","","","Valencia","Valencia","La Saïdia","Tormos","39.4885950622","-0.3768549378","0","Profesional","VALENCIA MA CASA","Sí","Sí","No","No","No","No","No","No","https://images.habimg.com/imgh/1cf65982-45ae-476a-97ea-62dc3189b587G.jpg","https://www.habitaclia.com/i32361000003356","2024-03-26","34655932498","info@valenciamacasa.com","No","Muy bueno","","No","No contactado","534","4","2","100","1200","12","123","Muy alta"
"milanuncios","518664738","Alquiler","Plurifamiliar","València","46008","Valencia","Valencia","Extramurs","Arrancapins","39.4679886849","-0.3903900762","1","Profesional","Garpe Gestion Sl","No","Sí","No","No","No","No","No","No","https://images.habimg.com/imgh/1143d664-e629-438d-969c-0b1d175c49c2G.jpg","https://www.milanuncios.com/anuncios/r518664738.htm","2024-07-08","962470783","casasdelmediterraneocentrala755@realestate.com","No","","","No","No contactado","535","4","1","100","950","9","2","Muy alta"
"milanuncios","518265609","Alquiler","Plurifamiliar","València","46021","Valencia","Valencia","Camins al Grau","Albors","39.4696559563","-0.3543420437","7","Profesional","EV MMC SPAIN  S L U","Sí","Sí","No","No","No","No","No","No","https://images.habimg.com/imgh/08e98498-22c0-493c-bccf-1a866fe25758G.jpg","https://www.milanuncios.com/anuncios/r518265609.htm","2024-07-02","961287313","engelvolkers809d@realestate.com","No","","","No","No contactado","536","3","2","120","1400","11","20","Muy alta"
"habitaclia","978626","Alquiler","Plurifamiliar","","","Valencia","Valencia","Jesús","L'Hort de Senabre","39.4550075786","-0.3878390214","2","Profesional","INVERSIMEDIA","No","No","No","No","No","No","No","No","https://images.habimg.com/imgh/0344e792-5c33-4995-9fdc-5d45be1af10bG.jpg","https://www.habitaclia.com/i47624000002530","2024-04-29","631336226","inversimedia@gmail.com","No","Muy bueno","","No","No contactado","537","3","1","75","1150","15","64","Muy alta"
"habitaclia","01814","Alquiler","Plurifamiliar","Piso de cuatro dormitorios, con vistas preciosas al mar y  a poco metros del Jardines del Rio Túria","","Valencia","Valencia","Camins al Grau","Penya - Roja - Avda. Francia","39.4600002164","-0.352366847","0","Profesional","INMOBILIARIA TRAFALGAR","Sí","Sí","Sí","No","Sí","No","No","No","https://images.habimg.com/imgh/01bd347b-4362-4636-9fca-099dbb6f0a6fG.jpg","https://www.habitaclia.com/i8144000001065","2024-03-25","963816909","i.trafalgar.359@inmovilla.com","No","Muy bueno","","No","No contactado","538","4","2","161","2100","13","99","Muy alta"
"habitaclia","4569508","Alquiler","Plurifamiliar","El Cabanyal - El Canyamelar / Carrer del Doctor Ll","","Valencia","Valencia","Poblats Marítims","El Cabanyal - El Canyamelar","39.4685493","-0.3283013","0","Particular","","No","No","No","No","No","No","No","No","https://images.habimg.com/imgh/500-img4569508-476791114G.jpg","https://www.habitaclia.com/i500004569508","2024-05-27","626149766","jorgebernabeu83@gmail.com","No","Muy bueno","","No","No contactado","539","3","1","84","1450","17","36","Muy alta"
"milanuncios","518000927","Alquiler","Plurifamiliar","València","46011","Valencia","Valencia","Poblats Marítims","El Grau","39.4642892012","-0.3336041988","","Profesional","GARFISAN VALENCIA SOCIEDAD LIMITADA EN CONSTITUCIÓ","No","Sí","No","No","No","No","No","No","https://images.habimg.com/imgh/200df059-1176-4ba4-93e0-a5f544845c09G.jpg","https://www.milanuncios.com/anuncios/r518000927.htm","2024-06-29","962647812","century21libertyhome2977@realestate.com","No","","","No","No contactado","540","4","1","95","1200","12","3","Muy alta"
"milanuncios","493533441","Alquiler","Plurifamiliar","València","46021","Valencia","Valencia","Algirós","L'Amistat","39.4737201012","-0.3513198988","","Profesional","Valencia Ma Casa","Sí","Sí","No","No","No","No","No","No","https://images.habimg.com/imgh/1c61d8b3-878f-40de-a7ed-d2e17a5bb998G.jpg","https://www.milanuncios.com/anuncios/r493533441.htm","2023-08-31","962940167","valenciamacasa388d@realestate.com","No","","","No","No contactado","541","3","1","75","1200","16","306","Muy alta"
"milanuncios","514163292","Alquiler","Plurifamiliar","València","46013","Valencia","Valencia","Quatre Carreres","Ciutat de les Ciències i de les Arts - Justicia","39.4569695012","-0.3585906988","","Profesional","","Sí","Sí","No","No","No","No","No","No","https://images.habimg.com/imgh/1153b10e-a055-4d02-b242-f0f008dda319G.jpg","https://www.milanuncios.com/anuncios/r514163292.htm","2024-05-20","","","No","","","No","No contactado","542","1","1","80","950","11","43","Muy alta"
"habitaclia","00886VMC","Alquiler","Plurifamiliar","","","Valencia","Valencia","Algirós","La Bega Baixa - Plaza Xúquer","39.4776117865","-0.3498382135","0","Profesional","VALENCIA MA CASA","Sí","Sí","No","No","No","No","No","No","https://images.habimg.com/imgh/3953b24f-ae25-422c-a939-8531d8903163G.jpg","https://www.habitaclia.com/i32361000003212","2024-02-02","960714992<br> 655121880","info@valenciamacasa.com","No","Muy bueno","","No","No contactado","543","3","2","120","1000","8","151","Muy alta"
"habitaclia","00886VMC","Alquiler","Plurifamiliar","","","Valencia","Valencia","Algirós","La Bega Baixa - Plaza Xúquer","39.4776117865","-0.3498382135","0","Profesional","VALENCIA MA CASA","Sí","Sí","No","No","No","No","No","No","https://images.habimg.com/imgh/3953b24f-ae25-422c-a939-8531d8903163G.jpg","https://www.habitaclia.com/i32361000003212","2024-02-02","960714992<br> 655121880","info@valenciamacasa.com","No","Muy bueno","","No","No contactado","544","3","2","120","1000","8","151","Muy alta"
"habitaclia","A48139","Alquiler","Plurifamiliar","","","Valencia","Valencia","La Saïdia","Morvedre","39.4818603973","-0.3805676027","7","Profesional","GRUPO 90 CENTRAL","Sí","Sí","No","No","No","No","No","No","https://images.habimg.com/imgh/034128ba-e436-4646-8ffb-6e96f6948a27G.jpg","https://www.habitaclia.com/i42610000003375","2024-07-18","615443392","constitucion@grupo90.com","No","Muy bueno","","No","No contactado","545","4","3","120","1299","10","1","Muy alta"
"milanuncios","517146038","Alquiler","Plurifamiliar","València","46021","Valencia","Valencia","Algirós","L'Amistat","39.4743556332","-0.3520180064","7","Profesional","Pawel Tadeusz Barglik","No","Sí","No","No","No","No","No","No","https://images.habimg.com/imgh/01306198-129a-46f1-96e4-a01aff1c533bG.jpg","https://www.milanuncios.com/anuncios/r517146038.htm","2024-06-18","962947856","arrelsvalencia7eea@realestate.com","No","","","No","No contactado","546","4","2","80","1500","18","35","Muy alta"
"habitaclia","21-58963","Alquiler","Plurifamiliar","","","Valencia","Valencia","Algirós","Ciutat Jardí","39.4742933786","-0.3441119214","0","Profesional","LLAVE 90 BLASCO IBAÑEZ","No","Sí","No","No","No","No","No","No","https://images.habimg.com/imgh/03ceaddc-71dc-411b-9ab0-1b541801a8fbG.jpg","https://www.habitaclia.com/i9999000000379","2024-05-30","963285285","sdiaz@llave90.com","No","Muy bueno","","No","No contactado","547","4","2","109","1500","13","33","Muy alta"
"milanuncios","519477381","Alquiler","Plurifamiliar","València","46004","Valencia","Valencia","L'Eixample","El Pla del Remei","39.47221246","-0.36804554","","Profesional","RUBIO Y ASOCIADOS INMOBILIARIA","Sí","Sí","No","No","No","No","No","No","https://images.habimg.com/imgh/034c9956-c70c-46ec-9c35-116ed3be129cG.jpg","https://www.milanuncios.com/anuncios/r519477381.htm","2024-07-14","962647591","rubioyasociadosinmobiliariaa333@realestate.com","No","","","No","No contactado","548","1","1","45","385","8","1","Muy alta"
"milanuncios","519311408","Alquiler","Plurifamiliar","València","46011","Valencia","Valencia","Poblats Marítims","El Cabanyal - El Canyamelar","39.4686436","-0.32758031","7","Profesional","PRIMER GRUPO GRAN VIA","Sí","Sí","No","No","No","No","No","No","https://images.habimg.com/imgh/05ebf11f-fca1-4b06-9f66-c06340f09cc4G.jpg","https://www.milanuncios.com/anuncios/r519311408.htm","2024-07-12","962471327","primergrupogranviad305@realestate.com","No","","","No","No contactado","549","4","2","96","1250","13","3","Muy alta"
"habitaclia","01814","Alquiler","Plurifamiliar","Piso de cuatro dormitorios, con vistas preciosas al mar y  a poco metros del Jardines del Rio Túria","","Valencia","Valencia","Camins al Grau","Penya - Roja - Avda. Francia","39.4600002164","-0.352366847","0","Profesional","INMOBILIARIA TRAFALGAR","Sí","Sí","Sí","No","Sí","No","No","No","https://images.habimg.com/imgh/01bd347b-4362-4636-9fca-099dbb6f0a6fG.jpg","https://www.habitaclia.com/i8144000001065","2024-03-25","963816909","i.trafalgar.359@inmovilla.com","No","Muy bueno","","No","No contactado","550","4","2","161","2100","13","99","Muy alta"
"milanuncios","516672164","Alquiler","Plurifamiliar","València","46020","Valencia","Valencia","Benimaclet","Barrio de Benimaclet","39.4878791012","-0.3548065988","3","Profesional","Yourentaflat S L","No","Sí","No","No","No","No","No","No","https://images.habimg.com/imgh/05ae6c51-ed19-4a60-8a80-eed58fb794c0G.jpg","https://www.milanuncios.com/anuncios/r516672164.htm","2024-06-14","955444401","live4life7722@realestate.com","No","","","No","No contactado","551","4","2","120","1600","13","18","Muy alta"
"habitaclia","21-58664","Alquiler","Plurifamiliar","","","Valencia","Valencia","Algirós","La Carrasca","39.47219","-0.33774","0","Profesional","LLAVE 90 BLASCO IBAÑEZ","Sí","Sí","No","No","No","No","No","No","https://images.habimg.com/imgh/00f3b593-da64-4147-8aca-8a78646e7b04G.jpg","https://www.habitaclia.com/i9999000000241","2023-06-21","963285285","sdiaz@llave90.com","No","Muy bueno","","No","No contactado","552","3","2","115","1300","11","391","Muy alta"
"milanuncios","516672164","Alquiler","Plurifamiliar","València","46020","Valencia","Valencia","Benimaclet","Barrio de Benimaclet","39.4878791012","-0.3548065988","3","Profesional","Yourentaflat S L","No","Sí","No","No","No","No","No","No","https://images.habimg.com/imgh/05ae6c51-ed19-4a60-8a80-eed58fb794c0G.jpg","https://www.milanuncios.com/anuncios/r516672164.htm","2024-06-14","955444401","live4life7722@realestate.com","No","","","No","No contactado","553","4","2","120","1600","13","18","Muy alta"
"habitaclia","359b290cae3b","Alquiler","Plurifamiliar","Luminoso y con aire acondicionado","","Valencia","Valencia","Extramurs","La Roqueta","39.4653117","-0.3804224","7","Particular","","Sí","Sí","No","No","No","No","No","No","https://images.habimg.com/imgh/2364a050-853c-4ba4-9c5b-b45d9350ae5dG.jpg","https://www.habitaclia.com/i500006003135","2024-07-28","655429744","","No","Muy bueno","","No","No contactado","554","2","1","50","1100","22","2","Muy alta"
"habitaclia","RP093","Alquiler","Plurifamiliar","Extraordinaria vivienda a estrenar en Ruzafa","","Valencia","Valencia","L'Eixample","Russafa","39.4628319222","-0.3678833778","1","Profesional","Revival Properties","Sí","Sí","No","No","No","No","No","No","https://images.habimg.com/imgh/0e306680-c417-492c-9125-e063117ab8bcG.jpg","https://www.habitaclia.com/i37206000000124","2024-07-04","630022419","revivalpropertiesvalencia@gmail.com","No","Muy bueno","","No","No contactado","555","3","2","104","2100","20","26","Muy alta"
"milanuncios","519690375","Alquiler","Plurifamiliar","València","46026","Valencia","Valencia","Quatre Carreres","Malilla","39.4477287943","-0.3706237057","4","Profesional","inmocity","Sí","Sí","No","No","No","No","No","No","https://images.habimg.com/imgh/08d144ed-fea7-491b-b5a5-3608f4c4a948G.jpg","https://www.milanuncios.com/anuncios/r519690375.htm","2024-07-16","962949603","inmocity31ad@realestate.com","No","","","No","No contactado","556","2","1","70","1000","14","14","Muy alta"
"milanuncios","520565021","Alquiler","Unifamiliar","Cabañal - C/ de Josep Benlliure","46011","Valencia","Valencia","Poblats Marítims","El Cabanyal - El Canyamelar","39.473477","-0.3294142","Bajos","Particular","","Sí","No","No","No","Sí","No","No","No","","https://www.milanuncios.com/anuncios/r520565021.htm","2024-07-27","","","No","","","No","No contactado","557","1","2","66","1500","22","3","Muy alta"
"habitaclia","1020","Alquiler","Plurifamiliar","PISO DE TEMPORADA EN AYORA","","Valencia","Valencia","Algirós","L'Illa Perduda","39.4681930722","-0.3343129278","1","Profesional","Hola Inmobiliaria","No","No","No","No","No","No","No","No","https://images.habimg.com/imgh/2e134d94-3f7a-40f4-9a0a-33630359c2d5G.jpg","https://www.habitaclia.com/i51936000000065","2024-07-10","633040498","mlstrategicsl@gmail.com","No","Muy bueno","","No","No contactado","558","3","1","100","1200","12","20","Muy alta"
"milanuncios","520669753","Alquiler","Plurifamiliar","Benicalap","46002","Valencia","Valencia","Ciutat Vella","Sant Francesc","39.4704780579","-0.3768554926","3","Particular","","No","Sí","No","No","Sí","No","No","No","","https://www.milanuncios.com/anuncios/r520669753.htm","2024-07-29","","","No","","","No","No contactado","559","1","2","30","320","10","1","Muy alta"
"milanuncios","520578051","Alquiler","Plurifamiliar","El Carmen - C/ de l''Àngel Custodi","46003","Valencia","Valencia","Ciutat Vella","El Carme","39.477695","-0.3773463","2","Particular","","No","Sí","No","No","No","No","No","No","","https://www.milanuncios.com/anuncios/r520578051.htm","2024-07-27","","","No","","","No","No contactado","560","2","1","80","1200","15","3","Muy alta"
"milanuncios","514476125","Alquiler","Plurifamiliar","València","46003","Valencia","Valencia","Ciutat Vella","El Carme","39.4763827742","-0.3841320187","","Profesional","Finaer","Sí","Sí","No","No","No","No","No","No","https://images.habimg.com/imgh/16a5166e-8546-40e0-8b07-81f7f1001e79G.jpg","https://www.milanuncios.com/anuncios/r514476125.htm","2024-05-24","962471295","inmobiliariascongarantiafinaere6e5@realestate.com","No","","","No","No contactado","561","3","2","96","1780","18","67","Muy alta"
"habitaclia","01314","Alquiler","Plurifamiliar","PISO EN ALBORS","","Valencia","Valencia","Camins al Grau","Albors","39.4691195722","-0.3533845678","5","Profesional","Hola Inmobiliaria","Sí","No","No","No","No","No","No","No","https://images.habimg.com/imgh/2bee8026-ae84-41a4-97e2-425baa1dfb86G.jpg","https://www.habitaclia.com/i51936000000205","2024-07-19","633040498","mlstrategicsl@gmail.com","No","Muy bueno","","No","No contactado","562","4","1","96","1250","13","11","Muy alta"
"habitaclia","978626","Alquiler","Plurifamiliar","","","Valencia","Valencia","Jesús","L'Hort de Senabre","39.4552360072","-0.3876105928","2","Profesional","INVERSIMEDIA","No","No","No","No","No","No","No","No","https://images.habimg.com/imgh/0344e792-5c33-4995-9fdc-5d45be1af10bG.jpg","https://www.habitaclia.com/i47624000002530","2024-04-29","631336226","inversimedia@gmail.com","No","Muy bueno","","No","No contactado","563","3","1","75","1150","15","92","Muy alta"
"habitaclia","00736-4","Alquiler","Plurifamiliar","Ref 00736 Se ALQUILA vivienda 3 dormitorios  dos baños  despacho","","Valencia","Valencia","Jesús","L'Hort de Senabre","39.4570912027","-0.3890859504","5","Profesional","TOTAL HABITAT","No","Sí","No","No","Sí","No","No","No","https://images.habimg.com/imgh/055b4b0c-2e6d-49c9-8901-2a49bf13ae2dG.jpg","https://www.habitaclia.com/i51197000000170","2024-07-20","961046750","gestion@totalhabitat.es","No","Muy bueno","","No","No contactado","564","3","2","88","1100","12","10","Muy alta"
"milanuncios","520465603","Alquiler","Plurifamiliar","València","46009","Valencia","Valencia","La Saïdia","Sant Antoni","39.4869592943","-0.3739787057","1","Profesional","inmocity","Sí","Sí","No","No","No","No","No","No","https://images.habimg.com/imgh/3ad929e6-433a-4dfd-b4dd-a784386f42daG.jpg","https://www.milanuncios.com/anuncios/r520465603.htm","2024-07-25","962949603","inmocity31ad@realestate.com","No","","","No","No contactado","565","4","2","100","1300","13","5","Muy alta"
"Fotocasa",":A:1-64578","Alquiler","Plurifamiliar","Piso en Alquiler en La Bega Baixa - Plaza Xúquer","46021","Valencia","Valencia","Algirós","La Bega Baixa - Plaza Xúquer","39.4737297003","-0.3499825997","3º","Profesional","GRUPO 90 CENTRAL","No","Sí","Sí","No","No","No","No","No","https://static.fotocasa.es/images/ads/6aaf3ce6-016b-46d5-9671-ac5f3b37690d?rule=feeds_1920x1080","https://www.fotocasa.es/Building/Building_Detail.aspx?ai=183937394&tti=2","2024-07-26","963489732","publicidad@grupo90.es","No","Muy bueno","","No","No contactado","566","4","2","117","1600","13","4","Muy alta"
"milanuncios","479721464","Alquiler","Plurifamiliar","València","46020","Valencia","Valencia","Benimaclet","Barrio de Benimaclet","39.4844227943","-0.3564372057","","Profesional","Valencia Ma Casa","Sí","Sí","No","No","No","No","No","No","https://images.habimg.com/imgh/202a8c80-f52a-4cba-ad38-1dd6417382f6G.jpg","https://www.milanuncios.com/anuncios/r479721464.htm","2023-03-08","962940167","valenciamacasa388d@realestate.com","No","","","No","No contactado","567","4","2","120","1400","11","510","Muy alta"
"habitaclia","00156VMC","Alquiler","Plurifamiliar","","","Valencia","Valencia","Algirós","La Carrasca","39.4802860722","-0.3502839278","5","Profesional","VALENCIA MA CASA","No","Sí","No","No","No","No","No","No","https://images.habimg.com/imgh/01b531f4-4141-4a54-a9ac-f32595d80606G.jpg","https://www.habitaclia.com/i32361000003393","2024-04-18","960714992<br> 655121880","info@valenciamacasa.com","No","Muy bueno","","No","No contactado","568","4","2","110","1400","12","103","Muy alta"
"milanuncios","519109524","Alquiler","Plurifamiliar","València","46022","Valencia","Valencia","Camins al Grau","Aiora","39.4629560943","-0.3392560057","","Profesional","ABLAS INMOBILIARIA","No","Sí","No","No","No","No","No","No","https://images.habimg.com/imgh/07b36c42-811f-4324-80de-bf105d48d89fG.jpg","https://www.milanuncios.com/anuncios/r519109524.htm","2024-07-11","962945839","ablasinmobiliaria3591@realestate.com","No","","","No","No contactado","569","3","2","105","1250","11","19","Muy alta"
"milanuncios","519255340","Alquiler","Plurifamiliar","València","46022","Valencia","Valencia","Algirós","La Carrasca","39.4733461943","-0.3387061057","","Profesional","SERINFO 1998  S L","Sí","No","No","No","No","No","No","No","https://images.habimg.com/imgh/716b7c09-501a-4e4d-9781-3b8bd540badcG.jpg","https://www.milanuncios.com/anuncios/r519255340.htm","2024-07-12","962641584","serinfo2d96@realestate.com","No","","","No","No contactado","570","","1","41","850","20","18","Muy alta"
"milanuncios","518742121","Alquiler","Plurifamiliar","València","46025","Valencia","Valencia","Benicalap","Barrio de Benicalap","39.4896786943","-0.3884561057","Bajos","Profesional","SERINFO 1998  S L","Sí","Sí","No","No","No","No","No","No","https://images.habimg.com/imgh/bcf04351-4534-40a9-a7d5-84edbd27fdc6G.jpg","https://www.milanuncios.com/anuncios/r518742121.htm","2024-07-09","962641584","serinfo2d96@realestate.com","No","","","No","No contactado","571","1","1","48","985","20","21","Muy alta"
"habitaclia","4569508","Alquiler","Plurifamiliar","El Cabanyal - El Canyamelar / Carrer del Doctor Ll","","Valencia","Valencia","Poblats Marítims","El Cabanyal - El Canyamelar","39.4685493","-0.3283013","0","Particular","","No","No","No","No","No","No","No","No","https://images.habimg.com/imgh/500-img4569508-476791114G.jpg","https://www.habitaclia.com/i500004569508","2024-05-27","626149766","jorgebernabeu83@gmail.com","No","Muy bueno","","No","No contactado","572","3","1","84","1450","17","64","Muy alta"
"habitaclia","PIS0137","Alquiler","Plurifamiliar","PISO EN EL PILAR","","Valencia","Valencia","Ciutat Vella","El Pilar","39.4731668226","-0.3814368947","0","Profesional","Inmobiliarias con garantía Finaer","Sí","No","No","No","No","No","No","No","https://images.habimg.com/imgh/236b9b0b-b988-476c-a67f-f5ee4b7bc8c2G.jpg","https://www.habitaclia.com/i47750000000147","2024-06-11","0","inmoweb@finaer.es","No","Muy bueno","","No","No contactado","573","2","2","85","1500","17","49","Muy alta"
"habitaclia","PIS0171","Alquiler","Plurifamiliar","PISO EN MORVEDRE","","Valencia","Valencia","La Saïdia","Sant Antoni","39.4884637841","-0.3740242755","0","Profesional","Inmobiliarias con garantía Finaer","No","Sí","No","No","No","No","No","No","https://images.habimg.com/imgh/1c3b062d-39c1-4a1d-a2cb-6016a914f22bG.jpg","https://www.habitaclia.com/i47750000000191","2024-06-21","0","inmoweb@finaer.es","No","Muy bueno","","No","No contactado","574","3","2","120","1200","10","39","Muy alta"
"habitaclia","4571890","Alquiler","Plurifamiliar","Mestalla / Avinguda del Cardenal Benlloch","","Valencia","Valencia","El Pla del Real","Mestalla","39.4685611","-0.3559748","0","Particular","","No","No","No","No","No","No","No","No","https://images.habimg.com/imgh/500-img4571890-478183538G.jpg","https://www.habitaclia.com/i500004571890","2024-06-07","685279875","pablo060624@gmail.com","No","Muy bueno","","No","No contactado","575","6","4","265","3950","14","53","Muy alta"
"habitaclia","325","Alquiler","Plurifamiliar","EXCELENTE VIVIENDA EN CL. LLANO DE ZAIDIA!!!","","Valencia","Valencia","La Saïdia","Morvedre","39.4833625072","-0.3784028928","3","Profesional","IPISOS","No","Sí","No","No","No","No","No","No","https://images.habimg.com/imgh/12b9529f-ebe3-4f59-ad58-2c93288213b3G.jpg","https://www.habitaclia.com/i12419000000301","2024-06-11","961931086","armandosuero@ipisos-realestate.com","No","Muy bueno","","No","No contactado","576","3","2","125","1650","13","49","Muy alta"
"milanuncios","517612786","Alquiler","Plurifamiliar","zaidia - C/ de Maximilià Thous","46009","Valencia","Valencia","La Saïdia","Sant Antoni","39.4875565","-0.3733815","2","Profesional","encarna","No","Sí","No","No","No","No","No","No","","https://www.milanuncios.com/anuncios/r517612786.htm","2024-06-25","670116835","encarnamassuet55@gmail.com","No","","","No","No contactado","577","3","2","90","1000","11","7","Muy alta"
"milanuncios","517612786","Alquiler","Plurifamiliar","zaidia - C/ de Maximilià Thous","46009","Valencia","Valencia","La Saïdia","Sant Antoni","39.4875565","-0.3733815","2","Profesional","encarna","No","Sí","No","No","No","No","No","No","","https://www.milanuncios.com/anuncios/r517612786.htm","2024-06-25","670116835","encarnamassuet55@gmail.com","No","","","No","No contactado","578","3","2","90","1000","11","7","Muy alta"
"milanuncios","515379653","Alquiler","Plurifamiliar","Valencia","46015","Valencia","Valencia","Benicalap","Barrio de Benicalap","39.4970764022","-0.3954386478","","Profesional","SKYLINE SOLUCIONES  S L","Sí","Sí","No","No","No","No","No","No","","https://www.milanuncios.com/anuncios/r515379653.htm","2024-06-03","962646387","remaxurbee996@realestate.com","No","","","No","No contactado","579","4","1","78","420","5","29","Muy alta"
"milanuncios","515379653","Alquiler","Plurifamiliar","Valencia","46015","Valencia","Valencia","Benicalap","Barrio de Benicalap","39.4970764022","-0.3954386478","","Profesional","SKYLINE SOLUCIONES  S L","Sí","Sí","No","No","No","No","No","No","","https://www.milanuncios.com/anuncios/r515379653.htm","2024-06-03","962646387","remaxurbee996@realestate.com","No","","","No","No contactado","580","4","1","78","420","5","29","Muy alta"
"milanuncios","520524362","Alquiler","Plurifamiliar","València","46007","Valencia","Valencia","Jesús","La Raïosa","39.4574626943","-0.3839402057","1","Profesional","SERINFO 1998  S L","Sí","Sí","No","No","No","No","No","No","https://images.habimg.com/imgh/122d89d1-21b1-4ceb-94fc-c8c705506379G.jpg","https://www.milanuncios.com/anuncios/r520524362.htm","2024-07-26","962641584","serinfo2d96@realestate.com","No","","","No","No contactado","581","2","1","67","825","12","4","Muy alta"
"milanuncios","519580484","Alquiler","Plurifamiliar","València","46026","Valencia","Valencia","Quatre Carreres","Malilla","39.4504244943","-0.3778904057","","Profesional","SERVICIOS FINANCIEROS E INMOBILIARIOS INFOAREA  S","No","Sí","No","No","No","No","No","No","https://images.habimg.com/imgh/0c09fdfc-c5ac-46d8-8619-f0c72628e331G.jpg","https://www.milanuncios.com/anuncios/r519580484.htm","2024-07-16","960963929","infoarea37d8@realestate.com","No","","","No","No contactado","582","3","2","102","1100","10","14","Muy alta"
"milanuncios","224407889","Alquiler","Unifamiliar","Cabañal - C/ d''Escalante","46011","Valencia","Valencia","Poblats Marítims","El Cabanyal - El Canyamelar","39.4750067","-0.3298157","6","Particular","","No","Sí","No","No","Sí","No","No","No","","https://www.milanuncios.com/anuncios/r224407889.htm","2017-03-03","","","Sí","","","No","No contactado","583","3","2","95","120","1","2678","Muy alta"
"milanuncios","517693555","Alquiler","Plurifamiliar","Campanar - Av. de Campanar","46009","Valencia","Valencia","Campanar","Campanar - La Fe","39.4827739","-0.3922433","3","Particular","","No","No","No","No","No","No","No","No","","https://www.milanuncios.com/anuncios/r517693555.htm","2024-06-25","","","No","","","No","No contactado","584","2","1","90","1040","11","7","Muy alta"
"milanuncios","517693555","Alquiler","Plurifamiliar","Campanar - Av. de Campanar","46009","Valencia","Valencia","Campanar","Campanar - La Fe","39.4827739","-0.3922433","3","Particular","","No","No","No","No","No","No","No","No","","https://www.milanuncios.com/anuncios/r517693555.htm","2024-06-25","","","No","","","No","No contactado","585","2","1","90","1040","11","7","Muy alta"
"milanuncios","224407889","Alquiler","Unifamiliar","Cabañal - C/ d''Escalante","46011","Valencia","Valencia","Poblats Marítims","El Cabanyal - El Canyamelar","39.4750067","-0.3298157","6","Particular","","No","Sí","No","No","Sí","No","No","No","","https://www.milanuncios.com/anuncios/r224407889.htm","2017-03-03","","","Sí","","","No","No contactado","586","3","2","95","120","1","2678","Muy alta"
"milanuncios","517995400","Alquiler","Plurifamiliar","València","46007","Valencia","Valencia","Jesús","La Raïosa","39.4548665664","-0.3853712108","8","Profesional","Grupo Inmobiliario Selling House","No","Sí","No","No","No","No","No","No","https://images.habimg.com/imgh/08ab1609-4525-40f4-8117-d00041b30fd1G.jpg","https://www.milanuncios.com/anuncios/r517995400.htm","2024-06-28","962647958","grupoinmobiliariosellinghouse46eb@realestate.com","No","","","No","No contactado","587","4","2","110","900","8","11","Muy alta"
"milanuncios","518714907","Alquiler","Plurifamiliar","València","46021","Valencia","Valencia","Algirós","La Bega Baixa - Plaza Xúquer","39.47669206","-0.34691654","3","Profesional","ANUBIS KOOP SL","No","Sí","No","No","No","No","No","No","","https://www.milanuncios.com/anuncios/r518714907.htm","2024-07-08","962644316","primergrupomarenostrumbab7@realestate.com","No","","","No","No contactado","588","3","1","103","950","9","7","Muy alta"
"milanuncios","233168347","Alquiler","Unifamiliar","El Perellonet - Grup de Pescadors del M","46012","Valencia","Valencia","El Perellonet","","39.3079657","-0.2972558","Bajos","Particular","","No","No","No","No","No","No","No","No","","https://www.milanuncios.com/anuncios/r233168347.htm","2017-05-31","","","No","","","No","No contactado","589","5","3","180","1","","2589","Muy alta"
"milanuncios","233168347","Alquiler","Unifamiliar","El Perellonet - Grup de Pescadors del M","46012","Valencia","Valencia","El Perellonet","","39.3079657","-0.2972558","Bajos","Particular","","No","No","No","No","No","No","No","No","","https://www.milanuncios.com/anuncios/r233168347.htm","2017-05-31","","","No","","","No","No contactado","590","5","3","180","1","","2589","Muy alta"
"milanuncios","518176593","Alquiler","Plurifamiliar","València","46007","Valencia","Valencia","Jesús","La Raïosa","39.454831565","-0.385253235","","Profesional","MIGUEL PASCUAL CASA","No","Sí","No","No","No","No","No","No","https://images.habimg.com/imgh/01d8300f-3052-47e2-b60e-75668cab0948G.jpg","https://www.milanuncios.com/anuncios/r518176593.htm","2024-07-01","960968071","benicasa2002serviciosinmobiliard23d@realestate.com","No","","","No","No contactado","591","4","2","100","900","9","8","Muy alta"
"milanuncios","518713657","Alquiler","Plurifamiliar","València","46022","Valencia","Valencia","Algirós","Ciutat Jardí","39.4727714614","-0.3449951386","","Profesional","ANUBIS KOOP SL","No","Sí","No","No","No","No","No","No","https://images.habimg.com/imgh/17681ff7-0b2d-417b-ae9c-de04c8fb1d81G.jpg","https://www.milanuncios.com/anuncios/r518713657.htm","2024-07-08","962644316","primergrupomarenostrumbab7@realestate.com","No","","","No","No contactado","592","3","2","98","1100","11","17","Muy alta"
"milanuncios","517622657","Alquiler","Plurifamiliar","València","46021","Valencia","Valencia","El Pla del Real","Mestalla","39.4693772912","-0.3554546388","5","Profesional","","No","Sí","No","No","No","No","No","No","https://images.habimg.com/imgh/02b63104-f4b7-44a0-bcd3-ee4bd70d5c4eG.jpg","https://www.milanuncios.com/anuncios/r517622657.htm","2024-06-25","","","No","","","No","No contactado","593","3","2","94","1100","11","7","Muy alta"
"milanuncios","517622657","Alquiler","Plurifamiliar","València","46021","Valencia","Valencia","El Pla del Real","Mestalla","39.4693772912","-0.3554546388","5","Profesional","","No","Sí","No","No","No","No","No","No","https://images.habimg.com/imgh/02b63104-f4b7-44a0-bcd3-ee4bd70d5c4eG.jpg","https://www.milanuncios.com/anuncios/r517622657.htm","2024-06-25","","","No","","","No","No contactado","594","3","2","94","1100","11","7","Muy alta"
"milanuncios","517803856","Alquiler","Plurifamiliar","València","46022","Valencia","Valencia","Algirós","Ciutat Jardí","39.4727193182","-0.3436956878","5","Profesional","Inmocuattro Patraix S L","No","Sí","No","No","No","No","Sí","No","https://images.habimg.com/imgh/099ac2cd-07d0-4f9a-8a19-da23ad8a4293G.jpg","https://www.milanuncios.com/anuncios/r517803856.htm","2024-06-26","962647218","inmocuattrovalenciaf1d6@realestate.com","No","","","No","No contactado","595","2","1","79","900","11","6","Muy alta"
"milanuncios","517803856","Alquiler","Plurifamiliar","València","46022","Valencia","Valencia","Algirós","Ciutat Jardí","39.4727193182","-0.3436956878","5","Profesional","Inmocuattro Patraix S L","No","Sí","No","No","No","No","Sí","No","https://images.habimg.com/imgh/099ac2cd-07d0-4f9a-8a19-da23ad8a4293G.jpg","https://www.milanuncios.com/anuncios/r517803856.htm","2024-06-26","962647218","inmocuattrovalenciaf1d6@realestate.com","No","","","No","No contactado","596","2","1","79","900","11","6","Muy alta"
"milanuncios","520488577","Alquiler","Plurifamiliar","Patraix - Carrer de Joaquín Navarro","46017","Valencia","Valencia","Jesús","L'Hort de Senabre","39.452847","-0.386203","5","Particular","","No","No","No","No","No","No","No","No","","https://www.milanuncios.com/anuncios/r520488577.htm","2024-07-25","","","No","","","No","No contactado","597","3","1","10","270","27","5","Muy alta"
"milanuncios","520096128","Alquiler","Plurifamiliar","Rascanya","46022","Valencia","Valencia","Algirós","La Carrasca","39.4775483937","-0.3401777118","5","Profesional","soraya","No","No","No","No","Sí","No","No","No","","https://www.milanuncios.com/anuncios/r520096128.htm","2024-07-19","685509385","inmosoraya@hotmail.com","No","","","No","No contactado","598","3","1","80","900","11","11","Muy alta"
"milanuncios","297647452","Alquiler","Unifamiliar","Malvarrosa - C. d'' Antonio Ponz","46011","Valencia","Valencia","Poblats Marítims","La Malva-rosa","39.4831864","-0.3272793","2","Particular","","No","No","No","No","No","No","No","No","","https://www.milanuncios.com/anuncios/r297647452.htm","2019-03-11","","","No","","","No","No contactado","599","3","1","70","120","1","1968","Muy alta"
"milanuncios","297647452","Alquiler","Unifamiliar","Malvarrosa - C. d'' Antonio Ponz","46011","Valencia","Valencia","Poblats Marítims","La Malva-rosa","39.4831864","-0.3272793","2","Particular","","No","No","No","No","No","No","No","No","","https://www.milanuncios.com/anuncios/r297647452.htm","2019-03-11","","","No","","","No","No contactado","600","3","1","70","120","1","1940","Muy alta"
"milanuncios","297647452","Alquiler","Unifamiliar","Malvarrosa - C. d'' Antonio Ponz","46011","Valencia","Valencia","Poblats Marítims","La Malva-rosa","39.4831864","-0.3272793","2","Particular","","No","No","No","No","No","No","No","No","","https://www.milanuncios.com/anuncios/r297647452.htm","2019-03-11","","","No","","","No","No contactado","601","3","1","70","120","1","1940","Muy alta"
"habitaclia","PRIMARA-04","Alquiler","Plurifamiliar","","","Valencia","Valencia","El Pla del Real","Ciutat Universitària","39.4785997786","-0.3563147214","4","Profesional","FORO INMOBILIARIO VIVEROS","Sí","Sí","No","No","No","No","No","No","https://images.habimg.com/imgh/0f41547b-8455-4050-b464-04a76f3f4a35G.jpg","https://www.habitaclia.com/i14469000001800","2024-06-27","963.614.831","info@foroinmobiliarioviveros.com","No","Muy bueno","","No","No contactado","602","3","2","126","1300","10","5","Muy alta"
"habitaclia","PRIMARA-04","Alquiler","Plurifamiliar","","","Valencia","Valencia","El Pla del Real","Ciutat Universitària","39.4785997786","-0.3563147214","4","Profesional","FORO INMOBILIARIO VIVEROS","Sí","Sí","No","No","No","No","No","No","https://images.habimg.com/imgh/0f41547b-8455-4050-b464-04a76f3f4a35G.jpg","https://www.habitaclia.com/i14469000001800","2024-06-27","963.614.831","info@foroinmobiliarioviveros.com","No","Muy bueno","","No","No contactado","603","3","2","126","1300","10","5","Muy alta"
"milanuncios","518243228","Alquiler","Plurifamiliar","València","46015","Valencia","Valencia","Campanar","El Calvari - La Fe","39.4890774781","-0.3895402219","","Profesional","LA PARRETA GESTION S L","No","Sí","No","No","No","No","No","No","https://images.habimg.com/imgh/12620d7a-2b15-455c-aef2-54238e8677fbG.jpg","https://www.milanuncios.com/anuncios/r518243228.htm","2024-07-02","962644826","optimainmobiliariad37a@realestate.com","No","","","No","No contactado","604","3","2","134","1100","8","9","Muy alta"
"milanuncios","518230087","Alquiler","Unifamiliar","València","46011","Valencia","Valencia","Poblats Marítims","El Cabanyal - El Canyamelar","39.4653603442","-0.334476787","","Profesional","Spaces Places","Sí","No","No","No","No","No","No","No","https://images.habimg.com/imgh/0474c4fd-5b14-47c1-b499-e51754c7e564G.jpg","https://www.milanuncios.com/anuncios/r518230087.htm","2024-07-02","962470857","spacesplaces120d@realestate.com","No","","","No","No contactado","605","2","1","79","1450","18","28","Muy alta"
"habitaclia","4553635","Alquiler","Plurifamiliar","Ciutat Universitària / Carrer de Gorgos","","Valencia","Valencia","El Pla del Real","Ciutat Universitària","39.478","-0.35412","0","Particular","","No","Sí","Sí","No","No","No","No","No","https://images.habimg.com/imgh/500-img4553635-469026163G.jpg","https://www.habitaclia.com/i500004553635","2024-03-06","607715610","tallerorigensl@gmail.com","No","Muy bueno","","No","No contactado","606","4","2","127","1800","14","146","Muy alta"
"habitaclia","324","Alquiler","Plurifamiliar","DESCRIPCIÓN **¡Tu hogar ideal en Malilla te espera! **  Descubre este encantador piso en alquiler","","Valencia","Valencia","Quatre Carreres","Malilla","39.4485186072","-0.3698338928","4","Profesional","Inmocity","Sí","Sí","No","No","No","No","No","No","https://images.habimg.com/imgh/08d144ed-fea7-491b-b5a5-3608f4c4a948G.jpg","https://www.habitaclia.com/i45205000000398","2024-07-17","633021067","info@inmocityweb.com","No","Muy bueno","","No","No contactado","607","2","1","70","1000","14","13","Muy alta"
"habitaclia","4540353","Alquiler","Plurifamiliar","El saler / avenida gola del puchol","","Valencia","Valencia","El Saler","","39.3568731","-0.3215507","0","Particular","","No","Sí","Sí","No","No","No","No","Sí","https://images.habimg.com/imgh/500-img4540353-453649287G.jpg","https://www.habitaclia.com/i500004540353","2024-01-02","608174066","inmadarte1972@gmail.com","No","Muy bueno","","No","No contactado","608","2","1","80","3000","37","210","Muy alta"
"habitaclia","AD24073","Alquiler","Plurifamiliar","Excelente piso de alquiler en Valencia","","Valencia","Valencia","Benicalap","Barrio de Benicalap","39.4905333522","-0.3892719838","2","Profesional","ASESORIA INMOBILIARIA INTERNACIONAL","No","Sí","Sí","No","No","No","No","No","https://images.habimg.com/imgh/14484823-da2e-4cae-bbfa-7cbe637eba89G.jpg","https://www.habitaclia.com/i43001000000367","2024-07-24","698506795","clemencia.rincon@gmail.com","No","Muy bueno","","No","No contactado","609","2","2","77","920","11","6","Muy alta"
"milanuncios","518497082","Alquiler","Plurifamiliar","Valencia","46018","Valencia","Valencia","L'Olivereta","Nou Moles","39.4685047943","-0.3940086057","1","Profesional","ANTONIOSERRA INMOBILIARIA","Sí","Sí","No","No","No","No","No","No","https://images.habimg.com/imgh/06e23a9c-5931-4d19-a7dc-0166083359b6G.jpg","https://www.milanuncios.com/anuncios/r518497082.htm","2024-07-04","657956435","antonioserrainmobiliaria538e@realestate.com","No","","","No","No contactado","610","3","1","90","1200","13","26","Muy alta"
"milanuncios","518086777","Alquiler","Plurifamiliar","Ayora - C/ dels Sants Just i Pastor","46022","Valencia","Valencia","Camins al Grau","Aiora","39.4693407","-0.3478971","1","Particular","","No","Sí","No","No","No","No","No","No","","https://www.milanuncios.com/anuncios/r518086777.htm","2024-06-30","","","No","","","No","No contactado","611","3","1","80","1200","15","2","Muy alta"
"milanuncios","518038930","Alquiler","Plurifamiliar","Algirós - Carrer de Leandro de Saralegui","46021","Valencia","Valencia","Algirós","La Bega Baixa - Plaza Xúquer","39.475315","-0.3484003","2","Particular","","No","Sí","No","No","Sí","No","No","No","","https://www.milanuncios.com/anuncios/r518038930.htm","2024-06-29","","","No","","","No","No contactado","612","4","2","120","1600","13","3","Muy alta"
"milanuncios","519885795","Alquiler","Plurifamiliar","València","46018","Valencia","Valencia","L'Olivereta","Nou Moles","39.4692584557","-0.3901706028","","Profesional","PANACEA HOUSE SOCIEDAD DE RESPONSABILIDAD LIMITADA","No","Sí","No","No","No","No","No","No","https://images.habimg.com/imgh/03f0edd8-eba8-4e09-8025-a323002beed6G.jpg","https://www.milanuncios.com/anuncios/r519885795.htm","2024-07-18","961286182","kasabiba1d7d@realestate.com","No","","","No","No contactado","613","3","1","90","1000","11","11","Muy alta"
"milanuncios","224409090","Alquiler","Unifamiliar","Malvarrosa - Avinguda de la Malva-Rosa","46011","Valencia","Valencia","Poblats Marítims","La Malva-rosa","39.4786001","-0.328151","Bajos","Particular","","No","No","No","No","No","No","No","No","","https://www.milanuncios.com/anuncios/r224409090.htm","2017-03-03","","","Sí","","","No","No contactado","614","2","1","75","99","1","2678","Muy alta"
"milanuncios","224409090","Alquiler","Unifamiliar","Malvarrosa - Avinguda de la Malva-Rosa","46011","Valencia","Valencia","Poblats Marítims","La Malva-rosa","39.4786001","-0.328151","Bajos","Particular","","No","No","No","No","No","No","No","No","","https://www.milanuncios.com/anuncios/r224409090.htm","2017-03-03","","","Sí","","","No","No contactado","615","2","1","75","99","1","2678","Muy alta"
"milanuncios","517872184","Alquiler","Plurifamiliar","València","46011","Valencia","Valencia","Poblats Marítims","La Malva-rosa","39.4803879012","-0.3262059988","1","Profesional","Yourentaflat S L","Sí","No","No","No","No","No","No","No","https://images.habimg.com/imgh/055f0eea-1bf0-4645-991c-2946ca66da2eG.jpg","https://www.milanuncios.com/anuncios/r517872184.htm","2024-06-27","955444401","live4life7722@realestate.com","No","","","No","No contactado","616","3","1","90","1200","13","5","Muy alta"
"habitaclia","AV2406084","Alquiler","Plurifamiliar","Piso en alquiler en Cardenal Benlloch","","Valencia","Valencia","Camins al Grau","Albors","39.4712641786","-0.3544318214","0","Profesional","APROPERTIES REAL ESTATE - VALENCIA","No","Sí","No","No","No","No","No","No","https://images.habimg.com/imgh/4737-img3821816-478270801G.jpg","https://www.habitaclia.com/i4737003821816","2024-06-24","961285965","leadsapvalencia@aproperties.es","No","Muy bueno","","No","No contactado","617","4","2","80","1400","17","8","Muy alta"
"milanuncios","518038930","Alquiler","Plurifamiliar","Algirós - Carrer de Leandro de Saralegui","46021","Valencia","Valencia","Algirós","La Bega Baixa - Plaza Xúquer","39.475315","-0.3484003","2","Particular","","No","Sí","No","No","Sí","No","No","No","","https://www.milanuncios.com/anuncios/r518038930.htm","2024-06-29","","","No","","","No","No contactado","618","4","2","120","1600","13","3","Muy alta"
"milanuncios","518086777","Alquiler","Plurifamiliar","Ayora - C/ dels Sants Just i Pastor","46022","Valencia","Valencia","Camins al Grau","Aiora","39.4693407","-0.3478971","1","Particular","","No","Sí","No","No","No","No","No","No","","https://www.milanuncios.com/anuncios/r518086777.htm","2024-06-30","","","No","","","No","No contactado","619","3","1","80","1200","15","2","Muy alta"
"Fotocasa","3359894168465486446574902","Alquiler","Plurifamiliar","Piso en Alquiler en  Carrer del Poeta Artola, La Bega Baixa - Plaza Xúquer","46021","Valencia","Valencia","Algirós","La Bega Baixa - Plaza Xúquer","39.47705724","-0.34847396","3º","Profesional","LIVE 4 LIFE","Sí","Sí","Sí","Sí","No","Sí","Sí","Sí","https://static.fotocasa.es/images/ads/ac93ac1a-efe7-4b4f-a047-2eb7d40f45d5?rule=feeds_1920x1080","https://www.fotocasa.es/Building/Building_Detail.aspx?ai=183824606&tti=2","2024-07-12","962949801","dxxk@inbox.witei.com","No","Muy bueno","","No","No contactado","620","5","2","120","1800","15","4","Muy alta"
"milanuncios","517872184","Alquiler","Plurifamiliar","València","46011","Valencia","Valencia","Poblats Marítims","La Malva-rosa","39.4803879012","-0.3262059988","1","Profesional","Yourentaflat S L","Sí","No","No","No","No","No","No","No","https://images.habimg.com/imgh/055f0eea-1bf0-4645-991c-2946ca66da2eG.jpg","https://www.milanuncios.com/anuncios/r517872184.htm","2024-06-27","955444401","live4life7722@realestate.com","No","","","No","No contactado","621","3","1","90","1200","13","5","Muy alta"
"habitaclia","00099VMC","Alquiler","Plurifamiliar","","","Valencia","Valencia","Benimaclet","Barrio de Benimaclet","39.4857103865","-0.3622316135","1","Profesional","VALENCIA MA CASA","Sí","Sí","No","No","No","No","No","No","https://images.habimg.com/imgh/22b4e5b0-2e54-4823-a708-f35894999128G.jpg","https://www.habitaclia.com/i32361000003418","2024-05-26","960714992<br> 655121880","info@valenciamacasa.com","No","Muy bueno","","No","No contactado","622","4","1","100","1500","15","37","Muy alta"
"habitaclia","00099VMC","Alquiler","Plurifamiliar","","","Valencia","Valencia","Benimaclet","Barrio de Benimaclet","39.4857103865","-0.3622316135","1","Profesional","VALENCIA MA CASA","Sí","Sí","No","No","No","No","No","No","https://images.habimg.com/imgh/22b4e5b0-2e54-4823-a708-f35894999128G.jpg","https://www.habitaclia.com/i32361000003418","2024-05-26","960714992<br> 655121880","info@valenciamacasa.com","No","Muy bueno","","No","No contactado","623","4","1","100","1500","15","37","Muy alta"
"habitaclia","AV2406084","Alquiler","Plurifamiliar","Piso en alquiler en Cardenal Benlloch","","Valencia","Valencia","Camins al Grau","Albors","39.4712641786","-0.3544318214","0","Profesional","APROPERTIES REAL ESTATE - VALENCIA","No","Sí","No","No","No","No","No","No","https://images.habimg.com/imgh/4737-img3821816-478270801G.jpg","https://www.habitaclia.com/i4737003821816","2024-06-24","961285965","leadsapvalencia@aproperties.es","No","Muy bueno","","No","No contactado","624","4","2","80","1400","17","8","Muy alta"
"milanuncios","518572479","Alquiler","Plurifamiliar","Camí Fondo - Av. del Port","46022","Valencia","Valencia","Camins al Grau","Aiora","39.4640437","-0.3463549","3","Particular","","No","Sí","No","No","Sí","No","No","No","","https://www.milanuncios.com/anuncios/r518572479.htm","2024-07-06","","","No","","","No","No contactado","625","3","2","130","365","2","9","Muy alta"
"milanuncios","224407889","Alquiler","Unifamiliar","Cabañal - C/ d''Escalante","46011","Valencia","Valencia","Poblats Marítims","El Cabanyal - El Canyamelar","39.4750067","-0.3298157","6","Particular","","No","Sí","No","No","Sí","No","No","No","","https://www.milanuncios.com/anuncios/r224407889.htm","2017-03-03","","","Sí","","","No","No contactado","626","3","2","95","120","1","2706","Muy alta"
"habitaclia","UHVLC_2452","Alquiler","Plurifamiliar","CONFORTABLE VIVIENDA EN L''EIXAMPLE PARA ALQUILER TEMPORAL","","Valencia","Valencia","L'Eixample","Russafa","39.4632243506","-0.3662973499","0","Profesional","Urban Habitats","No","Sí","No","No","No","No","No","No","https://images.habimg.com/imgh/1afe2eda-7d09-42d2-8e69-5b98d29bd4b6G.jpg","https://www.habitaclia.com/i45825000000022","2024-07-02","622282132","info@habitatsurban.com","No","Muy bueno","","No","No contactado","627","3","2","115","1800","15","28","Muy alta"
"milanuncios","235991004","Alquiler","Unifamiliar","Malvarrosa - C/ de Cavite","46011","Valencia","Valencia","Poblats Marítims","La Malva-rosa","39.4792962","-0.3267206","2","Particular","","No","No","No","No","No","No","No","No","","https://www.milanuncios.com/anuncios/r235991004.htm","2017-06-27","","","No","","","No","No contactado","628","3","2","120","125","1","2590","Muy alta"
"milanuncios","233168347","Alquiler","Unifamiliar","El Perellonet - Grup de Pescadors del M","46012","Valencia","Valencia","El Perellonet","","39.3079657","-0.2972558","Bajos","Particular","","No","No","No","No","No","No","No","No","","https://www.milanuncios.com/anuncios/r233168347.htm","2017-05-31","","","No","","","No","No contactado","629","5","3","180","1","","2617","Muy alta"
"milanuncios","235991004","Alquiler","Unifamiliar","Malvarrosa - C/ de Cavite","46011","Valencia","Valencia","Poblats Marítims","La Malva-rosa","39.4792962","-0.3267206","2","Particular","","No","No","No","No","No","No","No","No","","https://www.milanuncios.com/anuncios/r235991004.htm","2017-06-27","","","No","","","No","No contactado","630","3","2","120","125","1","2562","Muy alta"
"milanuncios","235991004","Alquiler","Unifamiliar","Malvarrosa - C/ de Cavite","46011","Valencia","Valencia","Poblats Marítims","La Malva-rosa","39.4792962","-0.3267206","2","Particular","","No","No","No","No","No","No","No","No","","https://www.milanuncios.com/anuncios/r235991004.htm","2017-06-27","","","No","","","No","No contactado","631","3","2","120","125","1","2562","Muy alta"
"milanuncios","520490805","Alquiler","Plurifamiliar","Malvarrosa - Av.de la Malva-Rosa","46011","Valencia","Valencia","Poblats Marítims","La Malva-rosa","39.4794445","-0.3280599","4","Particular","","No","Sí","No","No","No","No","No","No","","https://www.milanuncios.com/anuncios/r520490805.htm","2024-07-25","","","No","","","No","No contactado","632","2","1","90","100","1","5","Muy alta"
"Fotocasa","","Alquiler","Plurifamiliar","Piso en Venta en  Carrer de la Perdiu, 1, El Carme","46003","Valencia","Valencia","Ciutat Vella","El Carme","39.4778196","-0.3770208","","Particular","6sk55c8qrz","Sí","No","No","No","No","No","No","No","","https://www.fotocasa.es/Building/Building_Detail.aspx?ai=183892487&tti=1","2024-07-21","683424846","6sk55c8qrz@privaterelay.appleid.com","No","Muy bueno","","No","No contactado","633","1","1","50","1800","36","9","Muy alta"
"milanuncios","514426446","Alquiler","Plurifamiliar","València","46006","Valencia","Valencia","Quatre Carreres","En Corts - Doctor Waksman","39.4583401012","-0.3712198988","","Profesional","ARK   KASA","No","Sí","No","No","No","No","No","No","https://images.habimg.com/imgh/135de94b-1f54-4e4f-87e2-9adcf62611a2G.jpg","https://www.milanuncios.com/anuncios/r514426446.htm","2024-05-23","962470598","arkkasa954b@realestate.com","No","","","No","No contactado","634","5","2","154","1600","10","40","Muy alta"
"milanuncios","514426446","Alquiler","Plurifamiliar","València","46006","Valencia","Valencia","Quatre Carreres","En Corts - Doctor Waksman","39.4583401012","-0.3712198988","","Profesional","ARK   KASA","No","Sí","No","No","No","No","No","No","https://images.habimg.com/imgh/135de94b-1f54-4e4f-87e2-9adcf62611a2G.jpg","https://www.milanuncios.com/anuncios/r514426446.htm","2024-05-23","962470598","arkkasa954b@realestate.com","No","","","No","No contactado","635","5","2","154","1600","10","40","Muy alta"
"habitaclia","MWW-06","Alquiler","Plurifamiliar","","","Valencia","Valencia","Algirós","La Carrasca","39.4777629","-0.3464906","0","Profesional","GESTIONES QUIMO","No","Sí","No","No","No","No","No","No","https://images.habimg.com/imgh/1ad35d8a-e463-482c-aab3-723dc1f93a03G.jpg","https://www.habitaclia.com/i34930000000237","2024-07-28","627026495","gestionesquimo@gmail.com","No","Muy bueno","","No","No contactado","636","1","1","45","400","8","1","Muy alta"
"milanuncios","224409090","Alquiler","Unifamiliar","Malvarrosa - Avinguda de la Malva-Rosa","46011","Valencia","Valencia","Poblats Marítims","La Malva-rosa","39.4786001","-0.328151","Bajos","Particular","","No","No","No","No","No","No","No","No","","https://www.milanuncios.com/anuncios/r224409090.htm","2017-03-03","","","Sí","","","No","No contactado","637","2","1","75","120","1","2706","Muy alta"
"milanuncios","518230064","Alquiler","Plurifamiliar","València","46010","Valencia","Valencia","La Saïdia","Trinitat","39.4831229252","-0.369731012","","Profesional","MARIA CEBRIAN GESTION INMOBILIARIA","No","Sí","No","No","No","No","No","No","https://images.habimg.com/imgh/05100c1e-359a-4e25-a92b-0ab48585fc33G.jpg","https://www.milanuncios.com/anuncios/r518230064.htm","2024-07-02","962470712","mariacebriangestioninmobiliaria040e@realestate.com","No","","","No","No contactado","638","2","1","70","700","10","6","Muy alta"
"milanuncios","517869882","Alquiler","Plurifamiliar","València","46035","Valencia","Valencia","Benimàmet","","39.5020140911","-0.4177121415","Bajos","Profesional","Homelife Valencia Real Estate","No","Sí","No","No","No","No","No","No","https://images.habimg.com/imgh/26df3fde-57c6-4cd9-8be8-3dd2d2e6e0d0G.jpg","https://www.milanuncios.com/anuncios/r517869882.htm","2024-06-27","962948734","homelifevalenciarealestatecb25@realestate.com","No","","","No","No contactado","639","3","2","101","900","8","5","Muy alta"
"milanuncios","517869882","Alquiler","Plurifamiliar","València","46035","Valencia","Valencia","Benimàmet","","39.5020140911","-0.4177121415","Bajos","Profesional","Homelife Valencia Real Estate","No","Sí","No","No","No","No","No","No","https://images.habimg.com/imgh/26df3fde-57c6-4cd9-8be8-3dd2d2e6e0d0G.jpg","https://www.milanuncios.com/anuncios/r517869882.htm","2024-06-27","962948734","homelifevalenciarealestatecb25@realestate.com","No","","","No","No contactado","640","3","2","101","900","8","5","Muy alta"
"milanuncios","517937590","Alquiler","Plurifamiliar","València","46015","Valencia","Valencia","Campanar","Sant Pau - Zona Palau de Congresos - Nou Campanar","39.4885294967","-0.4016807679","1","Profesional","EXPANSION 2006 Sl","Sí","Sí","No","No","No","No","No","No","https://images.habimg.com/imgh/2ad4d1bc-4c62-4520-aa13-fe278dafeb1cG.jpg","https://www.milanuncios.com/anuncios/r517937590.htm","2024-06-28","962645217","grupohogaresinmobiliarias347f@realestate.com","No","","","No","No contactado","641","2","1","67","925","13","4","Muy alta"
"milanuncios","517752328","Alquiler","Plurifamiliar","Valencia","46013","Valencia","Valencia","Quatre Carreres","Fonteta de Sant Lluís","39.4468250718","-0.3658177014","","Profesional","Spaces Places","Sí","No","No","No","No","No","No","No","https://images.habimg.com/imgh/11305049-9d23-470b-bed6-1ddbc210d07dG.jpg","https://www.milanuncios.com/anuncios/r517752328.htm","2024-06-26","962470278","spacesplaces120d@realestate.com","No","","","No","No contactado","642","2","1","75","1000","13","6","Muy alta"
"milanuncios","514474762","Alquiler","Plurifamiliar","València","46013","Valencia","Valencia","Quatre Carreres","Ciutat de les Ciències i de les Arts - Justicia","39.4570312832","-0.3585448388","","Profesional","RIVAS SANCHEZ CARMEN","Sí","Sí","No","No","No","No","No","No","https://images.habimg.com/imgh/0f291077-eb91-4d5c-a10e-b309410ce18fG.jpg","https://www.milanuncios.com/anuncios/r514474762.htm","2024-05-24","960968245","inmobiliariatrafalgar17aa@realestate.com","No","","","No","No contactado","643","1","1","50","950","19","39","Muy alta"
"milanuncios","514474762","Alquiler","Plurifamiliar","València","46013","Valencia","Valencia","Quatre Carreres","Ciutat de les Ciències i de les Arts - Justicia","39.4570312832","-0.3585448388","","Profesional","RIVAS SANCHEZ CARMEN","Sí","Sí","No","No","No","No","No","No","https://images.habimg.com/imgh/0f291077-eb91-4d5c-a10e-b309410ce18fG.jpg","https://www.milanuncios.com/anuncios/r514474762.htm","2024-05-24","960968245","inmobiliariatrafalgar17aa@realestate.com","No","","","No","No contactado","644","1","1","50","950","19","39","Muy alta"
"milanuncios","518227672","Alquiler","Plurifamiliar","València","46025","Valencia","Valencia","Benicalap","Barrio de Benicalap","39.4942934679","-0.3893957321","2","Profesional","SERINFO 1998  S L","No","No","No","No","No","No","No","No","https://images.habimg.com/imgh/1d6bc204-7b62-43d2-88cd-adbe70e60149G.jpg","https://www.milanuncios.com/anuncios/r518227672.htm","2024-07-02","962641584","serinfo2d96@realestate.com","No","","","No","No contactado","645","3","1","67","890","13","10","Muy alta"
"habitaclia","AOJIHB-07","Alquiler","Plurifamiliar","","","Valencia","Valencia","Algirós","La Carrasca","39.4777629","-0.3464906","0","Profesional","GESTIONES QUIMO","No","Sí","No","No","No","No","No","No","https://images.habimg.com/imgh/00f8dfb4-4425-4e9f-bcb5-f2ff8396639aG.jpg","https://www.habitaclia.com/i34930000000153","2024-07-27","627026495","gestionesquimo@gmail.com","No","Muy bueno","","No","No contactado","646","2","2","70","500","7","2","Muy alta"
"milanuncios","509918267","Alquiler","Unifamiliar","Torrefiel - C/ de Pere Patrici Mey","46019","Valencia","Valencia","Rascanya","Torrefiel","39.492867","-0.3761083","2","Particular","","No","No","No","No","No","No","No","No","","https://www.milanuncios.com/anuncios/r509918267.htm","2024-03-25","","","No","","","No","No contactado","647","1","1","5","350","70","99","Muy alta"
"milanuncios","517752328","Alquiler","Plurifamiliar","Valencia","46013","Valencia","Valencia","Quatre Carreres","Fonteta de Sant Lluís","39.4468250718","-0.3658177014","","Profesional","Spaces Places","Sí","No","No","No","No","No","No","No","https://images.habimg.com/imgh/11305049-9d23-470b-bed6-1ddbc210d07dG.jpg","https://www.milanuncios.com/anuncios/r517752328.htm","2024-06-26","962470278","spacesplaces120d@realestate.com","No","","","No","No contactado","648","2","1","75","1000","13","6","Muy alta"
"milanuncios","514474762","Alquiler","Plurifamiliar","València","46013","Valencia","Valencia","Quatre Carreres","Ciutat de les Ciències i de les Arts - Justicia","39.456680542","-0.35889558","","Profesional","RIVAS SANCHEZ CARMEN","Sí","Sí","No","No","No","No","No","No","https://images.habimg.com/imgh/1656a4b1-519e-46a0-a87f-17ac71f4cdd0G.jpg","https://www.milanuncios.com/anuncios/r514474762.htm","2024-05-24","960968245","inmobiliariatrafalgar17aa@realestate.com","No","","","No","No contactado","649","1","1","41","950","23","52","Muy alta"
"milanuncios","515528812","Alquiler","Plurifamiliar","València","46019","Valencia","Valencia","Rascanya","Sant Llorenç - Zona Alfahuir","39.4938329563","-0.3599570437","","Profesional","CM PROPERTIES","Sí","Sí","No","Sí","No","No","No","No","https://images.habimg.com/imgh/037bcc92-6853-46bf-8c5c-8e549a8630cdG.jpg","https://www.milanuncios.com/anuncios/r515528812.htm","2024-06-04","962470759","cmproperties8e5d@realestate.com","No","","","No","No contactado","650","4","2","161","1850","11","48","Muy alta"
"habitaclia","180724","Alquiler","Plurifamiliar","","","Valencia","Valencia","Algirós","L'Illa Perduda","39.471159526","-0.339274074","0","Profesional","FAMILY HOUSE BENICALAP","Sí","Sí","No","No","No","No","No","No","https://images.habimg.com/imgh/067739f6-408c-4a2f-ac9f-7b6c787053dfG.jpg","https://www.habitaclia.com/i43355000000225","2024-07-18","963474592","info@benicalapgarbi.com","No","Muy bueno","","No","No contactado","651","3","2","115","1300","11","8","Muy alta"
"habitaclia","N0000106ARVAL","Alquiler","Plurifamiliar","","","Valencia","Valencia","Benimaclet","Barrio de Benimaclet","39.4828020973","-0.3600631027","0","Profesional","Seattle Properties","No","No","No","No","No","No","No","No","https://images.habimg.com/imgh/14cc51c3-f897-4df1-b939-cd7429bd07ebG.jpg","https://www.habitaclia.com/i51625000000061","2024-07-15","684484699","cto@seattleproperties.es","No","Muy bueno","","No","No contactado","652","3","1","80","1100","13","4","Muy alta"
"milanuncios","517937590","Alquiler","Plurifamiliar","València","46015","Valencia","Valencia","Campanar","Sant Pau - Zona Palau de Congresos - Nou Campanar","39.4885294967","-0.4016807679","1","Profesional","EXPANSION 2006 Sl","Sí","Sí","No","No","No","No","No","No","https://images.habimg.com/imgh/2ad4d1bc-4c62-4520-aa13-fe278dafeb1cG.jpg","https://www.milanuncios.com/anuncios/r517937590.htm","2024-06-28","962645217","grupohogaresinmobiliarias347f@realestate.com","No","","","No","No contactado","653","2","1","67","925","13","4","Muy alta"
"milanuncios","509918267","Alquiler","Unifamiliar","Torrefiel - C/ de Pere Patrici Mey","46019","Valencia","Valencia","Rascanya","Torrefiel","39.492867","-0.3761083","2","Particular","","No","No","No","No","No","No","No","No","","https://www.milanuncios.com/anuncios/r509918267.htm","2024-03-25","","","No","","","No","No contactado","654","1","1","5","350","70","99","Muy alta"
"habitaclia","AV2407106","Alquiler","Plurifamiliar","Piso en alquiler en Sant Antoni","","Valencia","Valencia","La Saïdia","Tormos","39.4910926072","-0.3764793928","0","Profesional","APROPERTIES REAL ESTATE - VALENCIA","Sí","No","No","No","No","No","No","No","https://images.habimg.com/imgh/4737-img3822092-480024571G.jpg","https://www.habitaclia.com/i4737003822092","2024-07-25","961285965","eva.martinez-fortun@aproperties.es","No","Muy bueno","","No","No contactado","655","3","2","85","1200","14","5","Muy alta"
"milanuncios","520537341","Alquiler","Plurifamiliar","Malvarrosa - C/ Berenguer Montoliu","46011","Valencia","Valencia","Poblats Marítims","La Malva-rosa","39.4803325","-0.3291187","2","Particular","","No","No","No","No","No","No","No","No","","https://www.milanuncios.com/anuncios/r520537341.htm","2024-07-26","","","No","","","No","No contactado","656","3","1","75","1000","13","4","Muy alta"
"milanuncios","517835737","Alquiler","Plurifamiliar","València","46009","Valencia","Valencia","La Saïdia","Morvedre","39.4856811943","-0.3751545057","4","Profesional","Inmolax S L","Sí","Sí","No","No","No","No","No","No","https://images.habimg.com/imgh/1e927039-5aa2-4050-8ec7-a04c31a95f46G.jpg","https://www.milanuncios.com/anuncios/r517835737.htm","2024-06-27","962470692","laxinmobiliariavalencia0975@realestate.com","No","","","No","No contactado","657","2","1","65","1050","16","33","Muy alta"
"habitaclia","17934","Alquiler","Plurifamiliar","ALQUILER VIVIENDA EN VALENCIA","","Valencia","Valencia","Poblats Marítims","El Cabanyal - El Canyamelar","39.4738432722","-0.3262610278","3","Profesional","SERINFO","Sí","No","No","No","No","No","No","No","https://images.habimg.com/imgh/17e344df-98a1-4de2-84f1-22129a47e907G.jpg","https://www.habitaclia.com/i11736002354452","2024-06-11","963293802","atencion@serinfovalencia.com","No","Muy bueno","","No","No contactado","658","2","1","80","899","11","49","Muy alta"
"milanuncios","519584727","Alquiler","Plurifamiliar","Poblats Maritims","46024","Valencia","Valencia","Poblats Marítims","Natzaret","39.4505636943","-0.3353764057","3","Particular","","No","Sí","No","Sí","Sí","No","No","No","","https://www.milanuncios.com/anuncios/r519584727.htm","2024-07-16","","","No","","","No","No contactado","659","2","1","80","1200","15","14","Muy alta"
"milanuncios","520332165","Alquiler","Plurifamiliar","San Marcelino","46017","Valencia","Valencia","Jesús","Sant Marcel.lí","39.4439761943","-0.3898227057","2","Particular","","No","Sí","No","Sí","No","No","No","No","","https://www.milanuncios.com/anuncios/r520332165.htm","2024-07-23","","","No","","","No","No contactado","660","2","1","80","995","12","7","Muy alta"
"milanuncios","517895962","Alquiler","Plurifamiliar","València","46017","Valencia","Valencia","Patraix","Favara","39.4557011527","-0.3915489427","","Profesional","Mioara Daniela Lupu Suare","No","No","No","No","No","No","No","No","https://images.habimg.com/imgh/00abd947-8e95-4608-8f25-c088537641ebG.jpg","https://www.milanuncios.com/anuncios/r517895962.htm","2024-06-27","962949184","area46inmobiliaria0de2@realestate.com","No","","","No","No contactado","661","3","1","80","900","11","5","Muy alta"
"milanuncios","518385192","Alquiler","Plurifamiliar","València","46015","Valencia","Valencia","Benicalap","Barrio de Benicalap","39.4913049154","-0.3929560295","","Profesional","ESTUDIO NUEVO BENICALAP S L","No","Sí","No","No","No","No","No","No","https://images.habimg.com/imgh/0ebc9091-e15e-4b10-b6e9-fe5e846d7b66G.jpg","https://www.milanuncios.com/anuncios/r518385192.htm","2024-07-03","637297831","estudionuevobenicalap5d6e@realestate.com","No","","","No","No contactado","662","1","1","70","400","5","5","Muy alta"
"milanuncios","517895962","Alquiler","Plurifamiliar","València","46017","Valencia","Valencia","Patraix","Favara","39.4557011527","-0.3915489427","","Profesional","Mioara Daniela Lupu Suare","No","No","No","No","No","No","No","No","https://images.habimg.com/imgh/00abd947-8e95-4608-8f25-c088537641ebG.jpg","https://www.milanuncios.com/anuncios/r517895962.htm","2024-06-27","962949184","area46inmobiliaria0de2@realestate.com","No","","","No","No contactado","663","3","1","80","900","11","5","Muy alta"
"milanuncios","519728425","Alquiler","Plurifamiliar","València","46010","Valencia","Valencia","La Saïdia","Trinitat","39.4828504061","-0.3699083854","","Profesional","MARIA CEBRIAN GESTION INMOBILIARIA","No","Sí","No","No","No","No","No","No","https://images.habimg.com/imgh/0e37e382-5fe3-48ec-923a-d20cb9700a8aG.jpg","https://www.milanuncios.com/anuncios/r519728425.htm","2024-07-17","962470712","mariacebriangestioninmobiliaria040e@realestate.com","No","","","No","No contactado","664","3","1","90","950","10","12","Muy alta"
"habitaclia","600525","Alquiler","Plurifamiliar","","","Valencia","Valencia","Poblats Marítims","El Cabanyal - El Canyamelar","39.4687425865","-0.3286122135","0","Profesional","Uniplaces","Sí","No","No","No","No","No","No","No","https://images.habimg.com/imgh/0def9a3c-6de4-46c1-8378-0b9335dc818cG.jpg","https://www.habitaclia.com/i50824000000329","2024-05-06","691111788","sofia.fonseca@uniplaces.com","No","Muy bueno","","No","No contactado","665","1","1","55","1000","18","57","Muy alta"
"Fotocasa","P3431","Alquiler","Plurifamiliar","Piso en Alquiler en Gran Via","46005","Valencia","Valencia","L'Eixample","Zona Gran Via","39.4637458351","-0.3682321649","1º","Profesional","Person Inmobiliaria","Sí","Sí","Sí","Sí","Sí","Sí","Sí","Sí","https://static.fotocasa.es/images/ads/d1180599-2b4b-4ed4-906c-0da83799898a?rule=feeds_1920x1080","https://www.fotocasa.es/Building/Building_Detail.aspx?ai=183721384&tti=2","2024-07-01","962647592","kem@inbox.witei.com","No","Muy bueno","","No","No contactado","666","2","2","93","2000","21","1","Muy alta"
"habitaclia","3424-00836","Alquiler","Plurifamiliar","Piso de 4 habitaciones y 2 baños para ALQUILER TEMPORAL DESDE SEPTIEMBRE A JUNIO 2025","","Valencia","Valencia","Camins al Grau","Camí Fondo - Zona Baleares - Canarias","39.46623263","-0.3558676","0","Profesional","REMAX URBE","Sí","Sí","No","No","No","No","No","No","https://images.habimg.com/imgh/03a0feac-9029-430c-bc66-1419d1e1ed2dG.jpg","https://www.habitaclia.com/i8479001783170","2024-06-11","963531344","urbe2@remax.es","No","Muy bueno","","No","No contactado","667","4","2","103","1590","15","21","Muy alta"
"habitaclia","00880VMC","Alquiler","Plurifamiliar","","","Valencia","Valencia","El Pla del Real","Ciutat Universitària","39.4770117865","-0.3570482135","0","Profesional","VALENCIA MA CASA","Sí","Sí","No","No","No","No","No","No","https://images.habimg.com/imgh/5f8de6d3-190a-44d8-b8c7-caf2bbb40c2cG.jpg","https://www.habitaclia.com/i32361000003215","2024-02-02","960714992<br> 655121880","info@valenciamacasa.com","No","Muy bueno","","No","No contactado","668","4","2","101","1400","13","151","Muy alta"
"habitaclia","00428VMC","Alquiler","Plurifamiliar","","","Valencia","Valencia","Algirós","L'Amistat","39.4734517865","-0.3492782135","0","Profesional","VALENCIA MA CASA","Sí","Sí","No","No","No","No","No","No","https://images.habimg.com/imgh/022ab8e0-a555-479e-8e49-ba16cb75dcdaG.jpg","https://www.habitaclia.com/i32361000003328","2024-03-10","960714992<br> 655121880","info@valenciamacasa.com","No","Muy bueno","","No","No contactado","669","4","2","125","1750","14","114","Muy alta"
"habitaclia","56734534583458520262","Alquiler","Plurifamiliar","Pisazo de 4 habitaciones y 2 baños","","Valencia","Valencia","Patraix","Barrio de Patraix","39.4667823786","-0.3922729214","0","Profesional","LIVE 4 LIFE","No","Sí","No","No","No","No","No","No","https://images.habimg.com/imgh/21fb1708-0869-448b-a517-9bfe3e53fd15G.jpg","https://www.habitaclia.com/i28825000009227","2024-05-24","637692405","administracion@l4l.es","No","Muy bueno","","No","No contactado","670","4","2","100","1400","14","39","Muy alta"
"habitaclia","00428VMC","Alquiler","Plurifamiliar","","","Valencia","Valencia","Algirós","L'Amistat","39.4734517865","-0.3492782135","0","Profesional","VALENCIA MA CASA","Sí","Sí","No","No","No","No","No","No","https://images.habimg.com/imgh/022ab8e0-a555-479e-8e49-ba16cb75dcdaG.jpg","https://www.habitaclia.com/i32361000003328","2024-03-10","960714992<br> 655121880","info@valenciamacasa.com","No","Muy bueno","","No","No contactado","671","4","2","125","1750","14","114","Muy alta"
"habitaclia","3424-00836","Alquiler","Plurifamiliar","Piso de 4 habitaciones y 2 baños para ALQUILER TEMPORAL DESDE SEPTIEMBRE A JUNIO 2025","","Valencia","Valencia","Camins al Grau","Camí Fondo - Zona Baleares - Canarias","39.46623263","-0.3558676","0","Profesional","REMAX URBE","Sí","Sí","No","No","No","No","No","No","https://images.habimg.com/imgh/03a0feac-9029-430c-bc66-1419d1e1ed2dG.jpg","https://www.habitaclia.com/i8479001783170","2024-06-11","963531344","urbe2@remax.es","No","Muy bueno","","No","No contactado","672","4","2","103","1590","15","21","Muy alta"
"habitaclia","213896","Alquiler","Plurifamiliar","ROGER DE LAURIA,  CENTRO DE VALENCIA","","Valencia","Valencia","Ciutat Vella","Sant Francesc","39.4691213786","-0.3741142214","1","Profesional","INMOBILIARIA LAURIA","Sí","No","No","No","No","No","No","No","https://images.habimg.com/imgh/0e4d9c19-c57b-4ff2-bbc5-04c0131f7dd9G.jpg","https://www.habitaclia.com/i11611003810770","2024-06-05","963509287","portales@lauria.es","No","Muy bueno","","No","No contactado","673","1","1","65","1200","18","27","Muy alta"
"milanuncios","516189604","Alquiler","Plurifamiliar","Valencia Capital - Gran Vía Marques del","46004","Valencia","Valencia","L'Eixample","El Pla del Remei","39.468","-0.36733","","Profesional","Aproperties","Sí","Sí","No","Sí","Sí","No","No","No","https://images.habimg.com/imgh/4737-img3821627-477275883G.jpg","https://www.milanuncios.com/anuncios/r516189604.htm","2024-06-10","962648135","apropertiesrealestatevalencia6ff9@realestate.com","No","","","No","No contactado","674","2","1","190","2500","13","39","Muy alta"
"milanuncios","519685099","Alquiler","Plurifamiliar","València","46021","Valencia","Valencia","El Pla del Real","Mestalla","39.4701843886","-0.3558716114","","Profesional","ANUBIS KOOP SL","No","Sí","No","No","No","No","No","No","https://images.habimg.com/imgh/01bb1b29-3c38-4b3c-b7c4-78e51eec1c86G.jpg","https://www.milanuncios.com/anuncios/r519685099.htm","2024-07-16","962644316","primergrupomarenostrumbab7@realestate.com","No","","","No","No contactado","675","4","2","140","1400","10","3","Muy alta"
"milanuncios","513001645","Alquiler","Plurifamiliar","València","46003","Valencia","Valencia","Ciutat Vella","El Carme","39.4781184653","-0.3801999313","","Profesional","Finaer","No","No","No","No","No","No","No","No","https://images.habimg.com/imgh/12ab9779-2bb1-4eee-8a0e-0c5f14225e03G.jpg","https://www.milanuncios.com/anuncios/r513001645.htm","2024-05-08","696587039","inmobiliariascongarantiafinaere6e5@realestate.com","No","","","No","No contactado","676","1","1","60","1200","20","55","Muy alta"
"Fotocasa","535 4D","Alquiler","Plurifamiliar","Piso en Alquiler en  Carrer de Gascó Oliag, Ciutat Universitària","46010","Valencia","Valencia","El Pla del Real","Ciutat Universitària","39.47845494","-0.35730716","7º","Profesional","ALAMEDA 10DT","Sí","Sí","Sí","Sí","Sí","Sí","Sí","Sí","https://static.fotocasa.es/images/ads/ff6bf9f4-a6e6-449d-be3b-216b67d2a22b?rule=feeds_1920x1080","https://www.fotocasa.es/Building/Building_Detail.aspx?ai=183821781&tti=2","2024-07-12","961281558","info@alameda10dt.com","No","Muy bueno","","No","No contactado","677","4","3","180","1800","10","4","Muy alta"
"milanuncios","518341315","Alquiler","Plurifamiliar","València","46018","Valencia","Valencia","L'Olivereta","Tres Forques","39.4708656679","-0.4044228321","1","Profesional","ESTUDIO AYORA SL","No","Sí","No","No","No","No","No","No","https://images.habimg.com/imgh/0b0df6f9-cf14-45f0-9c7f-de19ada71e65G.jpg","https://www.milanuncios.com/anuncios/r518341315.htm","2024-07-03","960962361","tempohogar744d@realestate.com","No","","","No","No contactado","678","3","1","110","1200","10","9","Muy alta"
"habitaclia","03249","Alquiler","Plurifamiliar","Vivienda toda exterior en alquiler amueblada con las mejores vistas de todo el barrio y garaje.","","Valencia","Valencia","Campanar","Campanar - La Fe","39.4811153016","-0.4001441634","6","Profesional","RK SIRVAL","Sí","Sí","Sí","No","Sí","No","No","No","https://images.habimg.com/imgh/0258c67b-b716-4bcf-b5f9-055daff0bdebG.jpg","https://www.habitaclia.com/i29189000001381","2024-07-12","963823840","info@rksirval.es","No","Muy bueno","","No","No contactado","679","4","2","140","1200","8","5","Muy alta"
"milanuncios","518424677","Alquiler","Plurifamiliar","València","46011","Valencia","Valencia","Poblats Marítims","El Cabanyal - El Canyamelar","39.4665018118","-0.3296734882","","Profesional","Mayor Realty Services  Sociedad Limitada","No","Sí","No","No","No","No","No","No","https://images.habimg.com/imgh/03750f13-3e3f-4b36-a478-84c0925d62aeG.jpg","https://www.milanuncios.com/anuncios/r518424677.htm","2024-07-04","963551699","franciscamayor11b0@realestate.com","No","","","No","No contactado","680","4","2","111","1100","9","20","Muy alta"
"habitaclia","A48139","Alquiler","Plurifamiliar","","","Valencia","Valencia","La Saïdia","Morvedre","39.4839302599","-0.3784977401","7","Profesional","GRUPO 90 CENTRAL","Sí","Sí","No","No","No","No","No","No","https://images.habimg.com/imgh/01a2b648-9fcb-46f6-a115-1006be850a5bG.jpg","https://www.habitaclia.com/i42610000003375","2024-07-18","963489732","publicidad@grupo90.es","No","Muy bueno","","No","No contactado","681","4","3","120","1299","10","11","Muy alta"
"milanuncios","520407261","Alquiler","Unifamiliar","El Carmen - C/ d''en Sala","46002","Valencia","Valencia","Ciutat Vella","La Xerea","39.4731788635","-0.3736799955","2","Particular","","Sí","Sí","No","No","Sí","No","No","No","","https://www.milanuncios.com/anuncios/r520407261.htm","2024-07-24","","","No","","","No","No contactado","682","1","1","86","95","1","3","Muy alta"
"milanuncios","516159441","Alquiler","Plurifamiliar","València","46010","Valencia","Valencia","Benimaclet","Barrio de Benimaclet","39.4879005604","-0.3664594396","","Profesional","CM PROPERTIES","Sí","Sí","No","No","No","No","No","No","https://images.habimg.com/imgh/0868b9bf-6e9f-40bd-958c-90fd3e270e88G.jpg","https://www.milanuncios.com/anuncios/r516159441.htm","2024-06-10","962470759","cmproperties8e5d@realestate.com","No","","","No","No contactado","683","4","2","111","1600","14","43","Muy alta"
"habitaclia","AV2407050","Alquiler","Plurifamiliar","Loft en alquiler en La Xerea","","Valencia","Valencia","Ciutat Vella","La Xerea","39.4735218907","-0.3717581093","0","Profesional","APROPERTIES REAL ESTATE - VALENCIA","Sí","No","No","No","No","No","No","No","https://images.habimg.com/imgh/4737-img3821971-479329012G.jpg","https://www.habitaclia.com/i4737003821971","2024-07-10","961285965","teamsventasbcn@aproperties.es","No","Muy bueno","","No","No contactado","684","","1","35","1100","31","12","Muy alta"
"milanuncios","520530195","Alquiler","Plurifamiliar","València","46010","Valencia","Valencia","El Pla del Real","Ciutat Universitària","39.4788609593","-0.355392531","7","Profesional","SEED CAPITAL SOCIEDAD LIMITADA","No","Sí","No","No","No","No","No","No","https://images.habimg.com/imgh/14d37c5b-4671-4e23-978e-435f53b706daG.jpg","https://www.milanuncios.com/anuncios/r520530195.htm","2024-07-26","961282196","callaghaninmobiliariab028@realestate.com","No","","","No","No contactado","685","4","2","96","1400","14","3","Muy alta"
"Fotocasa","23514672348723589018994","Alquiler","Plurifamiliar","Piso en Alquiler en  Plaça de l'Esgésia dels Àngels, El Cabanyal - El Canyamelar","46011","Valencia","Valencia","Poblats Marítims","El Cabanyal - El Canyamelar","39.4727512835","-0.3315736165","3º","Profesional","LIVE 4 LIFE","Sí","Sí","Sí","Sí","No","Sí","Sí","Sí","https://static.fotocasa.es/images/ads/ce7a614a-483b-4b1d-8e1b-9fe7c406899f?rule=feeds_1920x1080","https://www.fotocasa.es/Building/Building_Detail.aspx?ai=183721920&tti=2","2024-07-01","962949801","dxxk@inbox.witei.com","No","Muy bueno","","No","No contactado","686","3","1","80","1200","15","1","Muy alta"
"Fotocasa","","Alquiler","Plurifamiliar","Piso en Alquiler en  Carrer dels Serrans, 4, La Seu","46003","Valencia","Valencia","Ciutat Vella","La Seu","39.4772478","-0.3767631","","Particular","Amirajouini19","Sí","Sí","No","No","Sí","No","No","No","https://static.fotocasa.es/images/anuncio/2024/07/01/183722846/3935339497.jpg?rule=feeds_1920x1080","https://www.fotocasa.es/Building/Building_Detail.aspx?ai=183722846&tti=1","2024-07-01","690180074","Amirajouini19@yahoo.fr","No","Muy bueno","","No","No contactado","687","3","2","90","2600","28","1","Muy alta"
"habitaclia","00394VMC","Alquiler","Plurifamiliar","","","Valencia","Valencia","Algirós","Ciutat Jardí","39.4694017865","-0.3483482135","0","Profesional","VALENCIA MA CASA","Sí","Sí","No","No","No","No","No","No","https://images.habimg.com/imgh/006d6494-57b1-4fa7-bbf5-b902a18df8daG.jpg","https://www.habitaclia.com/i32361000003335","2024-03-12","960714992<br> 655121880","info@valenciamacasa.com","No","Muy bueno","","No","No contactado","688","4","2","110","1400","12","112","Muy alta"
"habitaclia","I-00L0AC-W-02W8S6","Alquiler","Plurifamiliar","Práctica vivienda en Avenida del Puerto","","Valencia","Valencia","Poblats Marítims","El Grau","39.4602397865","-0.3383922135","2","Profesional","Engel & Völkers","Sí","Sí","Sí","No","No","No","No","No","https://images.habimg.com/imgh/0225cac2-7f21-442e-ad66-1a95f038c060G.jpg","https://www.habitaclia.com/i5953003369016","2024-06-25","963517897","valencia@engelvoelkers.com","No","Muy bueno","","No","No contactado","689","3","2","95","1490","15","7","Muy alta"
"Fotocasa","P3431","Alquiler","Plurifamiliar","Piso en Alquiler en Gran Via","46005","Valencia","Valencia","L'Eixample","Zona Gran Via","39.4637458351","-0.3682321649","1º","Profesional","Person Inmobiliaria","Sí","Sí","Sí","Sí","Sí","Sí","Sí","Sí","https://static.fotocasa.es/images/ads/d1180599-2b4b-4ed4-906c-0da83799898a?rule=feeds_1920x1080","https://www.fotocasa.es/Building/Building_Detail.aspx?ai=183721384&tti=2","2024-07-01","962647592","kem@inbox.witei.com","No","Muy bueno","","No","No contactado","690","2","2","93","2000","21","1","Muy alta"
"milanuncios","514409983","Alquiler","Plurifamiliar","València","46008","Valencia","Valencia","Extramurs","Zona Botánico","39.4724226012","-0.3817987988","","Profesional","Worldwide Valencia  Sociedad Limitada","No","Sí","No","Sí","No","No","No","No","https://images.habimg.com/imgh/020a40cc-117b-4c6f-be5c-2d7349008d71G.jpg","https://www.milanuncios.com/anuncios/r514409983.htm","2024-05-23","962470293","realestatemarketsolutions3152@realestate.com","No","","","No","No contactado","691","3","1","90","1350","15","40","Muy alta"
"milanuncios","514409983","Alquiler","Plurifamiliar","València","46008","Valencia","Valencia","Extramurs","Zona Botánico","39.4724226012","-0.3817987988","","Profesional","Worldwide Valencia  Sociedad Limitada","No","Sí","No","Sí","No","No","No","No","https://images.habimg.com/imgh/020a40cc-117b-4c6f-be5c-2d7349008d71G.jpg","https://www.milanuncios.com/anuncios/r514409983.htm","2024-05-23","962470293","realestatemarketsolutions3152@realestate.com","No","","","No","No contactado","692","3","1","90","1350","15","40","Muy alta"
"habitaclia","56734534583458520262","Alquiler","Plurifamiliar","Pisazo de 4 habitaciones y 2 baños","","Valencia","Valencia","Patraix","Barrio de Patraix","39.4667823786","-0.3922729214","0","Profesional","LIVE 4 LIFE","No","Sí","No","No","No","No","No","No","https://images.habimg.com/imgh/21fb1708-0869-448b-a517-9bfe3e53fd15G.jpg","https://www.habitaclia.com/i28825000009227","2024-05-24","637692405","administracion@l4l.es","No","Muy bueno","","No","No contactado","693","4","2","100","1400","14","39","Muy alta"
"habitaclia","00736-1","Alquiler","Plurifamiliar","Ref 00736 Se ALQUILA vivienda 3 dormitorios  dos baños  despacho","","Valencia","Valencia","Jesús","L'Hort de Senabre","39.4552270887","-0.3909500644","5","Profesional","TOTAL HABITAT","No","Sí","No","No","Sí","No","No","No","https://images.habimg.com/imgh/0169e077-2ced-4249-9c94-db7ab627cda3G.jpg","https://www.habitaclia.com/i51197000000124","2024-07-04","961046750","gestion@totalhabitat.es","No","Muy bueno","","No","No contactado","694","3","2","88","1100","12","2","Muy alta"
"habitaclia","3394939","Alquiler","Plurifamiliar","Ciutat jardí / honduras","","Valencia","Valencia","Algirós","Ciutat Jardí","39.47432","-0.34475","0","Particular","","Sí","Sí","Sí","No","No","No","No","No","https://images.habimg.com/imgh/500-img3394939-187412822G.jpg","https://www.habitaclia.com/i500003394939","2019-04-08","670609040","plazahonduras37@hotmail.com","No","Muy bueno","","No","No contactado","695","4","2","125","1600","12","1912","Muy alta"
"habitaclia","213896","Alquiler","Plurifamiliar","ROGER DE LAURIA,  CENTRO DE VALENCIA","","Valencia","Valencia","Ciutat Vella","Sant Francesc","39.4691213786","-0.3741142214","1","Profesional","INMOBILIARIA LAURIA","Sí","No","No","No","No","No","No","No","https://images.habimg.com/imgh/0e4d9c19-c57b-4ff2-bbc5-04c0131f7dd9G.jpg","https://www.habitaclia.com/i11611003810770","2024-06-05","963509287","portales@lauria.es","No","Muy bueno","","No","No contactado","696","1","1","65","1200","18","27","Muy alta"
"habitaclia","00737VMC","Alquiler","Plurifamiliar","","","Valencia","Valencia","El Pla del Real","Mestalla","39.4685717865","-0.3564682135","0","Profesional","VALENCIA MA CASA","Sí","Sí","No","No","No","No","No","No","https://images.habimg.com/imgh/00f7e1db-9dff-4a0a-8689-6081c78d8c34G.jpg","https://www.habitaclia.com/i32361000003269","2024-02-06","960714992<br> 655121880","info@valenciamacasa.com","No","Muy bueno","","No","No contactado","697","3","1","75","1200","16","147","Muy alta"
"Fotocasa","","Alquiler","Plurifamiliar","Piso en Alquiler en  Carrer dels Serrans, 4, La Seu","46003","Valencia","Valencia","Ciutat Vella","La Seu","39.4772478","-0.3767631","","Particular","Amirajouini19","Sí","Sí","No","No","Sí","No","No","No","https://static.fotocasa.es/images/anuncio/2024/07/01/183722846/3935339497.jpg?rule=feeds_1920x1080","https://www.fotocasa.es/Building/Building_Detail.aspx?ai=183722846&tti=1","2024-07-01","690180074","Amirajouini19@yahoo.fr","No","Muy bueno","","No","No contactado","698","3","2","90","2600","28","1","Muy alta"
"habitaclia","00737VMC","Alquiler","Plurifamiliar","","","Valencia","Valencia","El Pla del Real","Mestalla","39.4685717865","-0.3564682135","0","Profesional","VALENCIA MA CASA","Sí","Sí","No","No","No","No","No","No","https://images.habimg.com/imgh/00f7e1db-9dff-4a0a-8689-6081c78d8c34G.jpg","https://www.habitaclia.com/i32361000003269","2024-02-06","960714992<br> 655121880","info@valenciamacasa.com","No","Muy bueno","","No","No contactado","699","3","1","75","1200","16","147","Muy alta"
"habitaclia","I-00L0AC-W-02W8S6","Alquiler","Plurifamiliar","Práctica vivienda en Avenida del Puerto","","Valencia","Valencia","Poblats Marítims","El Grau","39.4602397865","-0.3383922135","2","Profesional","Engel & Völkers","Sí","Sí","Sí","No","No","No","No","No","https://images.habimg.com/imgh/0225cac2-7f21-442e-ad66-1a95f038c060G.jpg","https://www.habitaclia.com/i5953003369016","2024-06-25","963517897","valencia@engelvoelkers.com","No","Muy bueno","","No","No contactado","700","3","2","95","1490","15","7","Muy alta"
"habitaclia","00394VMC","Alquiler","Plurifamiliar","","","Valencia","Valencia","Algirós","Ciutat Jardí","39.4694017865","-0.3483482135","0","Profesional","VALENCIA MA CASA","Sí","Sí","No","No","No","No","No","No","https://images.habimg.com/imgh/006d6494-57b1-4fa7-bbf5-b902a18df8daG.jpg","https://www.habitaclia.com/i32361000003335","2024-03-12","960714992<br> 655121880","info@valenciamacasa.com","No","Muy bueno","","No","No contactado","701","4","2","110","1400","12","112","Muy alta"
"habitaclia","00880VMC","Alquiler","Plurifamiliar","","","Valencia","Valencia","El Pla del Real","Ciutat Universitària","39.4770117865","-0.3570482135","0","Profesional","VALENCIA MA CASA","Sí","Sí","No","No","No","No","No","No","https://images.habimg.com/imgh/5f8de6d3-190a-44d8-b8c7-caf2bbb40c2cG.jpg","https://www.habitaclia.com/i32361000003215","2024-02-02","960714992<br> 655121880","info@valenciamacasa.com","No","Muy bueno","","No","No contactado","702","4","2","101","1400","13","151","Muy alta"
"milanuncios","513218085","Alquiler","Plurifamiliar","València","46006","Valencia","Valencia","Quatre Carreres","Mont-Olivet","39.4617541012","-0.3633078988","","Profesional","ESTUIDO MONTEOLIVET","No","Sí","No","No","No","No","No","No","https://images.habimg.com/imgh/05a92909-3669-4ea6-ba0c-653b84697511G.jpg","https://www.milanuncios.com/anuncios/r513218085.htm","2024-05-10","963360466","redpisovalenciamonteoliveteciuda3c6@realestate.com","No","","","No","No contactado","703","4","2","107","1600","14","53","Muy alta"
"milanuncios","516276354","Alquiler","Plurifamiliar","València","46023","Valencia","Valencia","Camins al Grau","La Creu del Grau","39.4639531192","-0.3379913858","","Profesional","Spaces Places","Sí","No","No","No","No","No","No","No","https://images.habimg.com/imgh/0ed8201c-d29f-4b44-bc61-2ffe2efaafe1G.jpg","https://www.milanuncios.com/anuncios/r516276354.htm","2024-06-11","962470278","spacesplaces120d@realestate.com","No","","","No","No contactado","704","3","1","98","1300","13","21","Muy alta"
"Fotocasa","23514672348723589018994","Alquiler","Plurifamiliar","Piso en Alquiler en  Plaça de l'Esgésia dels Àngels, El Cabanyal - El Canyamelar","46011","Valencia","Valencia","Poblats Marítims","El Cabanyal - El Canyamelar","39.4727512835","-0.3315736165","3º","Profesional","LIVE 4 LIFE","Sí","Sí","Sí","Sí","No","Sí","Sí","Sí","https://static.fotocasa.es/images/ads/ce7a614a-483b-4b1d-8e1b-9fe7c406899f?rule=feeds_1920x1080","https://www.fotocasa.es/Building/Building_Detail.aspx?ai=183721920&tti=2","2024-07-01","962949801","dxxk@inbox.witei.com","No","Muy bueno","","No","No contactado","705","3","1","80","1200","15","1","Muy alta"
"habitaclia","600525","Alquiler","Plurifamiliar","","","Valencia","Valencia","Poblats Marítims","El Cabanyal - El Canyamelar","39.4687425865","-0.3286122135","0","Profesional","Uniplaces","Sí","No","No","No","No","No","No","No","https://images.habimg.com/imgh/0def9a3c-6de4-46c1-8378-0b9335dc818cG.jpg","https://www.habitaclia.com/i50824000000329","2024-05-06","691111788","sofia.fonseca@uniplaces.com","No","Muy bueno","","No","No contactado","706","1","1","55","1000","18","57","Muy alta"
"milanuncios","513001645","Alquiler","Plurifamiliar","València","46003","Valencia","Valencia","Ciutat Vella","El Carme","39.4781184653","-0.3801999313","","Profesional","Finaer","No","No","No","No","No","No","No","No","https://images.habimg.com/imgh/12ab9779-2bb1-4eee-8a0e-0c5f14225e03G.jpg","https://www.milanuncios.com/anuncios/r513001645.htm","2024-05-08","696587039","inmobiliariascongarantiafinaere6e5@realestate.com","No","","","No","No contactado","707","1","1","60","1200","20","55","Muy alta"
"habitaclia","3394939","Alquiler","Plurifamiliar","Ciutat jardí / honduras","","Valencia","Valencia","Algirós","Ciutat Jardí","39.47432","-0.34475","0","Particular","","Sí","Sí","Sí","No","No","No","No","No","https://images.habimg.com/imgh/500-img3394939-187412822G.jpg","https://www.habitaclia.com/i500003394939","2019-04-08","670609040","plazahonduras37@hotmail.com","No","Muy bueno","","No","No contactado","708","4","2","125","1600","12","1912","Muy alta"
"milanuncios","516276354","Alquiler","Plurifamiliar","València","46023","Valencia","Valencia","Camins al Grau","La Creu del Grau","39.4639531192","-0.3379913858","","Profesional","Spaces Places","Sí","No","No","No","No","No","No","No","https://images.habimg.com/imgh/0ed8201c-d29f-4b44-bc61-2ffe2efaafe1G.jpg","https://www.milanuncios.com/anuncios/r516276354.htm","2024-06-11","962470278","spacesplaces120d@realestate.com","No","","","No","No contactado","709","3","1","98","1300","13","21","Muy alta"
"milanuncios","516276354","Alquiler","Plurifamiliar","València","46023","Valencia","Valencia","Camins al Grau","La Creu del Grau","39.4627707083","-0.3391737967","","Profesional","Spaces Places","Sí","No","No","No","No","No","No","No","https://images.habimg.com/imgh/0ed8201c-d29f-4b44-bc61-2ffe2efaafe1G.jpg","https://www.milanuncios.com/anuncios/r516276354.htm","2024-06-11","962470857","spacesplaces120d@realestate.com","No","","","No","No contactado","710","3","1","98","1300","13","36","Muy alta"
"habitaclia","AOJIHB-23","Alquiler","Plurifamiliar","","","Valencia","Valencia","Algirós","L'Illa Perduda","39.4687592","-0.3419957","0","Profesional","GESTIONES QUIMO","No","Sí","No","No","No","No","No","No","https://images.habimg.com/imgh/079de8ae-2456-4e0f-82b7-8aaa51f02d0fG.jpg","https://www.habitaclia.com/i34930000000169","2024-07-27","627026495","gestionesquimo@gmail.com","No","Muy bueno","","No","No contactado","711","2","2","70","500","7","2","Muy alta"
"milanuncios","513218085","Alquiler","Plurifamiliar","València","46006","Valencia","Valencia","Quatre Carreres","Mont-Olivet","39.4617541012","-0.3633078988","","Profesional","ESTUIDO MONTEOLIVET","No","Sí","No","No","No","No","No","No","https://images.habimg.com/imgh/05a92909-3669-4ea6-ba0c-653b84697511G.jpg","https://www.milanuncios.com/anuncios/r513218085.htm","2024-05-10","963360466","redpisovalenciamonteoliveteciuda3c6@realestate.com","No","","","No","No contactado","712","4","2","107","1600","14","53","Muy alta"
"milanuncios","520491497","Alquiler","Plurifamiliar","Fontsanta","46014","Valencia","Valencia","L'Olivereta","La Fontsanta","39.4666240454","-0.4075323546","3","Profesional","jose","No","No","No","No","No","No","No","No","","https://www.milanuncios.com/anuncios/r520491497.htm","2024-07-25","637975939","casasypisos@hotmail.com","No","","","No","No contactado","713","2","1","65","900","13","2","Muy alta"
"milanuncios","517733493","Alquiler","Plurifamiliar","València","46022","Valencia","Valencia","Algirós","Ciutat Jardí","39.4753821486","-0.3452393484","","Profesional","Spaces Places","Sí","Sí","No","No","No","No","No","No","https://images.habimg.com/imgh/060f7084-a3dd-42d8-ba76-638f7492cafdG.jpg","https://www.milanuncios.com/anuncios/r517733493.htm","2024-06-26","962470857","spacesplaces120d@realestate.com","No","","","No","No contactado","714","1","1","61","1000","16","23","Muy alta"
"milanuncios","517574093","Alquiler","Plurifamiliar","Valencia Capital - Avinguda del Cardena","46021","Valencia","Valencia","Camins al Grau","Albors","39.4713","-0.354396","","Profesional","Aproperties","No","Sí","No","No","No","No","No","No","https://images.habimg.com/imgh/4737-img3821816-479148936G.jpg","https://www.milanuncios.com/anuncios/r517574093.htm","2024-06-24","962648135","apropertiesrealestatevalencia6ff9@realestate.com","No","","","No","No contactado","715","4","1","80","1400","17","17","Muy alta"
"milanuncios","518577025","Alquiler","Plurifamiliar","València","46015","Valencia","Valencia","Campanar","Campanar - La Fe","39.4808210782","-0.3967769265","4","Profesional","TOTAL HABITAT","Sí","Sí","No","No","No","No","No","No","https://images.habimg.com/imgh/14dcb0ba-cf34-43a8-92eb-082e47e1ca71G.jpg","https://www.milanuncios.com/anuncios/r518577025.htm","2024-07-06","961046750","totalhabitat3788@realestate.com","No","","","No","No contactado","716","1","1","64","950","14","4","Muy alta"
"Fotocasa","","Alquiler","Plurifamiliar","Piso en Alquiler en Sant Isidre","46001","Valencia","Valencia","Patraix","Sant Isidre","39.4497421003","-0.4041691997","1º","Particular","josevicentevilar","No","Sí","No","No","Sí","No","No","No","","https://www.fotocasa.es/Building/Building_Detail.aspx?ai=183924096&tti=1","2024-07-24","657509766","josevicentevilar@gmail.com","No","Muy bueno","","No","No contactado","717","3","2","90","900","10","6","Muy alta"
"Fotocasa","011LY","Alquiler","Plurifamiliar","Apartamento en Alquiler en  VICENTE BRULL, El Grau","46011","Valencia","Valencia","Poblats Marítims","El Grau","39.4620086739","-0.3336301031","Bajos","Profesional","Spaces&Places","Sí","Sí","No","No","Sí","No","No","No","https://static.fotocasa.es/images/ads/7f98074e-d50e-43d1-95ac-01c8d7fccfeb?rule=feeds_1920x1080","https://www.fotocasa.es/Building/Building_Detail.aspx?ai=183942223&tti=2","2024-07-26","962470857","i.spacesandplaces.8869.28@inmovilla.com","No","Muy bueno","","No","No contactado","718","3","2","98","1800","18","4","Muy alta"
"habitaclia","BF22","Alquiler","Plurifamiliar","Estudio en alquiler en Calle de Don Juan de Austria","","Valencia","Valencia","Ciutat Vella","Sant Francesc","39.4703388","-0.3724239","0","Profesional","Inmobiliaria Fran López","Sí","Sí","No","No","No","No","No","No","https://images.habimg.com/imgh/07f1b555-5df4-476c-b3c3-c9c47b0feb61G.jpg","https://www.habitaclia.com/i46471000000184","2024-05-09","633360529","franlopez@valenciainmobiliaria.es","No","Muy bueno","","No","No contactado","719","1","1","60","1100","18","82","Muy alta"
"habitaclia","E076-01220","Alquiler","Plurifamiliar","ENTRE OBISPO AMIGO Y LA CALLE JESUS","","Valencia","Valencia","Extramurs","Arrancapins","39.465003276","-0.385486497","3","Profesional","Primer Grupo Turia","No","Sí","No","No","No","No","No","No","https://images.habimg.com/imgh/06819018-9625-496a-bee5-ca76dac3ef9fG.jpg","https://www.habitaclia.com/i12140000000507","2024-07-03","960712509","i.primergrupoturia.4823@inmovilla.com","No","Muy bueno","","No","No contactado","720","2","2","138","1500","10","27","Muy alta"
"habitaclia","46-3501325","Alquiler","Plurifamiliar","PISO EN ALQUILER ZONA DE EXPOSICION","","Valencia","Valencia","El Pla del Real","Exposició","39.4761279402","-0.3608193268","2","Profesional","HABITALE MESTALLA","No","Sí","No","No","No","No","No","No","https://images.habimg.com/imgh/06b88012-09df-4333-8dec-3983c6a88222G.jpg","https://www.habitaclia.com/i14240003249260","2024-07-23","961283486","14844@leads.egorealestate.com","No","Muy bueno","","No","No contactado","721","3","1","92","1400","15","7","Muy alta"
"milanuncios","520489006","Alquiler","Plurifamiliar","Amistad - Av. de Blasco Ibáñez","46021","Valencia","Valencia","Algirós","L'Amistat","39.4748604","-0.3510932","5","Particular","","No","Sí","No","No","No","No","No","No","","https://www.milanuncios.com/anuncios/r520489006.htm","2024-07-25","","","No","","","No","No contactado","722","4","2","125","1380","11","5","Muy alta"
"milanuncios","519318610","Alquiler","Plurifamiliar","València","46013","Valencia","Valencia","Quatre Carreres","Ciutat de les Ciències i de les Arts - Justicia","39.4558239943","-0.3598874057","","Profesional","COSTA MAR REAL ESTATE","Sí","Sí","No","Sí","No","No","No","No","https://images.habimg.com/imgh/05cbb0a8-001a-4f01-9553-d9a49bc2143cG.jpg","https://www.milanuncios.com/anuncios/r519318610.htm","2024-07-12","961287095","costamarrealestate083c@realestate.com","No","","","No","No contactado","723","3","2","120","1600","13","18","Muy alta"
"milanuncios","520397759","Alquiler","Plurifamiliar","València","46009","Valencia","Valencia","La Saïdia","Sant Antoni","39.4864489943","-0.3730391057","","Profesional","Alquila Tu Hogar","No","Sí","No","No","No","No","No","No","https://images.habimg.com/imgh/065bafa3-eb1a-47e6-a344-bb350b57ea0fG.jpg","https://www.milanuncios.com/anuncios/r520397759.htm","2024-07-24","910925087","alquilatuhogard90a@realestate.com","No","","","No","No contactado","724","3","1","72","950","13","6","Muy alta"
"habitaclia","58","Alquiler","Plurifamiliar","","","Valencia","Valencia","Rascanya","Torrefiel","39.4986393072","-0.3718565928","0","Profesional","EL CARMEN","Sí","Sí","Sí","No","No","No","No","No","https://images.habimg.com/imgh/2f6af638-8f28-49f0-bb77-d98041665b87G.jpg","https://www.habitaclia.com/i29063000000030","2024-04-02","963912737","alfaelcarme@hotmail.es","No","Muy bueno","","No","No contactado","725","1","1","60","1000","16","119","Muy alta"
"milanuncios","513218085","Alquiler","Plurifamiliar","València","46006","Valencia","Valencia","Quatre Carreres","Mont-Olivet","39.4592167943","-0.3658452057","","Profesional","ESTUIDO MONTEOLIVET","No","Sí","No","No","No","No","No","No","https://images.habimg.com/imgh/05a92909-3669-4ea6-ba0c-653b84697511G.jpg","https://www.milanuncios.com/anuncios/r513218085.htm","2024-05-10","963360466","redpisovalenciamonteoliveteciuda3c6@realestate.com","No","","","No","No contactado","726","4","2","107","1600","14","81","Muy alta"
"milanuncios","513451058","Alquiler","Plurifamiliar","València","46011","Valencia","Valencia","Poblats Marítims","El Cabanyal - El Canyamelar","39.4697642643","-0.3253920757","","Profesional","Spaces Places","Sí","Sí","No","No","No","No","No","No","https://images.habimg.com/imgh/00d3f43d-226c-4e89-997b-3134d1bca8c5G.jpg","https://www.milanuncios.com/anuncios/r513451058.htm","2024-05-13","962470857","spacesplaces120d@realestate.com","No","","","No","No contactado","727","3","2","119","2200","18","78","Muy alta"
"habitaclia","I-00L0X7-W-02VPA1","Alquiler","Plurifamiliar","Vivienda familiar con terraza en Ruzafa","","Valencia","Valencia","L'Eixample","Russafa","39.4633156072","-0.3703953928","1","Profesional","Engel & Völkers","Sí","Sí","Sí","No","No","No","No","No","https://images.habimg.com/imgh/0bfebfa8-c874-4480-a07f-5a4e6eae02fcG.jpg","https://www.habitaclia.com/i5953003369174","2024-07-11","963517897","valencia@engelvoelkers.com","No","Muy bueno","","No","No contactado","728","4","4","210","2400","11","19","Muy alta"
"milanuncios","520464157","Alquiler","Plurifamiliar","València","46005","Valencia","Valencia","L'Eixample","Russafa","39.4616646943","-0.3703976057","1","Profesional","SERINFO 1998  S L","No","Sí","No","No","No","No","No","No","https://images.habimg.com/imgh/4759d84e-5474-432a-aa2c-8c38b82ed7d0G.jpg","https://www.milanuncios.com/anuncios/r520464157.htm","2024-07-25","962641584","serinfo2d96@realestate.com","No","","","No","No contactado","729","2","1","80","950","11","5","Muy alta"
"Fotocasa","1218","Alquiler","Plurifamiliar","Piso en Alquiler en Sant Francesc","46001","Valencia","Valencia","Ciutat Vella","El Mercat","39.4698009003","-0.3800780997","7º","Profesional","Hola Inmobiliaria","Sí","Sí","No","No","Sí","No","No","No","https://static.fotocasa.es/images/ads/42d40890-5077-4fbf-acf7-f84e3a1925de?rule=feeds_1920x1080","https://www.fotocasa.es/Building/Building_Detail.aspx?ai=183805644&tti=2","2024-07-10","962646172","i.holainmobiliaria.11726.4@inmovilla.com","No","Muy bueno","","No","No contactado","730","3","2","134","2500","18","20","Muy alta"
"habitaclia","01814","Alquiler","Plurifamiliar","Piso de cuatro dormitorios, con vistas preciosas al mar y  a poco metros del Jardines del Rio Túria","","Valencia","Valencia","Camins al Grau","Penya - Roja - Avda. Francia","39.460228645","-0.3521384184","0","Profesional","INMOBILIARIA TRAFALGAR","Sí","Sí","Sí","No","Sí","No","No","No","https://images.habimg.com/imgh/01bd347b-4362-4636-9fca-099dbb6f0a6fG.jpg","https://www.habitaclia.com/i8144000001065","2024-03-25","963816909","i.trafalgar.359@inmovilla.com","No","Muy bueno","","No","No contactado","731","4","2","161","2100","13","127","Muy alta"
"milanuncios","513001645","Alquiler","Plurifamiliar","València","46003","Valencia","Valencia","Ciutat Vella","El Carme","39.4755811584","-0.3827372382","","Profesional","Finaer","No","No","No","No","No","No","No","No","https://images.habimg.com/imgh/12ab9779-2bb1-4eee-8a0e-0c5f14225e03G.jpg","https://www.milanuncios.com/anuncios/r513001645.htm","2024-05-08","962471295","inmobiliariascongarantiafinaere6e5@realestate.com","No","","","No","No contactado","732","1","1","60","1200","20","83","Muy alta"
"milanuncios","516265810","Alquiler","Plurifamiliar","València","46001","Valencia","Valencia","Ciutat Vella","El Pilar","39.4706435447","-0.3839601726","","Profesional","Finaer","Sí","No","No","No","No","No","No","No","https://images.habimg.com/imgh/236b9b0b-b988-476c-a67f-f5ee4b7bc8c2G.jpg","https://www.milanuncios.com/anuncios/r516265810.htm","2024-06-11","962471295","inmobiliariascongarantiafinaere6e5@realestate.com","No","","","No","No contactado","733","2","2","85","1500","17","49","Muy alta"
"habitaclia","PIS0122","Alquiler","Plurifamiliar","PISO EN ALQUILER EN LA PUNTA","","Valencia","Valencia","Quatre Carreres","La Punta","39.4525017022","-0.3375984501","0","Profesional","Inmobiliarias con garantía Finaer","No","Sí","No","No","No","Sí","No","No","https://images.habimg.com/imgh/16176a98-8a6d-42b8-8bac-2bc0fa19e32dG.jpg","https://www.habitaclia.com/i47750000000126","2024-06-05","0","inmoweb@finaer.es","No","Muy bueno","","No","No contactado","734","3","2","85","1300","15","55","Muy alta"
"milanuncios","493533441","Alquiler","Plurifamiliar","València","46021","Valencia","Valencia","Algirós","L'Amistat","39.4711827943","-0.3538572057","","Profesional","Valencia Ma Casa","Sí","Sí","No","No","No","No","No","No","https://images.habimg.com/imgh/1c61d8b3-878f-40de-a7ed-d2e17a5bb998G.jpg","https://www.milanuncios.com/anuncios/r493533441.htm","2023-08-31","962940167","valenciamacasa388d@realestate.com","No","","","No","No contactado","735","3","1","75","1200","16","334","Muy alta"
"milanuncios","513872890","Alquiler","Plurifamiliar","València","46023","Valencia","Valencia","Camins al Grau","Penya - Roja - Avda. Francia","39.4597683527","-0.3502180915","","Profesional","Finaer","No","Sí","No","No","No","No","No","No","https://images.habimg.com/imgh/0045df18-f8e2-4977-9b42-1336c12936e9G.jpg","https://www.milanuncios.com/anuncios/r513872890.htm","2024-05-17","962471295","inmobiliariascongarantiafinaere6e5@realestate.com","No","","","No","No contactado","736","3","2","100","1700","17","74","Muy alta"
"milanuncios","518102331","Alquiler","Plurifamiliar","València","46005","Valencia","Valencia","L'Eixample","Zona Gran Via","39.4672626943","-0.3663488057","","Profesional","MARCH OSCAR","Sí","Sí","No","No","No","No","No","No","https://images.habimg.com/imgh/096afe1c-c20b-4064-935a-2d147462b9dbG.jpg","https://www.milanuncios.com/anuncios/r518102331.htm","2024-07-01","962949834","marchinmobiliaria115b@realestate.com","No","","","No","No contactado","737","3","2","100","1250","12","29","Muy alta"
"habitaclia","1314","Alquiler","Plurifamiliar","ALQUILER DE PISO DE 4 HABITACIONES EN GRAN VIA","","Valencia","Valencia","L'Eixample","Zona Gran Via","39.4650326072","-0.3635713928","2","Profesional","CM PROPERTIES","Sí","Sí","No","No","No","No","No","No","https://images.habimg.com/imgh/060ce3b1-a53d-495e-8419-a72c7f92f410G.jpg","https://www.habitaclia.com/i50179000000231","2024-07-04","677523211","team@cmproperties.es","No","Muy bueno","","No","No contactado","738","4","2","121","2500","20","26","Muy alta"
"milanuncios","515950927","Alquiler","Plurifamiliar","València","46002","Valencia","Valencia","Ciutat Vella","Sant Francesc","39.4695180816","-0.3722022646","","Profesional","Finaer","Sí","Sí","No","No","No","No","No","No","https://images.habimg.com/imgh/0152037b-0672-453b-97ba-b7d52071268eG.jpg","https://www.milanuncios.com/anuncios/r515950927.htm","2024-06-08","962471295","inmobiliariascongarantiafinaere6e5@realestate.com","No","","","No","No contactado","739","3","2","160","2950","18","52","Muy alta"
"habitaclia","3394939","Alquiler","Plurifamiliar","Ciutat jardí / honduras","","Valencia","Valencia","Algirós","Ciutat Jardí","39.47432","-0.34475","0","Particular","","Sí","Sí","Sí","No","No","No","No","No","https://images.habimg.com/imgh/500-img3394939-187412822G.jpg","https://www.habitaclia.com/i500003394939","2019-04-08","670609040","plazahonduras37@hotmail.com","No","Muy bueno","","No","No contactado","740","4","2","125","2000","16","1940","Muy alta"
"habitaclia","00737VMC","Alquiler","Plurifamiliar","","","Valencia","Valencia","El Pla del Real","Mestalla","39.4708560722","-0.3541839278","0","Profesional","VALENCIA MA CASA","Sí","Sí","No","No","No","No","No","No","https://images.habimg.com/imgh/00f7e1db-9dff-4a0a-8689-6081c78d8c34G.jpg","https://www.habitaclia.com/i32361000003269","2024-02-06","960714992<br> 655121880","info@valenciamacasa.com","No","Muy bueno","","No","No contactado","741","3","1","75","1200","16","175","Muy alta"
"milanuncios","518238363","Alquiler","Plurifamiliar","València","46022","Valencia","Valencia","Algirós","La Carrasca","39.4804919943","-0.3521867057","3","Profesional","SERINFO 1998  S L","Sí","Sí","No","No","No","No","No","No","https://images.habimg.com/imgh/35abf735-4cf7-4d17-bcca-a64532f49cf1G.jpg","https://www.milanuncios.com/anuncios/r518238363.htm","2024-07-02","962641584","serinfo2d96@realestate.com","No","","","No","No contactado","742","1","1","66","950","14","28","Muy alta"
"habitaclia","Alquiler de Piso en calle de Blgica","Alquiler","Plurifamiliar","Alquiler de Piso en calle de Bèlgica","","Valencia","Valencia","El Pla del Real","Mestalla","39.4731933072","-0.3556311928","2","Profesional","Casa Creativa Inmobiliaria","Sí","Sí","No","No","No","No","No","No","https://images.habimg.com/imgh/00c5331d-5c92-4411-a6fb-75668de4244bG.jpg","https://www.habitaclia.com/i31145004424607","2024-06-13","960154124","info@casacreativainmobiliaria.com","No","Muy bueno","","No","No contactado","743","3","2","110","1800","16","47","Muy alta"
"habitaclia","10056829","Alquiler","Plurifamiliar","","","Valencia","Valencia","Poblats Marítims","El Cabanyal - El Canyamelar","39.4757895522","-0.3290581978","2","Profesional","EVERLYHOME ISLA PERDIDA","No","Sí","No","No","Sí","No","No","No","https://images.habimg.com/imgh/04ded433-3527-44a1-8058-dfcdef9ac0e7G.jpg","https://www.habitaclia.com/i8723003781198","2024-07-04","960031311","oficina@everlyhome.es","No","Muy bueno","","No","No contactado","744","4","1","116","1450","12","26","Muy alta"
"habitaclia","00428VMC","Alquiler","Plurifamiliar","","","Valencia","Valencia","Algirós","L'Amistat","39.4757360722","-0.3469939278","0","Profesional","VALENCIA MA CASA","Sí","Sí","No","No","No","No","No","No","https://images.habimg.com/imgh/022ab8e0-a555-479e-8e49-ba16cb75dcdaG.jpg","https://www.habitaclia.com/i32361000003328","2024-03-10","960714992<br> 655121880","info@valenciamacasa.com","No","Muy bueno","","No","No contactado","745","4","2","125","1750","14","142","Muy alta"
"milanuncios","518540098","Alquiler","Plurifamiliar","València","46019","Valencia","Valencia","Rascanya","Torrefiel","39.4934321943","-0.3773197057","","Profesional","ZAZUME","Sí","No","No","No","No","No","No","No","https://images.habimg.com/imgh/0bc22290-a2b3-4f0d-bc40-9b55588f0378G.jpg","https://www.milanuncios.com/anuncios/r518540098.htm","2024-07-05","931320948","zazumeb992@realestate.com","No","","","No","No contactado","746","1","1","72","1050","14","25","Muy alta"
"habitaclia","E076-01147","Alquiler","Plurifamiliar","5 DORMITORIOS A TU DISPOSICION!!!!!!","","Valencia","Valencia","Ciutat Vella","El Mercat","39.4722137906","-0.3791771765","4","Profesional","Primer Grupo Turia","No","Sí","No","No","No","No","No","No","https://images.habimg.com/imgh/001e60fc-e5b6-46f7-9e52-b3005093d54bG.jpg","https://www.habitaclia.com/i12140000000491","2024-05-06","960712509","i.primergrupoturia.4823@inmovilla.com","No","Muy bueno","","No","No contactado","747","6","2","197","1950","9","85","Muy alta"
"habitaclia","00394VMC","Alquiler","Plurifamiliar","","","Valencia","Valencia","Algirós","Ciutat Jardí","39.4716860722","-0.3460639278","0","Profesional","VALENCIA MA CASA","Sí","Sí","No","No","No","No","No","No","https://images.habimg.com/imgh/006d6494-57b1-4fa7-bbf5-b902a18df8daG.jpg","https://www.habitaclia.com/i32361000003335","2024-03-12","960714992<br> 655121880","info@valenciamacasa.com","No","Muy bueno","","No","No contactado","748","4","2","110","1400","12","140","Muy alta"
"milanuncios","518535632","Alquiler","Plurifamiliar","València","46023","Valencia","Valencia","Camins al Grau","Penya - Roja - Avda. Francia","39.4643995943","-0.3579337057","","Profesional","ANUBIS KOOP SL","No","Sí","No","No","No","No","No","No","https://images.habimg.com/imgh/3af246fc-8d0a-4207-bfa0-ab044bd6bf7cG.jpg","https://www.milanuncios.com/anuncios/r518535632.htm","2024-07-05","962644316","primergrupomarenostrumbab7@realestate.com","No","","","No","No contactado","749","4","2","102","1400","13","25","Muy alta"
"milanuncios","520345302","Alquiler","Plurifamiliar","Valencia","46014","Valencia","Valencia","L'Olivereta","La Llum","39.4666547136","-0.4109098496","","Profesional","Pawel Tadeusz Barglik","Sí","Sí","No","No","No","No","No","No","https://images.habimg.com/imgh/19ecac2c-b9a3-4b55-933c-5b3508062157G.jpg","https://www.milanuncios.com/anuncios/r520345302.htm","2024-07-23","962947856","arrelsvalencia7eea@realestate.com","No","","","No","No contactado","750","3","1","95","1050","11","7","Muy alta"
"habitaclia","4163712","Alquiler","Plurifamiliar","Atico recien reformado","46011","Valencia","Valencia","Poblats Marítims","El Cabanyal - El Canyamelar","39.4730792","-0.331094","4","Particular","","No","No","No","No","Sí","No","No","No","","https://www.habitaclia.com/i500004163712","2021-06-25","664568571","javierjorgem@gmail.com","No","Muy bueno","","No","No contactado","751","1","1","59","899","15","1131","Muy alta"
"Fotocasa","4221","Alquiler","Plurifamiliar","Piso en Alquiler en  GRAN VIA FERRAN EL CATOLIC, El Botànic","46008","Valencia","Valencia","Extramurs","Zona Botánico","39.47127089","-0.38554411","Undefined","Profesional","RENTA GARANTIZADA SA","Sí","Sí","Sí","Sí","Sí","Sí","No","Sí","https://static.fotocasa.es/images/ads/66d457a9-4bbb-4b25-ba5b-2f5c49ea6900?rule=feeds_1920x1080","https://www.fotocasa.es/Building/Building_Detail.aspx?ai=183844486&tti=2","2024-07-15","914895341","m.rabell@rentagarantizada.es","No","Muy bueno","","No","No contactado","752","5","3","600","2300","3","15","Muy alta"
"Fotocasa","","Alquiler","Plurifamiliar","Piso en Venta en  Carrer de la Floresta, 2, Aiora","46022","Valencia","Valencia","Camins al Grau","Aiora","39.465175","-0.3493539","","Particular","rishisandhu709","No","No","No","No","No","No","No","No","","https://www.fotocasa.es/Building/Building_Detail.aspx?ai=176466772&tti=1","2023-01-19","603575473","rishisandhu709@gmail.com","No","Muy bueno","","No","No contactado","753","2","1","9","600","66","558","Muy alta"
"milanuncios","518706363","Alquiler","Plurifamiliar","Valencia","46013","Valencia","Valencia","Quatre Carreres","Ciutat de les Ciències i de les Arts - Justicia","39.4562976203","-0.3577673627","","Profesional","Spaces Places","Sí","Sí","No","No","No","No","Sí","No","https://images.habimg.com/imgh/15bbe343-ca81-4999-aecf-dc1bdaabd16aG.jpg","https://www.milanuncios.com/anuncios/r518706363.htm","2024-07-08","962470857","spacesplaces120d@realestate.com","No","","","No","No contactado","754","3","2","110","2850","25","22","Muy alta"
"milanuncios","520417149","Alquiler","Plurifamiliar","València","46017","Valencia","Valencia","Jesús","Sant Marcel.lí","39.4450153673","-0.3898551847","3","Profesional","RINCON CORREA CLEMENCIA","No","No","No","No","No","No","No","No","https://images.habimg.com/imgh/0f15014e-7bd8-46c1-bb93-fbac52d97768G.jpg","https://www.milanuncios.com/anuncios/r520417149.htm","2024-07-24","962471058","asesoriainmobiliariainternacion4960@realestate.com","No","","","No","No contactado","755","4","1","83","910","10","6","Muy alta"
"habitaclia","1024","Alquiler","Plurifamiliar","PISO DE TEMPORADA EN EL CABAÑAL","","Valencia","Valencia","Poblats Marítims","El Cabanyal - El Canyamelar","39.4763390722","-0.3254019278","1","Profesional","Hola Inmobiliaria","No","No","No","No","No","No","No","No","https://images.habimg.com/imgh/1601d33c-baeb-4db7-b9bc-9b3b3cfa08abG.jpg","https://www.habitaclia.com/i51936000000067","2024-07-10","633040498","mlstrategicsl@gmail.com","No","Muy bueno","","No","No contactado","756","2","2","80","1200","15","20","Muy alta"
"habitaclia","AV2407035","Alquiler","Plurifamiliar","Piso en alquiler en El Botánico","","Valencia","Valencia","Extramurs","Zona Botánico","39.4742926072","-0.3844723928","0","Profesional","APROPERTIES REAL ESTATE - VALENCIA","Sí","No","No","No","No","No","No","No","https://images.habimg.com/imgh/4737-img3821932-479154947G.jpg","https://www.habitaclia.com/i4737003821932","2024-07-08","961285965","eva.martinez-fortun@aproperties.es","No","Muy bueno","","No","No contactado","757","1","1","70","1100","15","22","Muy alta"
"milanuncios","520501116","Alquiler","Plurifamiliar","València","46006","Valencia","Valencia","Quatre Carreres","Mont-Olivet","39.4557680943","-0.3673231057","","Profesional","Uniplaces","Sí","No","No","No","No","No","No","No","https://images.habimg.com/imgh/00875dec-9cbf-49e2-a33a-f7457472c18aG.jpg","https://www.milanuncios.com/anuncios/r520501116.htm","2024-07-26","919454608","uniplaces9f38@realestate.com","No","","","No","No contactado","758","3","2","70","990","14","4","Muy alta"
"habitaclia","4565830","Alquiler","Plurifamiliar","Piso con perfecta ubicacion!!!","46015","Valencia","Valencia","Campanar","Campanar - La Fe","39.4810503","-0.3942215","3","Particular","","Sí","Sí","No","No","No","No","No","No","https://images.habimg.com/imgh/500-img4565830-474790369G.jpg","https://www.habitaclia.com/i500004565830","2024-05-07","625618272","martamarket7@gmail.com","No","Muy bueno","","No","No contactado","759","2","1","80","1300","16","56","Muy alta"
"Fotocasa","","Alquiler","Plurifamiliar","Piso en Alquiler en Favara","46001","Valencia","Valencia","Patraix","Favara","39.4540769472","-0.3943135725","3º","Particular","alexandrafdezm","No","Sí","No","No","No","No","No","No","","https://www.fotocasa.es/Building/Building_Detail.aspx?ai=183621752&tti=1","2024-06-19","","alexandrafdezm@yahoo.com","No","Muy bueno","","No","No contactado","760","2","1","50","850","17","13","Muy alta"
"milanuncios","496276955","Alquiler","Plurifamiliar","València","46017","Valencia","Valencia","Jesús","Camí Real","39.4383999979","-0.3904926326","","Profesional","CAÑERO RIBERA RAQUEL","Sí","Sí","No","No","No","No","No","No","https://images.habimg.com/imgh/05717cc3-c7a2-49d1-96e2-4c1700a7db82G.jpg","https://www.milanuncios.com/anuncios/r496276955.htm","2023-10-05","962949516","nuevoapiburjassot77f0@realestate.com","No","","","No","No contactado","761","2","1","90","800","8","278","Muy alta"
"milanuncios","518791690","Alquiler","Plurifamiliar","València","46022","Valencia","Valencia","Camins al Grau","Aiora","39.4684151243","-0.3481434457","3","Profesional","Housfy Real Estate","No","Sí","No","No","No","No","No","No","https://images.habimg.com/imgh/003228ac-c64a-4a89-827d-febaf3b2b04cG.jpg","https://www.milanuncios.com/anuncios/r518791690.htm","2024-07-09","930441675","housfyf687@realestate.com","No","","","No","No contactado","762","3","1","70","980","14","7","Muy alta"
"habitaclia","4163712","Alquiler","Plurifamiliar","Atico recien reformado","46011","Valencia","Valencia","Poblats Marítims","El Cabanyal - El Canyamelar","39.4730792","-0.331094","4","Particular","","No","No","No","No","Sí","No","No","No","","https://www.habitaclia.com/i500004163712","2021-06-25","664568571","javierjorgem@gmail.com","No","Muy bueno","","No","No contactado","763","1","1","59","899","15","1103","Muy alta"
"milanuncios","518790730","Alquiler","Plurifamiliar","València","46020","Valencia","Valencia","Benimaclet","Barrio de Benimaclet","39.4885447563","-0.3630341437","6","Profesional","MIGUEL PASCUAL CASA","Sí","Sí","No","No","No","No","No","No","https://images.habimg.com/imgh/05d35ca6-1e4d-4169-a2d0-ca51f9e6992aG.jpg","https://www.milanuncios.com/anuncios/r518790730.htm","2024-07-09","960968071","benicasa2002serviciosinmobiliard23d@realestate.com","No","","","No","No contactado","764","3","1","100","1200","12","13","Muy alta"
"habitaclia","BC2234","Alquiler","Plurifamiliar","PISO AMUEBLADO EN TORREFIEL","","Valencia","Valencia","Rascanya","Torrefiel","39.4955145865","-0.3738564135","1","Profesional","BENICASA 2002 SERVICIOS INMOBILIARIOS","No","No","No","No","No","No","No","No","https://images.habimg.com/imgh/022f9eda-0104-46c0-bca3-80a706713f1bG.jpg","https://www.habitaclia.com/i41070000001502","2024-06-21","963656620","serviciosinmobiliariosbc2002@outlook.es","No","Muy bueno","","No","No contactado","765","4","1","72","1050","14","11","Muy alta"
"milanuncios","517136530","Alquiler","Plurifamiliar","València","46022","Valencia","Valencia","Algirós","L'Illa Perduda","39.4727959012","-0.3378656188","4","Profesional","AYORA REAL ESTATE SL","Sí","Sí","No","No","No","No","No","No","https://images.habimg.com/imgh/018862e2-2127-4d25-bea3-0555fb02b4f5G.jpg","https://www.milanuncios.com/anuncios/r517136530.htm","2024-06-18","962645802","everlyhomeislaperdida59e3@realestate.com","No","","","No","No contactado","766","2","1","81","1050","12","14","Muy alta"
"habitaclia","BC2234","Alquiler","Plurifamiliar","PISO AMUEBLADO EN TORREFIEL","","Valencia","Valencia","Rascanya","Torrefiel","39.4955145865","-0.3738564135","1","Profesional","BENICASA 2002 SERVICIOS INMOBILIARIOS","No","No","No","No","No","No","No","No","https://images.habimg.com/imgh/022f9eda-0104-46c0-bca3-80a706713f1bG.jpg","https://www.habitaclia.com/i41070000001502","2024-06-21","963656620","serviciosinmobiliariosbc2002@outlook.es","No","Muy bueno","","No","No contactado","767","4","1","72","1050","14","11","Muy alta"
"milanuncios","293455608","Alquiler","Unifamiliar","primera línea playa Cargador  - camino","46005","Alcocebre/Alcossebre","Castellón","L'Eixample","Zona Gran Via","39.4660922","-0.3690837","4","Particular","","No","No","No","No","No","No","No","No","","https://www.milanuncios.com/anuncios/r293455608.htm","2019-01-27","","","No","","","No","No contactado","768","3","2","80","6000","75","1983","Muy alta"
"Fotocasa","","Alquiler","Plurifamiliar","Piso en Venta en  Carrer de la Floresta, 2, Aiora","46022","Valencia","Valencia","Camins al Grau","Aiora","39.465175","-0.3493539","","Particular","rishisandhu709","No","No","No","No","No","No","No","No","","https://www.fotocasa.es/Building/Building_Detail.aspx?ai=176466772&tti=1","2023-01-19","603575473","rishisandhu709@gmail.com","No","Muy bueno","","No","No contactado","769","2","1","9","600","66","530","Muy alta"
"milanuncios","515948146","Alquiler","Plurifamiliar","València","46022","Valencia","Valencia","Algirós","L'Illa Perduda","39.4711501012","-0.3395454588","4","Profesional","PANACEA HOUSE SOCIEDAD DE RESPONSABILIDAD LIMITADA","Sí","Sí","No","No","No","No","No","No","https://images.habimg.com/imgh/00dc4a64-a350-4c39-950f-08cc55564e37G.jpg","https://www.milanuncios.com/anuncios/r515948146.htm","2024-06-08","961286182","kasabiba1d7d@realestate.com","No","","","No","No contactado","770","3","2","115","1500","13","24","Muy alta"
"milanuncios","517136530","Alquiler","Plurifamiliar","València","46022","Valencia","Valencia","Algirós","L'Illa Perduda","39.4727959012","-0.3378656188","4","Profesional","AYORA REAL ESTATE SL","Sí","Sí","No","No","No","No","No","No","https://images.habimg.com/imgh/018862e2-2127-4d25-bea3-0555fb02b4f5G.jpg","https://www.milanuncios.com/anuncios/r517136530.htm","2024-06-18","962645802","everlyhomeislaperdida59e3@realestate.com","No","","","No","No contactado","771","2","1","81","1050","12","14","Muy alta"
"milanuncios","514409938","Alquiler","Plurifamiliar","València","46023","Valencia","Valencia","Camins al Grau","Penya - Roja - Avda. Francia","39.4624925024","-0.3584385976","","Profesional","Person Inmobiliaria","Sí","Sí","No","No","No","No","No","No","https://images.habimg.com/imgh/0b7e9cb9-f541-42a8-9ae7-e97237561d3fG.jpg","https://www.milanuncios.com/anuncios/r514409938.htm","2024-05-23","962647592","personinmobiliaria6e78@realestate.com","No","","","No","No contactado","772","3","2","146","2200","15","48","Muy alta"
"milanuncios","518985956","Alquiler","Plurifamiliar","València","46010","Valencia","Valencia","La Saïdia","Trinitat","39.4820816211","-0.3716396664","2","Profesional","HABITALE INMOVAL","Sí","Sí","No","No","No","No","No","No","https://images.habimg.com/imgh/06e0ef7f-61d2-476a-9279-0057d95f0633G.jpg","https://www.milanuncios.com/anuncios/r518985956.htm","2024-07-10","962948215","habitaleinmovalf5aa@realestate.com","No","","","No","No contactado","773","3","1","95","1100","11","8","Muy alta"
"habitaclia","4163712","Alquiler","Plurifamiliar","Atico recien reformado","46011","Valencia","Valencia","Poblats Marítims","El Cabanyal - El Canyamelar","39.4730792","-0.331094","4","Particular","","No","No","No","No","Sí","No","No","No","","https://www.habitaclia.com/i500004163712","2021-06-25","664568571","javierjorgem@gmail.com","No","Muy bueno","","No","No contactado","774","1","1","59","899","15","1103","Muy alta"
"Fotocasa","","Alquiler","Plurifamiliar","Piso en Venta en  Carrer de la Floresta, 2, Aiora","46022","Valencia","Valencia","Camins al Grau","Aiora","39.465175","-0.3493539","","Particular","rishisandhu709","No","No","No","No","No","No","No","No","","https://www.fotocasa.es/Building/Building_Detail.aspx?ai=176466772&tti=1","2023-01-19","603575473","rishisandhu709@gmail.com","No","Muy bueno","","No","No contactado","775","2","1","9","600","66","530","Muy alta"
"habitaclia","4565830","Alquiler","Plurifamiliar","Piso con perfecta ubicacion!!!","46015","Valencia","Valencia","Campanar","Campanar - La Fe","39.4810503","-0.3942215","3","Particular","","Sí","Sí","No","No","No","No","No","No","https://images.habimg.com/imgh/500-img4565830-474790369G.jpg","https://www.habitaclia.com/i500004565830","2024-05-07","625618272","martamarket7@gmail.com","No","Muy bueno","","No","No contactado","776","2","1","80","1300","16","56","Muy alta"
"habitaclia","I-00L05D-W-02W4AG","Alquiler","Plurifamiliar","Luminosa vivienda en el corazón de Valencia","","Valencia","Valencia","Ciutat Vella","El Carme","39.4775967865","-0.3816492135","1","Profesional","Engel & Völkers","Sí","Sí","No","No","No","No","No","No","https://images.habimg.com/imgh/05a532e0-696b-4907-8b98-44447625f0fcG.jpg","https://www.habitaclia.com/i5953003368990","2024-06-19","963517897","valencia@engelvoelkers.com","No","Muy bueno","","No","No contactado","777","1","1","70","1300","18","13","Muy alta"
"habitaclia","MSV364","Alquiler","Plurifamiliar","Alquiler de Piso en Plaza del Ayuntamiento","","Valencia","Valencia","Ciutat Vella","Sant Francesc","39.4730861977","-0.3756238079","0","Profesional","UMBRA","Sí","Sí","No","No","No","No","No","No","https://images.habimg.com/imgh/0273d153-3196-48f5-b89f-c0d048a6e448G.jpg","https://www.habitaclia.com/i25854000001080","2024-06-05","660133115","oficina@umbra-inmo.com","No","Muy bueno","","No","No contactado","778","1","1","62","1000","16","26","Muy alta"
"milanuncios","515948146","Alquiler","Plurifamiliar","València","46022","Valencia","Valencia","Algirós","L'Illa Perduda","39.4711501012","-0.3395454588","4","Profesional","PANACEA HOUSE SOCIEDAD DE RESPONSABILIDAD LIMITADA","Sí","Sí","No","No","No","No","No","No","https://images.habimg.com/imgh/00dc4a64-a350-4c39-950f-08cc55564e37G.jpg","https://www.milanuncios.com/anuncios/r515948146.htm","2024-06-08","961286182","kasabiba1d7d@realestate.com","No","","","No","No contactado","779","3","2","115","1500","13","24","Muy alta"
"Fotocasa","","Alquiler","Plurifamiliar","Piso en Alquiler en Favara","46001","Valencia","Valencia","Patraix","Favara","39.4540769472","-0.3943135725","3º","Particular","alexandrafdezm","No","Sí","No","No","No","No","No","No","","https://www.fotocasa.es/Building/Building_Detail.aspx?ai=183621752&tti=1","2024-06-19","","alexandrafdezm@yahoo.com","No","Muy bueno","","No","No contactado","780","2","1","50","850","17","13","Muy alta"
"milanuncios","293455608","Alquiler","Unifamiliar","primera línea playa Cargador  - camino","46005","Alcocebre/Alcossebre","Castellón","L'Eixample","Zona Gran Via","39.4660922","-0.3690837","4","Particular","","No","No","No","No","No","No","No","No","","https://www.milanuncios.com/anuncios/r293455608.htm","2019-01-27","","","No","","","No","No contactado","781","3","2","80","6000","75","1983","Muy alta"
"habitaclia","I-00L05D-W-02W4AG","Alquiler","Plurifamiliar","Luminosa vivienda en el corazón de Valencia","","Valencia","Valencia","Ciutat Vella","El Carme","39.4775967865","-0.3816492135","1","Profesional","Engel & Völkers","Sí","Sí","No","No","No","No","No","No","https://images.habimg.com/imgh/05a532e0-696b-4907-8b98-44447625f0fcG.jpg","https://www.habitaclia.com/i5953003368990","2024-06-19","963517897","valencia@engelvoelkers.com","No","Muy bueno","","No","No contactado","782","1","1","70","1300","18","13","Muy alta"
"milanuncios","519818346","Alquiler","Plurifamiliar","València","46013","Valencia","Valencia","Quatre Carreres","En Corts - Doctor Waksman","39.4556875231","-0.3699376769","5","Profesional","inmocity","Sí","Sí","No","No","No","No","No","No","https://images.habimg.com/imgh/03c7c696-b4c4-4ad8-bc36-d0f934a86143G.jpg","https://www.milanuncios.com/anuncios/r519818346.htm","2024-07-17","962949603","inmocity31ad@realestate.com","No","","","No","No contactado","783","4","2","123","1100","8","9","Muy alta"
"milanuncios","520099650","Alquiler","Plurifamiliar","Amistad - C/ del Dr. Manuel Candela","46021","Valencia","Valencia","Camins al Grau","Albors","39.4693822","-0.3494324","2","Particular","","No","No","No","No","No","No","Sí","No","","https://www.milanuncios.com/anuncios/r520099650.htm","2024-07-19","","","No","","","No","No contactado","784","4","2","90","1480","16","6","Muy alta"
"habitaclia","5a90857dcd95","Alquiler","Plurifamiliar","","","Valencia","Valencia","Ciutat Vella","Sant Francesc","39.4699075","-0.3762881","0","Particular","","Sí","Sí","No","No","No","No","No","No","https://images.habimg.com/imgh/2492994d-8c72-4786-8ff1-f6e22d2d974cG.jpg","https://www.habitaclia.com/i500006000940","2024-07-06","622172256","","No","Muy bueno","","No","No contactado","785","3","2","80","1300","16","24","Muy alta"
"milanuncios","519686025","Alquiler","Plurifamiliar","València","46019","Valencia","Valencia","Rascanya","Torrefiel","39.4949079706","-0.3712061593","5","Profesional","PANACEA HOUSE SOCIEDAD DE RESPONSABILIDAD LIMITADA","Sí","Sí","No","No","No","No","No","No","https://images.habimg.com/imgh/167c2bd9-1eba-4be0-8bd5-ac3b3338f8dbG.jpg","https://www.milanuncios.com/anuncios/r519686025.htm","2024-07-16","961286182","kasabiba1d7d@realestate.com","No","","","No","No contactado","786","3","1","90","1000","11","14","Muy alta"
"milanuncios","514035041","Alquiler","Plurifamiliar","Ruzafa - C. de Cuba","46006","Valencia","Valencia","L'Eixample","Russafa","39.4604371","-0.3759712","6","Particular","","No","Sí","No","No","Sí","No","No","No","","https://www.milanuncios.com/anuncios/r514035041.htm","2024-05-19","","","Sí","","","No","No contactado","787","1","1","65","900","13","44","Muy alta"
"milanuncios","517121649","Alquiler","Plurifamiliar","València","46017","Valencia","Valencia","Jesús","L'Hort de Senabre","39.4483514043","-0.3896742757","","Profesional","Global Juridica Asesores S L","Sí","Sí","No","No","No","No","Sí","No","https://images.habimg.com/imgh/07e699b0-d3f4-4d99-926a-f67c9ebb6b7fG.jpg","https://www.milanuncios.com/anuncios/r517121649.htm","2024-06-18","961280652","globalavantinmobiliariafaed@realestate.com","No","","","No","No contactado","788","3","2","92","1100","11","28","Muy alta"
"milanuncios","514035041","Alquiler","Plurifamiliar","Ruzafa - C. de Cuba","46006","Valencia","Valencia","L'Eixample","Russafa","39.4604371","-0.3759712","6","Particular","","No","Sí","No","No","Sí","No","No","No","","https://www.milanuncios.com/anuncios/r514035041.htm","2024-05-19","","","Sí","","","No","No contactado","789","1","1","65","900","13","44","Muy alta"
"habitaclia","T4424A1","Alquiler","Plurifamiliar","PISO PARA ESTUDIANTES A SOLO 10 MINUTOS ANDANDO DE LAS UNIVERSIDADES.","","Valencia","Valencia","Poblats Marítims","Beteró","39.4717066351","-0.3361799389","3","Profesional","Inmocuattro Valencia","No","Sí","No","No","No","No","No","No","https://images.habimg.com/imgh/003dd052-3a2f-406d-b6f1-3d373cdb68b1G.jpg","https://www.habitaclia.com/i11721002470506","2024-06-20","963.441.210","inmo4v@gmail.com,i.zuritagestionesinmobiliarias.6580@inmovilla.com","No","Muy bueno","","No","No contactado","790","4","2","115","1200","10","11","Muy alta"
"milanuncios","273432529","Alquiler","Unifamiliar","Cabañal - C/ del Progrés","46011","Valencia","Valencia","Poblats Marítims","El Cabanyal - El Canyamelar","39.4709694","-0.3293771","Bajos","Particular","","No","No","No","Sí","No","No","No","No","","https://www.milanuncios.com/anuncios/r273432529.htm","2018-07-01","","","Sí","","","No","No contactado","791","1","1","40","89","2","2193","Muy alta"
"milanuncios","517030123","Alquiler","Plurifamiliar","València","46007","Valencia","Valencia","Extramurs","La Roqueta","39.4700181012","-0.3797718988","","Profesional","CM PROPERTIES","Sí","No","No","No","No","No","No","No","https://images.habimg.com/imgh/0432ce1d-27fc-4541-8761-dd368d760f78G.jpg","https://www.milanuncios.com/anuncios/r517030123.htm","2024-06-17","962470759","cmproperties8e5d@realestate.com","No","","","No","No contactado","792","","1","30","800","26","15","Muy alta"
"milanuncios","517030123","Alquiler","Plurifamiliar","València","46007","Valencia","Valencia","Extramurs","La Roqueta","39.4700181012","-0.3797718988","","Profesional","CM PROPERTIES","Sí","No","No","No","No","No","No","No","https://images.habimg.com/imgh/0432ce1d-27fc-4541-8761-dd368d760f78G.jpg","https://www.milanuncios.com/anuncios/r517030123.htm","2024-06-17","962470759","cmproperties8e5d@realestate.com","No","","","No","No contactado","793","","1","30","800","26","15","Muy alta"
"milanuncios","273432529","Alquiler","Unifamiliar","Cabañal - C/ del Progrés","46011","Valencia","Valencia","Poblats Marítims","El Cabanyal - El Canyamelar","39.4709694","-0.3293771","Bajos","Particular","","No","No","No","Sí","No","No","No","No","","https://www.milanuncios.com/anuncios/r273432529.htm","2018-07-01","","","Sí","","","No","No contactado","794","1","1","40","89","2","2193","Muy alta"
"milanuncios","273432529","Alquiler","Unifamiliar","Cabañal - C/ del Progrés","46011","Valencia","Valencia","Poblats Marítims","El Cabanyal - El Canyamelar","39.4709694","-0.3293771","Bajos","Particular","","No","No","No","Sí","No","No","No","No","","https://www.milanuncios.com/anuncios/r273432529.htm","2018-07-01","","","Sí","","","No","No contactado","795","1","1","40","120","3","2221","Muy alta"
"milanuncios","349372469","Alquiler","Unifamiliar","adosado perellonet albufera perello","46012","Valencia","Valencia","El Perellonet","","39.3082536012","-0.2939216988","Bajos","Particular","","No","No","No","No","No","No","No","No","","https://www.milanuncios.com/anuncios/r349372469.htm","2020-06-06","","","No","","","No","No contactado","796","5","3","180","1","","1487","Muy alta"
"milanuncios","349372469","Alquiler","Unifamiliar","adosado perellonet albufera perello","46012","Valencia","Valencia","El Perellonet","","39.3082536012","-0.2939216988","Bajos","Particular","","No","No","No","No","No","No","No","No","","https://www.milanuncios.com/anuncios/r349372469.htm","2020-06-06","","","No","","","No","No contactado","797","5","3","180","1","","1487","Muy alta"
"milanuncios","349372469","Alquiler","Unifamiliar","adosado perellonet albufera perello","46012","Valencia","Valencia","El Perellonet","","39.3057162943","-0.2964590057","Bajos","Particular","","No","No","No","No","No","No","No","No","","https://www.milanuncios.com/anuncios/r349372469.htm","2020-06-06","","","No","","","No","No contactado","798","5","3","180","1","","1515","Muy alta"
"milanuncios","519928770","Alquiler","Plurifamiliar","Valencia","46020","Valencia","Valencia","Benimaclet","Barrio de Benimaclet","39.4833605467","-0.3617109667","","Profesional","JAIME MASIP BELTRAN","No","Sí","No","No","No","No","No","No","https://images.habimg.com/imgh/10ad8001-15ca-465f-8546-8ca84d76cbb2G.jpg","https://www.milanuncios.com/anuncios/r519928770.htm","2024-07-18","960968662","alfahuir16a5c@realestate.com","No","","","No","No contactado","799","3","2","105","1350","12","12","Muy alta"
"Fotocasa","","Alquiler","Plurifamiliar","Piso en Alquiler en Penya - Roja - Avda. Francia","46001","Valencia","Valencia","Camins al Grau","Penya - Roja - Avda. Francia","39.4589828003","-0.3533459997","7º","Particular","manuel5villena","No","Sí","Sí","No","Sí","No","Sí","No","https://static.fotocasa.es/images/anuncio/2024/07/28/183949656/4008396815.jpg?rule=feeds_1920x1080","https://www.fotocasa.es/Building/Building_Detail.aspx?ai=183949656&tti=1","2024-07-28","647644205","manuel5villena@gmail.com","No","Muy bueno","","No","No contactado","800","3","2","125","1780","14","2","Muy alta"
"milanuncios","517781094","Alquiler","Plurifamiliar","Les Tendetes","46009","Valencia","Valencia","Campanar","Les Tendetes - Avenida Burjassot","39.4858016012","-0.3834657988","1","Particular","","No","No","No","No","No","No","No","No","","https://www.milanuncios.com/anuncios/r517781094.htm","2024-06-26","","","No","","","No","No contactado","801","3","1","60","1150","19","6","Muy alta"
"milanuncios","514721156","Alquiler","Plurifamiliar","València","46014","Valencia","Valencia","L'Olivereta","Soternes","39.4695558025","-0.4080476294","","Profesional","LLAVEMAESTRA REDINMOBILIARIA SL","No","Sí","No","No","No","No","No","No","https://images.habimg.com/imgh/0f7801c6-634b-45f7-85a0-f9b6c758fe85G.jpg","https://www.milanuncios.com/anuncios/r514721156.htm","2024-05-27","962940138","llavemaestraplayaperello2464@realestate.com","No","","","No","No contactado","802","1","1","62","850","13","59","Muy alta"
"milanuncios","518234568","Alquiler","Plurifamiliar","València","46022","Valencia","Valencia","Poblats Marítims","Beteró","39.4727615679","-0.3332221321","4","Profesional","SERINFO 1998  S L","No","No","No","No","No","No","No","No","https://images.habimg.com/imgh/0f33de26-7dd2-4550-a759-4542a5e9241dG.jpg","https://www.milanuncios.com/anuncios/r518234568.htm","2024-07-02","962641584","serinfo2d96@realestate.com","No","","","No","No contactado","803","2","1","67","900","13","10","Muy alta"
"habitaclia","PIS0158","Alquiler","Plurifamiliar","Piso en calle de Ramiro de Maetzu","","Valencia","Valencia","Camins al Grau","Aiora","39.4672466184","-0.3486915052","0","Profesional","Inmobiliarias con garantía Finaer","Sí","Sí","No","No","No","No","No","No","https://images.habimg.com/imgh/044a6f8a-f220-4bd6-b0cc-5612e93c7da2G.jpg","https://www.habitaclia.com/i47750000000177","2024-06-19","0","w3168@inmoweb.email","No","Muy bueno","","No","No contactado","804","3","2","90","1100","12","13","Muy alta"
"milanuncios","517781094","Alquiler","Plurifamiliar","Les Tendetes","46009","Valencia","Valencia","Campanar","Les Tendetes - Avenida Burjassot","39.4858016012","-0.3834657988","1","Particular","","No","No","No","No","No","No","No","No","","https://www.milanuncios.com/anuncios/r517781094.htm","2024-06-26","","","No","","","No","No contactado","805","3","1","60","1150","19","6","Muy alta"
"habitaclia","PIS0158","Alquiler","Plurifamiliar","Piso en calle de Ramiro de Maetzu","","Valencia","Valencia","Camins al Grau","Aiora","39.4672466184","-0.3486915052","0","Profesional","Inmobiliarias con garantía Finaer","Sí","Sí","No","No","No","No","No","No","https://images.habimg.com/imgh/044a6f8a-f220-4bd6-b0cc-5612e93c7da2G.jpg","https://www.habitaclia.com/i47750000000177","2024-06-19","0","w3168@inmoweb.email","No","Muy bueno","","No","No contactado","806","3","2","90","1100","12","13","Muy alta"
"milanuncios","515742630","Alquiler","Plurifamiliar","València","46021","Valencia","Valencia","El Pla del Real","Mestalla","39.4707677012","-0.3542129988","","Profesional","BUVIM INVESTMENT  S L","Sí","Sí","No","No","No","No","No","No","https://images.habimg.com/imgh/1594610d-710d-4a27-a5c7-9076cd92e64dG.jpg","https://www.milanuncios.com/anuncios/r515742630.htm","2024-06-06","961281642","iliosrealestatefc84@realestate.com","No","","","No","No contactado","807","3","1","68","1500","22","26","Muy alta"
"milanuncios","515742630","Alquiler","Plurifamiliar","València","46021","Valencia","Valencia","El Pla del Real","Mestalla","39.4707677012","-0.3542129988","","Profesional","BUVIM INVESTMENT  S L","Sí","Sí","No","No","No","No","No","No","https://images.habimg.com/imgh/1594610d-710d-4a27-a5c7-9076cd92e64dG.jpg","https://www.milanuncios.com/anuncios/r515742630.htm","2024-06-06","961281642","iliosrealestatefc84@realestate.com","No","","","No","No contactado","808","3","1","68","1500","22","26","Muy alta"
"milanuncios","518463864","Alquiler","Plurifamiliar","València","46011","Valencia","Valencia","Poblats Marítims","El Cabanyal - El Canyamelar","39.467137081","-0.331308667","1","Profesional","Inmo Real Estate Valencia  S L","No","No","No","No","No","No","No","No","https://images.habimg.com/imgh/0391d367-4c14-4daf-ad5f-2c2e6cdb80bfG.jpg","https://www.milanuncios.com/anuncios/r518463864.htm","2024-07-04","962647012","iconinmobiliariade76@realestate.com","No","","","No","No contactado","809","4","1","105","375","3","4","Muy alta"
"milanuncios","518217856","Alquiler","Plurifamiliar","València","46022","Valencia","Valencia","Algirós","Ciutat Jardí","39.4724044943","-0.3468182057","9","Profesional","LLAVE90 INMOBILIARIAS S L","Sí","Sí","No","No","No","No","No","No","https://images.habimg.com/imgh/00056c09-8a1a-46d0-939b-ce53d9eac5e2G.jpg","https://www.milanuncios.com/anuncios/r518217856.htm","2024-07-02","962948657","llave90blascoibanezf9bd@realestate.com","No","","","No","No contactado","810","3","1","92","1100","11","28","Muy alta"
"habitaclia","4565830","Alquiler","Plurifamiliar","Piso con perfecta ubicacion!!!","46015","Valencia","Valencia","Campanar","Campanar - La Fe","39.4810503","-0.3942215","3","Particular","","Sí","Sí","No","No","No","No","No","No","https://images.habimg.com/imgh/500-img4565830-474790369G.jpg","https://www.habitaclia.com/i500004565830","2024-05-07","625618272","martamarket7@gmail.com","No","Muy bueno","","No","No contactado","811","2","1","80","1300","16","84","Muy alta"
"milanuncios","517136305","Alquiler","Plurifamiliar","Ayora","46022","Valencia","Valencia","Algirós","La Carrasca","39.4800857006","-0.3376404049","4","Profesional","soraya","No","Sí","No","No","Sí","No","No","No","","https://www.milanuncios.com/anuncios/r517136305.htm","2024-06-18","685509385","inmosoraya@hotmail.com","No","","","No","No contactado","812","4","1","100","1100","11","14","Muy alta"
"milanuncios","517136305","Alquiler","Plurifamiliar","Ayora","46022","Valencia","Valencia","Algirós","La Carrasca","39.4800857006","-0.3376404049","4","Profesional","soraya","No","Sí","No","No","Sí","No","No","No","","https://www.milanuncios.com/anuncios/r517136305.htm","2024-06-18","685509385","inmosoraya@hotmail.com","No","","","No","No contactado","813","4","1","100","1100","11","14","Muy alta"
"milanuncios","516760900","Alquiler","Unifamiliar","Centro - Carrer de Sueca","46006","Valencia","Valencia","L'Eixample","Russafa","39.4610117","-0.3747856","1","Particular","","Sí","Sí","Sí","No","No","No","No","No","","https://www.milanuncios.com/anuncios/r516760900.htm","2024-06-15","","","No","","","No","No contactado","814","3","1","90","50","","17","Muy alta"
"milanuncios","516760900","Alquiler","Unifamiliar","Centro - Carrer de Sueca","46006","Valencia","Valencia","L'Eixample","Russafa","39.4610117","-0.3747856","1","Particular","","Sí","Sí","Sí","No","No","No","No","No","","https://www.milanuncios.com/anuncios/r516760900.htm","2024-06-15","","","No","","","No","No contactado","815","3","1","90","50","","17","Muy alta"
"milanuncios","517222974","Alquiler","Plurifamiliar","Patraix - Carrer de Juan de Garay","46017","Valencia","Valencia","Patraix","Favara","39.4542961121","-0.3940944076","3","Particular","","No","Sí","No","No","No","No","No","No","","https://www.milanuncios.com/anuncios/r517222974.htm","2024-06-19","","","No","","","No","No contactado","816","2","1","50","850","17","13","Muy alta"
"milanuncios","517222974","Alquiler","Plurifamiliar","Patraix - Carrer de Juan de Garay","46017","Valencia","Valencia","Patraix","Favara","39.4542961121","-0.3940944076","3","Particular","","No","Sí","No","No","No","No","No","No","","https://www.milanuncios.com/anuncios/r517222974.htm","2024-06-19","","","No","","","No","No contactado","817","2","1","50","850","17","13","Muy alta"
"milanuncios","516020703","Alquiler","Unifamiliar","San Antonio - C/ de Jesús","46007","Valencia","Valencia","Extramurs","Arrancapins","39.4641534","-0.3851587","8","Particular","","No","Sí","Sí","No","Sí","No","No","No","","https://www.milanuncios.com/anuncios/r516020703.htm","2024-06-08","","","No","","","No","No contactado","818","2","2","70","1400","20","24","Muy alta"
"milanuncios","516020703","Alquiler","Unifamiliar","San Antonio - C/ de Jesús","46007","Valencia","Valencia","Extramurs","Arrancapins","39.4641534","-0.3851587","8","Particular","","No","Sí","Sí","No","Sí","No","No","No","","https://www.milanuncios.com/anuncios/r516020703.htm","2024-06-08","","","No","","","No","No contactado","819","2","2","70","1400","20","24","Muy alta"
"milanuncios","518291653","Alquiler","Plurifamiliar","Extramuros - C/ de Guillem de Castro","46008","Valencia","Valencia","Extramurs","Zona Botánico","39.47098","-0.3839649","1","Particular","","No","No","No","No","No","No","No","No","","https://www.milanuncios.com/anuncios/r518291653.htm","2024-07-02","","","No","","","No","No contactado","820","6","2","150","300","2","12","Muy alta"
"milanuncios","520178164","Alquiler","Plurifamiliar","Barrio Patraix - Carrer de Franco Tormo","46007","Valencia","Valencia","Patraix","Barrio de Patraix","39.4587948","-0.392477","3","Particular","","No","No","No","No","No","No","No","No","","https://www.milanuncios.com/anuncios/r520178164.htm","2024-07-21","","","No","","","No","No contactado","821","3","1","80","900","11","9","Muy alta"
"milanuncios","403931750","Alquiler","Unifamiliar","Tres Forques","46014","Valencia","Valencia","L'Olivereta","La Fontsanta","39.4691002012","-0.4063916988","Bajos","Particular","","No","No","No","No","No","No","No","No","","https://www.milanuncios.com/anuncios/r403931750.htm","2021-06-11","","","No","","","No","No contactado","822","3","2","120","86","","1117","Muy alta"
"milanuncios","403931750","Alquiler","Unifamiliar","Tres Forques","46014","Valencia","Valencia","L'Olivereta","La Fontsanta","39.4691002012","-0.4063916988","Bajos","Particular","","No","No","No","No","No","No","No","No","","https://www.milanuncios.com/anuncios/r403931750.htm","2021-06-11","","","No","","","No","No contactado","823","3","2","120","86","","1117","Muy alta"
"milanuncios","519972727","Alquiler","Plurifamiliar","València","46011","Valencia","Valencia","Poblats Marítims","El Cabanyal - El Canyamelar","39.469272355","-0.332781445","1","Profesional","SERINFO 1998  S L","No","No","No","No","No","No","No","No","https://images.habimg.com/imgh/3fe934b0-b1d5-466c-ae7e-024b42f93323G.jpg","https://www.milanuncios.com/anuncios/r519972727.htm","2024-07-19","962641584","serinfo2d96@realestate.com","No","","","No","No contactado","824","1","1","45","700","15","10","Muy alta"
"milanuncios","517520216","Alquiler","Plurifamiliar","El Grau - C/ de Joan Verdeguer","46024","Valencia","Valencia","Poblats Marítims","El Grau","39.4586843","-0.3360591","3","Particular","","No","Sí","No","No","No","No","No","No","","https://www.milanuncios.com/anuncios/r517520216.htm","2024-06-23","","","No","","","No","No contactado","825","2","1","58","950","16","9","Muy alta"
"milanuncios","517520216","Alquiler","Plurifamiliar","El Grau - C/ de Joan Verdeguer","46024","Valencia","Valencia","Poblats Marítims","El Grau","39.4586843","-0.3360591","3","Particular","","No","Sí","No","No","No","No","No","No","","https://www.milanuncios.com/anuncios/r517520216.htm","2024-06-23","","","No","","","No","No contactado","826","2","1","58","950","16","9","Muy alta"
"milanuncios","517466102","Alquiler","Plurifamiliar","Malvarrosa - Av.de la Malva-Rosa","46011","Valencia","Valencia","Poblats Marítims","La Malva-rosa","39.4783327","-0.3281499","3","Particular","","No","No","No","No","No","No","No","No","","https://www.milanuncios.com/anuncios/r517466102.htm","2024-06-22","","","Sí","","","No","No contactado","827","2","1","70","1150","16","10","Muy alta"
"milanuncios","518768052","Alquiler","Plurifamiliar","Malilla - Av. d''Ausiàs March","46026","Valencia","Valencia","Quatre Carreres","Fonteta de Sant Lluís","39.4460648","-0.3688868","2","Particular","","No","Sí","Sí","No","Sí","Sí","Sí","No","","https://www.milanuncios.com/anuncios/r518768052.htm","2024-07-09","","","No","","","No","No contactado","828","1","1","55","1100","20","13","Muy alta"
"milanuncios","517466102","Alquiler","Plurifamiliar","Malvarrosa - Av.de la Malva-Rosa","46011","Valencia","Valencia","Poblats Marítims","La Malva-rosa","39.4783327","-0.3281499","3","Particular","","No","No","No","No","No","No","No","No","","https://www.milanuncios.com/anuncios/r517466102.htm","2024-06-22","","","Sí","","","No","No contactado","829","2","1","70","1150","16","10","Muy alta"
"habitaclia","4539027","Alquiler","Plurifamiliar","El Cabanyal - El Canyamelar / Calle Beniflà","","Valencia","Valencia","Poblats Marítims","El Cabanyal - El Canyamelar","39.4638304","-0.3344617","0","Particular","","No","Sí","Sí","No","No","No","No","No","https://images.habimg.com/imgh/500-img4539027-448165324G.jpg","https://www.habitaclia.com/i500004539027","2023-12-21","671404755","mrhontangas@gmail.com","Sí","Muy bueno","","No","No contactado","830","1","1","56","900","16","222","Muy alta"
"milanuncios","514426446","Alquiler","Plurifamiliar","València","46006","Valencia","Valencia","Quatre Carreres","En Corts - Doctor Waksman","39.4558027943","-0.3737572057","","Profesional","ARK   KASA","No","Sí","No","No","No","No","No","No","https://images.habimg.com/imgh/0745faa3-da9f-4d7b-9420-272b0abd266aG.jpg","https://www.milanuncios.com/anuncios/r514426446.htm","2024-05-23","962470598","arkkasa954b@realestate.com","No","","","No","No contactado","831","5","2","154","1600","10","68","Muy alta"
"milanuncios","519888824","Alquiler","Plurifamiliar","Malvarrosa - Av.de la Malva-Rosa","46011","Valencia","Valencia","Poblats Marítims","La Malva-rosa","39.4831036","-0.3278046","3","Particular","","No","No","No","No","No","No","No","No","","https://www.milanuncios.com/anuncios/r519888824.htm","2024-07-18","","","No","","","No","No contactado","832","2","1","75","990","13","12","Muy alta"
"milanuncios","519945590","Alquiler","Plurifamiliar","València","46017","Valencia","Valencia","Jesús","Sant Marcel.lí","39.4436855194","-0.3913691173","","Profesional","SOLVIA SERVICIOS INMOBILIARIOS SL","No","No","No","No","No","No","No","No","https://images.habimg.com/imgh/0b1717a2-12bf-4fdd-88b2-ac84c3d2c95cG.jpg","https://www.milanuncios.com/anuncios/r519945590.htm","2024-07-19","954201025","solviaserviciosinmobiliariossl43a1@realestate.com","No","","","No","No contactado","833","4","1","83","910","10","11","Muy alta"
"milanuncios","293455608","Alquiler","Unifamiliar","primera línea playa Cargador  - camino","46005","Alcocebre/Alcossebre","Castellón","L'Eixample","Zona Gran Via","39.4660922","-0.3690837","4","Particular","","No","No","No","No","No","No","No","No","","https://www.milanuncios.com/anuncios/r293455608.htm","2019-01-27","","","No","","","No","No contactado","834","3","2","80","6000","75","2011","Muy alta"
"milanuncios","519258268","Alquiler","Plurifamiliar","Valencia","46010","Valencia","Valencia","El Pla del Real","Mestalla","39.4737280943","-0.3605357057","2","Profesional","EL VIVERO DE LOS PISOS SL","Sí","Sí","No","No","No","No","No","No","https://images.habimg.com/imgh/106ace75-7c6b-442d-b3b2-f7f68bddb2e2G.jpg","https://www.milanuncios.com/anuncios/r519258268.htm","2024-07-12","962643848","mestallainmobiliariaf817@realestate.com","No","","","No","No contactado","835","3","1","91","1350","14","18","Muy alta"
"habitaclia","027727","Alquiler","Plurifamiliar","Loft en alquiler en Xirivella","","Valencia","Valencia","Barrio de la Luz","","39.4624145229","-0.4139756545","1","Profesional","KASABIBA","Sí","Sí","Sí","No","No","No","No","No","https://images.habimg.com/imgh/017b7b66-2ac1-4101-aaeb-18be248ddbe9G.jpg","https://www.habitaclia.com/i8448000009241","2024-07-10","963854700","kasabiba@kasabiba.com","No","Muy bueno","","No","No contactado","836","1","1","114","1150","10","20","Muy alta"
"habitaclia","jeronima gales","Alquiler","Plurifamiliar","Alquiler piso en Jeronima Gales","","Valencia","Valencia","Jesús","L'Hort de Senabre","39.4523340072","-0.3908133928","2","Profesional","TORRES 4","Sí","Sí","No","No","No","No","No","No","https://images.habimg.com/imgh/023dd603-440e-43e6-85b2-d8ab3e542f4bG.jpg","https://www.habitaclia.com/i23047000001941","2024-07-25","963820022","torrescuatro@hotmail.com","No","Muy bueno","","No","No contactado","837","2","1","95","1100","11","5","Muy alta"
"habitaclia","4462617","Alquiler","Plurifamiliar","Piso reformado en el centro de valencia","","Valencia","Valencia","Ciutat Vella","El Carme","39.4794647","-0.377574","4","Particular","","No","No","No","No","No","No","No","No","https://images.habimg.com/imgh/500-img4462617-307600796G.jpg","https://www.habitaclia.com/i500004462617","2023-01-25","610104430","ausanchis@gedescasa.es","No","Muy bueno","","No","No contactado","838","2","1","60","1000","16","552","Muy alta"
"habitaclia","4575947","Alquiler","Plurifamiliar","Piso recién reformado en el corazón de valencia","46003","Valencia","Valencia","Ciutat Vella","La Xerea","39.4739639","-0.3712517","0","Particular","","Sí","No","No","No","No","No","No","No","https://images.habimg.com/imgh/500-img4575947-478663016G.jpg","https://www.habitaclia.com/i500004575947","2024-06-30","687953910","emorenomora@gmail.com","No","Muy bueno","","No","No contactado","839","4","2","150","2150","14","30","Muy alta"
"milanuncios","517884244","Alquiler","Plurifamiliar","València","46007","Valencia","Valencia","Extramurs","La Roqueta","39.4652351943","-0.3808986057","","Profesional","IPISOS","No","No","No","No","No","No","No","No","https://images.habimg.com/imgh/14967a1b-06eb-47a9-9afa-ecbd375752baG.jpg","https://www.milanuncios.com/anuncios/r517884244.htm","2024-06-27","962949187","ipisosb78b@realestate.com","No","","","No","No contactado","840","1","1","63","970","15","33","Muy alta"
"milanuncios","518211406","Alquiler","Plurifamiliar","Valencia Capital - Av. d''Ausiàs March","46013","Valencia","Valencia","Quatre Carreres","Na Rovella - Hermanos Maristas","39.4487","-0.369493","","Profesional","Aproperties","Sí","Sí","No","No","No","No","No","No","https://images.habimg.com/imgh/4737-img3821874-478804195G.jpg","https://www.milanuncios.com/anuncios/r518211406.htm","2024-07-02","962648135","apropertiesrealestatevalencia6ff9@realestate.com","No","","","No","No contactado","841","3","2","90","1200","13","28","Muy alta"
"habitaclia","283984","Alquiler","Plurifamiliar","Alquiler en Torres de Serranos","","Valencia","Valencia","Ciutat Vella","El Carme","39.4800197722","-0.3748714278","0","Profesional","INMOBILIARIA LAURIA","No","No","No","No","No","No","No","No","https://images.habimg.com/imgh/0361bacd-ae05-48af-86ee-798ece641911G.jpg","https://www.habitaclia.com/i11611003810788","2024-07-08","963509287","aww@inbox.witei.com","No","Muy bueno","","No","No contactado","842","1","1","38","980","25","22","Muy alta"
"milanuncios","515948146","Alquiler","Plurifamiliar","València","46022","Valencia","Valencia","Algirós","L'Illa Perduda","39.4686127943","-0.3420827657","4","Profesional","PANACEA HOUSE SOCIEDAD DE RESPONSABILIDAD LIMITADA","Sí","Sí","No","No","No","No","No","No","https://images.habimg.com/imgh/00dc4a64-a350-4c39-950f-08cc55564e37G.jpg","https://www.milanuncios.com/anuncios/r515948146.htm","2024-06-08","961286182","kasabiba1d7d@realestate.com","No","","","No","No contactado","843","3","2","115","1500","13","52","Muy alta"
"milanuncios","520509855","Alquiler","Plurifamiliar","Valencia Capital - Avenida de Peris y V","46006","Valencia","Valencia","Quatre Carreres","Malilla","39.45647","-0.37638","","Profesional","Inversiones Costa Valenciana S L","No","Sí","No","No","No","No","No","No","https://images.habimg.com/imgh/19961-img3076-480058226G.jpg","https://www.milanuncios.com/anuncios/r520509855.htm","2024-07-26","961280218","zonanortea54c@realestate.com","No","","","No","No contactado","844","1","1","60","830","13","4","Muy alta"
"milanuncios","518513131","Alquiler","Plurifamiliar","València","46021","Valencia","Valencia","Algirós","L'Amistat","39.4723961943","-0.3538660057","","Profesional","Valencia Ma Casa","Sí","Sí","No","No","No","No","No","No","https://images.habimg.com/imgh/24ddffd3-8d34-4549-a064-868488d8de7aG.jpg","https://www.milanuncios.com/anuncios/r518513131.htm","2024-07-05","962940167","valenciamacasa388d@realestate.com","No","","","No","No contactado","845","4","2","80","1500","18","25","Muy alta"
"habitaclia","00099VMC","Alquiler","Plurifamiliar","","","Valencia","Valencia","Benimaclet","Barrio de Benimaclet","39.4879946722","-0.3599473278","1","Profesional","VALENCIA MA CASA","Sí","Sí","No","No","No","No","No","No","https://images.habimg.com/imgh/22b4e5b0-2e54-4823-a708-f35894999128G.jpg","https://www.habitaclia.com/i32361000003418","2024-05-26","960714992<br> 655121880","info@valenciamacasa.com","No","Muy bueno","","No","No contactado","846","4","1","100","1500","15","65","Muy alta"
"milanuncios","519503418","Alquiler","Plurifamiliar","València","46003","Valencia","Valencia","Ciutat Vella","La Xerea","39.4747056943","-0.3718898057","","Profesional","Yourentaflat S L","No","Sí","No","No","No","No","No","No","https://images.habimg.com/imgh/02a36b2d-ba71-41e5-a3ce-85a6b441315fG.jpg","https://www.milanuncios.com/anuncios/r519503418.htm","2024-07-15","962949758","live4life7722@realestate.com","No","","","No","No contactado","847","3","1","75","1300","17","15","Muy alta"
"habitaclia","dff0a670f310","Alquiler","Plurifamiliar","Precioso ático cerca de la playa","","Valencia","Valencia","Camins al Grau","Aiora","39.4654027","-0.3475712","0","Particular","","Sí","Sí","No","No","Sí","No","No","No","https://images.habimg.com/imgh/02bfae1f-a8f0-45b7-ae58-fd9a4c56112aG.jpg","https://www.habitaclia.com/i500006000594","2024-07-03","647925030","","Sí","Muy bueno","","No","No contactado","848","","1","85","2000","23","27","Muy alta"
"milanuncios","520268558","Alquiler","Plurifamiliar","València","46022","Valencia","Valencia","Poblats Marítims","Beteró","39.4686641943","-0.3366389857","4","Profesional","AYORA REAL ESTATE SL","Sí","Sí","No","No","No","No","No","No","https://images.habimg.com/imgh/071c5026-7195-4342-afe6-bad40fce931dG.jpg","https://www.milanuncios.com/anuncios/r520268558.htm","2024-07-23","962645802","everlyhomeislaperdida59e3@realestate.com","No","","","No","No contactado","849","2","2","124","950","7","7","Muy alta"
"Fotocasa","","Alquiler","Plurifamiliar","Piso en Alquiler en Ciutat Jardí","46230","Valencia","Valencia","Algirós","Ciutat Jardí","39.4712323003","-0.3483413997","1º","Particular","enripiqueras2015","No","Sí","No","No","Sí","No","No","No","https://static.fotocasa.es/images/anuncio/2024/07/26/183941913/4004615006.jpg?rule=feeds_1920x1080","https://www.fotocasa.es/Building/Building_Detail.aspx?ai=183941913&tti=1","2024-07-26","645919280","enripiqueras2015@gmail.com","No","Muy bueno","","No","No contactado","850","3","1","90","1500","16","4","Muy alta"
"habitaclia","0011AVZ","Alquiler","Plurifamiliar","Una vivienda con 3 habitaciones en Sant Pau,  VALENCIA","","Valencia","Valencia","Campanar","Sant Pau - Zona Palau de Congresos - Nou Campanar","39.4907978472","-0.4018394148","3","Profesional","Spaces&Places","Sí","Sí","No","No","No","No","No","No","https://images.habimg.com/imgh/03ee205d-2944-434d-bb36-2116fece747cG.jpg","https://www.habitaclia.com/i47584000000393","2024-07-24","635919795","info@spacesplaces.es","No","Muy bueno","","No","No contactado","851","3","2","111","1495","13","6","Muy alta"
"milanuncios","518508865","Alquiler","Plurifamiliar","Jes&uacute;s","46007","Valencia","Valencia","Jesús","La Raïosa","39.4577829679","-0.3823018321","","Profesional","GRUPO 90 CENTRAL","No","Sí","No","No","No","No","No","No","https://images.habimg.com/imgh/42610-img3357-479034663G.jpg","https://www.milanuncios.com/anuncios/r518508865.htm","2024-07-05","963489732","grupo90centrale9ab@realestate.com","No","","","No","No contactado","852","4","2","111","900","8","7","Muy alta"
"milanuncios","517406745","Alquiler","Plurifamiliar","València","46022","Valencia","Valencia","Algirós","L'Illa Perduda","39.4726425763","-0.3392761637","","Profesional","AYORA REAL ESTATE SL","No","Sí","No","No","No","No","No","No","https://images.habimg.com/imgh/19d02497-d193-4c2b-861f-faca0f3a8dfdG.jpg","https://www.milanuncios.com/anuncios/r517406745.htm","2024-06-21","962645802","everlyhomeislaperdida59e3@realestate.com","No","","","No","No contactado","853","4","1","116","1200","10","31","Muy alta"
"milanuncios","518980286","Alquiler","Plurifamiliar","Valencia","46013","Valencia","Valencia","Quatre Carreres","Na Rovella - Hermanos Maristas","39.4566031604","-0.3616004396","6","Profesional","Yourentaflat S L","Sí","Sí","No","No","No","No","No","No","https://images.habimg.com/imgh/051e34ee-fa35-4387-b6f0-572f62aa3504G.jpg","https://www.milanuncios.com/anuncios/r518980286.htm","2024-07-10","962471283","live4life7722@realestate.com","No","","","No","No contactado","854","1","1","35","900","25","13","Muy alta"
"habitaclia","19599","Alquiler","Plurifamiliar","ALQUILER VIVIENDA EN VALENCIA","","Valencia","Valencia","Benimaclet","Barrio de Benimaclet","39.4859660865","-0.3605935135","4","Profesional","SERINFO","No","No","No","No","No","No","No","No","https://images.habimg.com/imgh/aa35af25-39f8-41b1-a5aa-9a7704b9e03cG.jpg","https://www.habitaclia.com/i11736002354420","2024-05-21","961134218","atencion@serinfovalencia.com","No","Muy bueno","","No","No contactado","855","2","1","75","900","12","42","Muy alta"
"habitaclia","19599","Alquiler","Plurifamiliar","ALQUILER VIVIENDA EN VALENCIA","","Valencia","Valencia","Benimaclet","Barrio de Benimaclet","39.4859660865","-0.3605935135","4","Profesional","SERINFO","No","No","No","No","No","No","No","No","https://images.habimg.com/imgh/aa35af25-39f8-41b1-a5aa-9a7704b9e03cG.jpg","https://www.habitaclia.com/i11736002354420","2024-05-21","961134218","atencion@serinfovalencia.com","No","Muy bueno","","No","No contactado","856","2","1","75","900","12","42","Muy alta"
"milanuncios","517459036","Alquiler","Plurifamiliar","Avenida de Francia - Av. de França","46023","Valencia","Valencia","Camins al Grau","Penya - Roja - Avda. Francia","39.461857","-0.3568625","9","Particular","","No","Sí","Sí","No","Sí","Sí","Sí","No","","https://www.milanuncios.com/anuncios/r517459036.htm","2024-06-21","","","No","","","No","No contactado","857","2","2","80","1600","20","11","Muy alta"
"habitaclia","4532593","Alquiler","Plurifamiliar","Se alquila un bajo de una habitación a nuevo","ES","Valencia","Valencia","Poblats Marítims","Natzaret","39.4506081732","-0.3334878537","0","Particular","","Sí","No","No","No","No","No","No","No","https://images.habimg.com/imgh/500-img4532593-437529773G.jpg","https://www.habitaclia.com/i500004532593","2023-11-13","674346649","avilamaximiliano19@gmail.com","No","Muy bueno","","No","No contactado","858","1","1","75","1200","16","232","Muy alta"
"habitaclia","4462617","Alquiler","Plurifamiliar","Piso reformado en el centro de valencia","","Valencia","Valencia","Ciutat Vella","El Carme","39.4794647","-0.377574","4","Particular","","No","No","No","No","No","No","No","No","https://images.habimg.com/imgh/500-img4462617-307600796G.jpg","https://www.habitaclia.com/i500004462617","2023-01-25","610104430","ausanchis@gedescasa.es","No","Muy bueno","","No","No contactado","859","2","1","60","1000","16","524","Muy alta"
"habitaclia","4462617","Alquiler","Plurifamiliar","Piso reformado en el centro de valencia","","Valencia","Valencia","Ciutat Vella","El Carme","39.4794647","-0.377574","4","Particular","","No","No","No","No","No","No","No","No","https://images.habimg.com/imgh/500-img4462617-307600796G.jpg","https://www.habitaclia.com/i500004462617","2023-01-25","610104430","ausanchis@gedescasa.es","No","Muy bueno","","No","No contactado","860","2","1","60","1000","16","524","Muy alta"
"milanuncios","494939925","Alquiler","Plurifamiliar","València","46009","Valencia","Valencia","Campanar","Campanar - La Fe","39.4841051632","-0.3909120368","","Profesional","WEHOME","Sí","Sí","No","No","No","No","No","No","https://images.habimg.com/imgh/00b4d0f9-4f18-42d9-939a-be8f17a8f3d9G.jpg","https://www.milanuncios.com/anuncios/r494939925.htm","2023-09-21","670380736","wehomef165@realestate.com","No","","","No","No contactado","861","2","2","85","1100","12","303","Muy alta"
"habitaclia","4532593","Alquiler","Plurifamiliar","Se alquila un bajo de una habitación a nuevo","ES","Valencia","Valencia","Poblats Marítims","Natzaret","39.4506081732","-0.3334878537","0","Particular","","Sí","No","No","No","No","No","No","No","https://images.habimg.com/imgh/500-img4532593-437529773G.jpg","https://www.habitaclia.com/i500004532593","2023-11-13","674346649","avilamaximiliano19@gmail.com","No","Muy bueno","","No","No contactado","862","1","1","75","1200","16","232","Muy alta"
"habitaclia","4570136","Alquiler","Plurifamiliar","Pso luminoso zona eixample/gran via. centro vlc","46005","Valencia","Valencia","L'Eixample","Zona Gran Via","39.4644532","-0.3645428","3","Particular","","No","Sí","No","No","No","No","No","No","https://images.habimg.com/imgh/500-img4570136-476445287G.jpg","https://www.habitaclia.com/i500004570136","2024-05-29","679386078","martitta_23@hotmail.com","No","Muy bueno","","No","No contactado","863","4","1","120","1600","13","42","Muy alta"
"milanuncios","517459036","Alquiler","Plurifamiliar","Avenida de Francia - Av. de França","46023","Valencia","Valencia","Camins al Grau","Penya - Roja - Avda. Francia","39.461857","-0.3568625","9","Particular","","No","Sí","Sí","No","Sí","Sí","Sí","No","","https://www.milanuncios.com/anuncios/r517459036.htm","2024-06-21","","","No","","","No","No contactado","864","2","2","80","1600","20","11","Muy alta"
"habitaclia","319","Alquiler","Plurifamiliar","EXCELENTE VIVIENDA DUPLEX EN CL. MAXIMILIANO THOUS!!!","","Valencia","Valencia","La Saïdia","Sant Antoni","39.4877065072","-0.3740272928","7","Profesional","IPISOS","Sí","Sí","No","No","No","No","No","No","https://images.habimg.com/imgh/025f7636-aa17-4ef8-8fcd-c37518f43d53G.jpg","https://www.habitaclia.com/i12419000000313","2024-07-02","961931086","armandosuero@ipisos-realestate.com","No","Muy bueno","","No","No contactado","865","2","2","82","1100","13","28","Muy alta"
"habitaclia","319","Alquiler","Plurifamiliar","EXCELENTE VIVIENDA DUPLEX EN CL. MAXIMILIANO THOUS!!!","","Valencia","Valencia","La Saïdia","Sant Antoni","39.4877065072","-0.3740272928","7","Profesional","IPISOS","Sí","Sí","No","No","No","No","No","No","https://images.habimg.com/imgh/025f7636-aa17-4ef8-8fcd-c37518f43d53G.jpg","https://www.habitaclia.com/i12419000000313","2024-07-02","961931086","armandosuero@ipisos-realestate.com","No","Muy bueno","","No","No contactado","866","2","2","82","1100","13","28","Muy alta"
"milanuncios","519890797","Alquiler","Plurifamiliar","Castellar - Carrer de José Siurana","46026","Valencia","Valencia","El Castellar i l'Oliverar","","39.4289278","-0.3619294","4","Particular","","No","No","No","No","No","No","No","No","","https://www.milanuncios.com/anuncios/r519890797.htm","2024-07-18","","","No","","","No","No contactado","867","3","1","80","820","10","12","Muy alta"
"milanuncios","403931750","Alquiler","Unifamiliar","Tres Forques","46018","Valencia","Valencia","L'Olivereta","Tres Forques","39.4635607943","-0.4009630057","Bajos","Particular","","No","No","No","No","No","No","No","No","","https://www.milanuncios.com/anuncios/r403931750.htm","2021-06-11","","","No","","","No","No contactado","868","3","2","120","92","","1145","Muy alta"
"milanuncios","520255269","Alquiler","Plurifamiliar","València","46011","Valencia","Valencia","Poblats Marítims","La Malva-rosa","39.4797796943","-0.3297968057","","Profesional","Uniplaces","Sí","No","No","No","No","No","No","No","https://images.habimg.com/imgh/037f44bf-0a88-4982-b409-a6c41a305629G.jpg","https://www.milanuncios.com/anuncios/r520255269.htm","2024-07-23","919454608","uniplaces9f38@realestate.com","No","","","No","No contactado","869","3","2","80","1300","16","7","Baja"
"Fotocasa","","Alquiler","Plurifamiliar","Loft en Alquiler en  Carrer dels Germans Villalonga, 23a, Barrio de Benimaclet","46020","Valencia","Valencia","Benimaclet","Barrio de Benimaclet","39.4852249","-0.35727","","Particular","bilillamigros","Sí","No","No","No","Sí","No","No","No","https://static.fotocasa.es/images/anuncio/2024/07/05/183765593/3947458565.jpg?rule=feeds_1920x1080","https://www.fotocasa.es/Building/Building_Detail.aspx?ai=183765593&tti=1","2024-07-05","647307218","bilillamigros@gmail.com","No","Muy bueno","","No","No contactado","870","4","3","180","1450","8","1","Muy alta"
"milanuncios","517121649","Alquiler","Plurifamiliar","València","46017","Valencia","Valencia","Jesús","L'Hort de Senabre","39.4478291343","-0.3901965457","","Profesional","Global Juridica Asesores S L","Sí","Sí","No","No","No","No","Sí","No","https://images.habimg.com/imgh/07e699b0-d3f4-4d99-926a-f67c9ebb6b7fG.jpg","https://www.milanuncios.com/anuncios/r517121649.htm","2024-06-18","961280652","globalavantinmobiliariafaed@realestate.com","No","","","No","No contactado","871","3","2","92","1100","11","42","Muy alta"
"milanuncios","514335446","Alquiler","Plurifamiliar","Algirós - Carrer de l''Escultor Alfons G","46022","Valencia","Valencia","Algirós","Ciutat Jardí","39.4751319885","-0.3465603888","8","Particular","","No","Sí","No","No","Sí","No","No","No","","https://www.milanuncios.com/anuncios/r514335446.htm","2024-05-22","","","No","","","No","No contactado","872","2","1","68","975","14","69","Muy alta"
"habitaclia","1382","Alquiler","Plurifamiliar","ALQUILER EN CENTRO VALENCIA","","Valencia","Valencia","Ciutat Vella","Sant Francesc","39.4701001072","-0.3760954928","2","Profesional","INMOAROA","No","Sí","No","No","No","No","No","No","https://images.habimg.com/imgh/0429244f-b140-4339-b2c7-79c5e86a8b5cG.jpg","https://www.habitaclia.com/i51826000000029","2024-07-04","960706587","felipe.urioste@inmoaroa.com","No","Muy bueno","","No","No contactado","873","4","2","137","1800","13","26","Muy alta"
"milanuncios","519023464","Alquiler","Plurifamiliar","València","46011","Valencia","Valencia","Poblats Marítims","La Malva-rosa","39.4791956943","-0.3297170057","","Profesional","IPISOS","Sí","Sí","No","No","No","No","No","No","https://images.habimg.com/imgh/2394b8bc-895e-4283-8477-94eb5cae6921G.jpg","https://www.milanuncios.com/anuncios/r519023464.htm","2024-07-10","962949187","ipisosb78b@realestate.com","No","","","No","No contactado","874","3","2","103","1200","11","20","Muy alta"
"habitaclia","I-00L0TW-W-02WELY","Alquiler","Plurifamiliar","Magnífico piso en el centro de Valencia","","Valencia","Valencia","Ciutat Vella","La Xerea","39.4733696072","-0.3678433928","2","Profesional","Engel & Völkers","Sí","Sí","Sí","No","No","No","No","No","https://images.habimg.com/imgh/093eaf22-071d-4e02-8bf2-199a7a8a68bcG.jpg","https://www.habitaclia.com/i5953003369159","2024-07-09","963517897","valencia@engelvoelkers.com","No","Muy bueno","","No","No contactado","875","4","2","150","2000","13","21","Muy alta"
"milanuncios","514409983","Alquiler","Plurifamiliar","València","46008","Valencia","Valencia","Extramurs","Zona Botánico","39.4698852943","-0.3843361057","","Profesional","Worldwide Valencia  Sociedad Limitada","No","Sí","No","Sí","No","No","No","No","https://images.habimg.com/imgh/020a40cc-117b-4c6f-be5c-2d7349008d71G.jpg","https://www.milanuncios.com/anuncios/r514409983.htm","2024-05-23","962471268","realestatemarketsolutions3152@realestate.com","No","","","No","No contactado","876","3","1","90","1350","15","68","Muy alta"
"milanuncios","511985705","Alquiler","Plurifamiliar","València","46007","Valencia","Valencia","Extramurs","Arrancapins","39.4627040943","-0.3833685057","","Profesional","ESTUDIO AYORA SL","Sí","Sí","No","No","No","No","No","No","https://images.habimg.com/imgh/4f4b0791-20b2-4f43-831b-2d4ad944478bG.jpg","https://www.milanuncios.com/anuncios/r511985705.htm","2024-04-25","960962361","tempohogar744d@realestate.com","No","","","No","No contactado","877","4","2","160","1700","10","96","Muy alta"
"habitaclia","1364","Alquiler","Plurifamiliar","Loft con terraza en alquiler en la Avda. Alfahuir.","","Valencia","Valencia","Rascanya","Sant Llorenç - Zona Alfahuir","39.4939996072","-0.3587473928","7","Profesional","CM PROPERTIES","Sí","No","Sí","No","Sí","Sí","No","No","https://images.habimg.com/imgh/0233eb15-bc57-498f-a1cc-172d086d7dccG.jpg","https://www.habitaclia.com/i50179000000265","2024-07-23","677523211","team@cmproperties.es","No","Muy bueno","","No","No contactado","878","","1","36","1300","36","7","Muy alta"
"milanuncios","519714294","Alquiler","Plurifamiliar","València","46011","Valencia","Valencia","Poblats Marítims","La Malva-rosa","39.4813887943","-0.3298012057","","Profesional","THE SIMPLE RENT LUXURY PROPERTIES SL","Sí","Sí","No","No","No","No","No","No","https://images.habimg.com/imgh/38eb8348-7b92-4f49-bf5d-defd78e534baG.jpg","https://www.milanuncios.com/anuncios/r519714294.htm","2024-07-17","968910735","thesimplerent5092@realestate.com","No","","","No","No contactado","879","3","3","70","1200","17","13","Muy alta"
"milanuncios","520390308","Alquiler","Plurifamiliar","Blasco Ibañez","46022","Valencia","Valencia","Algirós","La Carrasca","39.4775483937","-0.3401777118","9","Profesional","soraya","No","Sí","No","No","Sí","No","No","No","","https://www.milanuncios.com/anuncios/r520390308.htm","2024-07-24","685509385","inmosoraya@hotmail.com","No","","","No","No contactado","880","4","3","111","1400","12","6","Muy alta"
"habitaclia","01741VMC","Alquiler","Plurifamiliar","","","Valencia","Valencia","Ciutat Vella","La Xerea","39.4759060722","-0.3689739278","0","Profesional","VALENCIA MA CASA","Sí","No","No","No","No","No","No","No","https://images.habimg.com/imgh/6179e1df-4d75-4403-b4ba-b4b3438242b3G.jpg","https://www.habitaclia.com/i32361000002782","2023-10-11","960714992<br> 655121880","info@valenciamacasa.com","No","Muy bueno","","No","No contactado","881","2","2","90","2000","22","293","Muy alta"
"milanuncios","479715634","Alquiler","Plurifamiliar","València","46010","Valencia","Valencia","El Pla del Real","Ciutat Universitària","39.4767727943","-0.3572872057","","Profesional","Valencia Ma Casa","Sí","Sí","No","No","No","No","No","No","https://images.habimg.com/imgh/5f8de6d3-190a-44d8-b8c7-caf2bbb40c2cG.jpg","https://www.milanuncios.com/anuncios/r479715634.htm","2023-03-08","962940167","valenciamacasa388d@realestate.com","No","","","No","No contactado","882","4","2","101","1400","13","510","Muy alta"
"habitaclia","4546720","Alquiler","Plurifamiliar","Apartamento totalmente reformado y exterior","46018","Valencia","Valencia","L'Olivereta","Tres Forques","39.4689499351","-0.4053991865","2","Particular","","Sí","Sí","No","No","No","No","No","No","https://images.habimg.com/imgh/500-img4546720-459728700G.jpg","https://www.habitaclia.com/i500004546720","2024-02-03","646708688","carlos_marcos_69@hotmail.com","No","Muy bueno","","No","No contactado","883","2","1","78","1600","20","178","Muy alta"
"milanuncios","479721223","Alquiler","Plurifamiliar","València","46009","Valencia","Valencia","Campanar","Campanar - La Fe","39.4798878943","-0.3879899057","","Profesional","Valencia Ma Casa","Sí","Sí","No","No","No","No","No","No","https://images.habimg.com/imgh/03ce2512-4e8b-43be-81f6-7dc465c8a172G.jpg","https://www.milanuncios.com/anuncios/r479721223.htm","2023-03-08","962940167","valenciamacasa388d@realestate.com","No","","","No","No contactado","884","3","2","95","1100","11","510","Muy alta"
"habitaclia","00886VMC","Alquiler","Plurifamiliar","","","Valencia","Valencia","Algirós","La Bega Baixa - Plaza Xúquer","39.4798960722","-0.3475539278","0","Profesional","VALENCIA MA CASA","Sí","Sí","No","No","No","No","No","No","https://images.habimg.com/imgh/3953b24f-ae25-422c-a939-8531d8903163G.jpg","https://www.habitaclia.com/i32361000003212","2024-02-02","960714992<br> 655121880","info@valenciamacasa.com","No","Muy bueno","","No","No contactado","885","3","2","120","1000","8","179","Muy alta"
"habitaclia","BAZAN-RA13","Alquiler","Plurifamiliar","","","Valencia","Valencia","El Pla del Real","Jaume Roig","39.4809279072","-0.3609379928","0","Profesional","FORO INMOBILIARIO VIVEROS","Sí","Sí","No","No","No","No","No","No","https://images.habimg.com/imgh/39915834-ddc9-4e5e-864c-568a491fe362G.jpg","https://www.habitaclia.com/i14469000001831","2024-07-24","963.614.831","info@foroinmobiliarioviveros.com","No","Muy bueno","","No","No contactado","886","4","2","125","1500","12","6","Muy alta"
"Fotocasa","A022RM","Alquiler","Plurifamiliar","Apartamento en Alquiler en El Pilar","46001","Valencia","Valencia","Ciutat Vella","El Pilar","39.4698425783","-0.3821084707","3º","Profesional","Spaces&Places","Sí","Sí","No","No","No","No","No","No","https://static.fotocasa.es/images/ads/839cdb48-4616-4263-a779-76fa7f31005d?rule=feeds_1920x1080","https://www.fotocasa.es/Building/Building_Detail.aspx?ai=183941732&tti=2","2024-07-26","962470857","i.spacesandplaces.8869.36@inmovilla.com","No","Muy bueno","","No","No contactado","887","2","1","80","1200","15","4","Muy alta"
"milanuncios","520315610","Alquiler","Plurifamiliar","València","46021","Valencia","Valencia","Camins al Grau","Albors","39.4666727943","-0.3554582057","","Profesional","CM PROPERTIES","Sí","Sí","No","No","No","No","No","No","https://images.habimg.com/imgh/0190c89f-12b5-443e-83f9-a138a334657cG.jpg","https://www.milanuncios.com/anuncios/r520315610.htm","2024-07-23","962470759","cmproperties8e5d@realestate.com","No","","","No","No contactado","888","4","1","96","1250","13","7","Muy alta"
"Fotocasa","7654567898765456789876567898765678987656","Alquiler","Plurifamiliar","Piso en Alquiler en  Carrer de Just Vilar, El Cabanyal - El Canyamelar","46011","Valencia","Valencia","Poblats Marítims","El Cabanyal - El Canyamelar","39.46694269","-0.33320411","3º","Profesional","LIVE 4 LIFE","Sí","Sí","Sí","Sí","No","Sí","Sí","Sí","https://static.fotocasa.es/images/ads/57d64c3f-e659-4bd8-8fa6-a656869c06dd?rule=feeds_1920x1080","https://www.fotocasa.es/Building/Building_Detail.aspx?ai=183933829&tti=2","2024-07-25","962949801","dxxk@inbox.witei.com","No","Muy bueno","","No","No contactado","889","2","1","65","1300","20","5","Muy alta"
"Fotocasa","","Alquiler","Plurifamiliar","Piso en Alquiler en  Carrer d'Antoni Suárez, 40, Mestalla","46021","Valencia","Valencia","El Pla del Real","Mestalla","39.4699254","-0.3564856","","Particular","katia","Sí","Sí","Sí","Sí","No","No","No","No","","https://www.fotocasa.es/Building/Building_Detail.aspx?ai=177455744&tti=1","2023-04-13","624927461","katia@placeforyouspain.com","No","Muy bueno","","No","No contactado","890","2","1","75","1390","18","474","Muy alta"
"milanuncios","515487577","Alquiler","Plurifamiliar","València","46022","Valencia","Valencia","Algirós","L'Illa Perduda","39.4677729843","-0.3422175257","","Profesional","AYORA REAL ESTATE SL","Sí","Sí","No","No","No","No","No","No","https://images.habimg.com/imgh/08c8797c-7c3b-4cc3-82b9-ece75acee59cG.jpg","https://www.milanuncios.com/anuncios/r515487577.htm","2024-06-04","962645802","everlyhomeislaperdida59e3@realestate.com","No","","","No","No contactado","891","4","4","118","1950","16","56","Muy alta"
"habitaclia","P3502","Alquiler","Plurifamiliar","Vivienda en alquiler en Cortes Valencianas","","Valencia","Valencia","Benicalap","Barrio de Benicalap","39.4941755722","-0.3983848278","5","Profesional","Person Inmobiliaria","Sí","Sí","Sí","No","No","No","No","No","https://images.habimg.com/imgh/07f2b6ca-0603-41de-99bb-4364f49ea615G.jpg","https://www.habitaclia.com/i33945000001795","2024-07-23","605865417","info@personinmobiliaria.com","No","Muy bueno","","No","No contactado","892","1","1","60","1300","21","7","Muy alta"
"milanuncios","518155249","Alquiler","Plurifamiliar","València","46009","Valencia","Valencia","La Saïdia","Sant Antoni","39.4889493243","-0.3715790817","","Profesional","ARKIA Estudio de Edificación y Urbanismo  S L U","No","Sí","No","No","No","No","No","No","https://images.habimg.com/imgh/1149fd7e-afa6-47be-a278-595dc0985735G.jpg","https://www.milanuncios.com/anuncios/r518155249.htm","2024-07-01","961284638","arkiainmueblesarquitectura7069@realestate.com","No","","","No","No contactado","893","4","2","136","1800","13","29","Muy alta"
"habitaclia","00880VMC","Alquiler","Plurifamiliar","","","Valencia","Valencia","El Pla del Real","Ciutat Universitària","39.4792960722","-0.3547639278","0","Profesional","VALENCIA MA CASA","Sí","Sí","No","No","No","No","No","No","https://images.habimg.com/imgh/5f8de6d3-190a-44d8-b8c7-caf2bbb40c2cG.jpg","https://www.habitaclia.com/i32361000003215","2024-02-02","960714992<br> 655121880","info@valenciamacasa.com","No","Muy bueno","","No","No contactado","894","4","2","101","1400","13","179","Muy alta"
"milanuncios","517394630","Alquiler","Plurifamiliar","València","46023","Valencia","Valencia","Camins al Grau","La Creu del Grau","39.4614077943","-0.3408272057","","Profesional","PROYECTO GRAU VALENCIA 2017 SL","Sí","Sí","No","No","No","No","No","No","https://images.habimg.com/imgh/02348f5e-9911-4a2e-b0fe-267dd70d5e6eG.jpg","https://www.milanuncios.com/anuncios/r517394630.htm","2024-06-21","961286829","redpisovalenciagrau5b6b@realestate.com","No","","","No","No contactado","895","3","2","121","1500","12","39","Muy alta"
"habitaclia","4389908","Alquiler","Plurifamiliar","Piso excelente estado y ubicadotranquilo luminoso","46035","Valencia","Valencia","Benimàmet","","39.5008524","-0.4214918","3","Particular","","Sí","Sí","No","No","No","No","No","No","https://images.habimg.com/imgh/500-img4389909-222743779G.jpg","https://www.habitaclia.com/i500004389909","2022-05-20","636453046","evitacuenca@gmail.com","No","Muy bueno","","No","No contactado","896","2","2","80","1000","12","802","Muy alta"
"habitaclia","I-00L0AC-W-02W8S6","Alquiler","Plurifamiliar","Práctica vivienda en Avenida del Puerto","","Valencia","Valencia","Poblats Marítims","El Grau","39.4625240722","-0.3361079278","2","Profesional","Engel & Völkers","Sí","Sí","Sí","No","No","No","No","No","https://images.habimg.com/imgh/04852164-513f-4784-9690-444760e4a757G.jpg","https://www.habitaclia.com/i5953003369016","2024-06-25","963517897","valencia@engelvoelkers.com","No","Muy bueno","","No","No contactado","897","3","2","95","1490","15","35","Muy alta"
"habitaclia","I-00L0RL-W-02VQSS","Alquiler","Plurifamiliar","Luminosa vivienda junto a Jardines del Turia","","Valencia","Valencia","L'Eixample","Zona Gran Via","39.4655836072","-0.3636633928","2","Profesional","Engel & Völkers","Sí","Sí","No","No","No","No","No","No","https://images.habimg.com/imgh/10d34656-f6b3-42e1-969a-ebae73dffd78G.jpg","https://www.habitaclia.com/i5953003369147","2024-07-08","963517897","valencia@engelvoelkers.com","No","Muy bueno","","No","No contactado","898","4","2","120","2500","20","22","Muy alta"
"milanuncios","519501791","Alquiler","Plurifamiliar","València","46010","Valencia","Valencia","El Pla del Real","Exposició","39.4751459943","-0.3600400057","","Profesional","MRH GESTIONES INMOBILIARIAS","No","Sí","No","No","No","No","No","No","https://images.habimg.com/imgh/0835be52-b234-4318-a9ca-fd37f87d33aaG.jpg","https://www.milanuncios.com/anuncios/r519501791.htm","2024-07-15","962470837","mrhgestionesinmobiliariasaad1@realestate.com","No","","","No","No contactado","899","4","2","120","1600","13","15","Muy alta"
"habitaclia","341-4714","Alquiler","Plurifamiliar","Piso de un dormitorio de alquiler en calle Quart","","Valencia","Valencia","Extramurs","Zona Botánico","39.4754846166","-0.3851166344","2","Profesional","ALFA MISLATA","Sí","Sí","Sí","No","No","No","No","No","https://images.habimg.com/imgh/00e93482-aaad-4ccb-b82c-b73aef0911e5G.jpg","https://www.habitaclia.com/i36739000000322","2024-06-27","618740647","lyl@lopezylopez-af.es","No","Muy bueno","","No","No contactado","900","1","1","63","1000","15","5","Muy alta"
"milanuncios","517751469","Alquiler","Plurifamiliar","València","46023","Valencia","Valencia","Camins al Grau","La Creu del Grau","39.4644991012","-0.3447823988","","Profesional","MONALVA ASESORES JURIDICOS E INMOBILIARIOS  S L","No","Sí","No","No","No","No","No","No","https://images.habimg.com/imgh/12c12ba0-a186-44c1-bb9e-d10437040c8eG.jpg","https://www.milanuncios.com/anuncios/r517751469.htm","2024-06-26","962647198","grupomonalva2ae2@realestate.com","No","","","No","No contactado","901","2","1","64","899","14","6","Muy alta"
"habitaclia","4546720","Alquiler","Plurifamiliar","Apartamento totalmente reformado y exterior","46018","Valencia","Valencia","L'Olivereta","Tres Forques","39.4689499351","-0.4053991865","2","Particular","","Sí","Sí","No","No","No","No","No","No","https://images.habimg.com/imgh/500-img4546720-459728700G.jpg","https://www.habitaclia.com/i500004546720","2024-02-03","","carlos_marcos_69@hotmail.com","No","Muy bueno","","No","No contactado","902","2","1","78","1600","20","150","Muy alta"
"habitaclia","4389908","Alquiler","Plurifamiliar","Piso excelente estado y ubicadotranquilo luminoso","46035","Valencia","Valencia","Benimàmet","","39.5008524","-0.4214918","3","Particular","","Sí","Sí","No","No","No","No","No","No","https://images.habimg.com/imgh/500-img4389909-222743779G.jpg","https://www.habitaclia.com/i500004389909","2022-05-20","636453046","evitacuenca@gmail.com","No","Muy bueno","","No","No contactado","903","2","2","80","1000","12","774","Muy alta"
"habitaclia","01857VMC","Alquiler","Plurifamiliar","","","Valencia","Valencia","La Saïdia","Trinitat","39.4831314865","-0.3701677135","0","Profesional","VALENCIA MA CASA","Sí","Sí","No","No","No","No","No","No","https://images.habimg.com/imgh/0051b7f7-9d9c-4f81-b4a7-555f05039facG.jpg","https://www.habitaclia.com/i32361000002888","2023-10-23","960714992<br> 655121880","info@valenciamacasa.com","No","Muy bueno","","No","No contactado","904","3","2","100","1200","12","253","Muy alta"
"milanuncios","515715477","Alquiler","Plurifamiliar","València","46008","Valencia","Valencia","Extramurs","Zona Botánico","39.4747431012","-0.3832853988","2","Profesional","SERINFO 1998  S L","No","No","No","No","No","No","No","No","https://images.habimg.com/imgh/12c12d94-282e-44a7-b8cc-7a187acc07b7G.jpg","https://www.milanuncios.com/anuncios/r515715477.htm","2024-06-06","962641584","serinfo2d96@realestate.com","No","","","No","No contactado","905","1","1","60","900","15","26","Muy alta"
"habitaclia","474-02478.1","Alquiler","Plurifamiliar","ValenciaPiso","","Valencia","Valencia","Ciutat Vella","La Xerea","39.4739323786","-0.3704034214","5","Profesional","PRINCESA INMOBILIARIA","Sí","Sí","No","No","No","No","No","No","https://images.habimg.com/imgh/099fb895-78f0-4890-9944-bbce544fc2c6G.jpg","https://www.habitaclia.com/i8049003989283","2024-06-19","960963418","info@inmoprincesa.es","No","Muy bueno","","No","No contactado","906","3","2","140","2950","21","13","Muy alta"
"milanuncios","479709082","Alquiler","Plurifamiliar","València","46021","Valencia","Valencia","Algirós","Ciutat Jardí","39.4729601012","-0.3468698988","","Profesional","Valencia Ma Casa","Sí","Sí","No","No","No","No","No","No","https://images.habimg.com/imgh/1443139c-a31b-447f-b69a-d05a565e78c3G.jpg","https://www.milanuncios.com/anuncios/r479709082.htm","2023-03-08","962940167","valenciamacasa388d@realestate.com","No","","","No","No contactado","907","4","1","100","1300","13","482","Muy alta"
"Fotocasa","MOVA-VI-14-127","Alquiler","Plurifamiliar","Piso en Alquiler en El Saler","46012","Valencia","Valencia","El Saler","","39.3856308351","-0.3321391649","14º","Profesional","Zittus Managemet","No","No","No","No","No","No","No","No","https://static.fotocasa.es/images/anuncio/2024/05/28/183408748/3880999344.jpg?rule=feeds_1920x1080","https://www.fotocasa.es/Building/Building_Detail.aspx?ai=183408748&tti=2","2024-05-28","960990294","aimi-valencia@zittus.com","No","Muy bueno","","No","No contactado","908","3","2","90","1570","17","35","Muy alta"
"habitaclia","01741VMC","Alquiler","Plurifamiliar","","","Valencia","Valencia","Ciutat Vella","La Xerea","39.4736217865","-0.3712582135","0","Profesional","VALENCIA MA CASA","Sí","No","No","No","No","No","No","No","https://images.habimg.com/imgh/6179e1df-4d75-4403-b4ba-b4b3438242b3G.jpg","https://www.habitaclia.com/i32361000002782","2023-10-11","960714992<br> 655121880","info@valenciamacasa.com","No","Muy bueno","","No","No contactado","909","2","2","90","2000","22","265","Muy alta"
"milanuncios","518508858","Alquiler","Plurifamiliar","València","46025","Valencia","Valencia","Benicalap","Ciutat Fallera","39.5005498179","-0.3933255821","5","Profesional","GRUPO 90 CENTRAL","No","No","No","No","No","No","No","No","https://images.habimg.com/imgh/01198d87-fd85-4355-8b07-85cd49ee4104G.jpg","https://www.milanuncios.com/anuncios/r518508858.htm","2024-07-05","963489732","grupo90centrale9ab@realestate.com","No","","","No","No contactado","910","3","1","88","1200","13","13","Muy alta"
"milanuncios","518042905","Alquiler","Plurifamiliar","Zaidía - C/ de Sarrión","46009","Valencia","Valencia","La Saïdia","Tormos","39.4880069","-0.3780866","2","Particular","","No","No","No","No","No","No","No","No","","https://www.milanuncios.com/anuncios/r518042905.htm","2024-06-29","","","No","","","No","No contactado","911","3","1","100","1200","12","3","Muy alta"
"milanuncios","479709082","Alquiler","Plurifamiliar","València","46021","Valencia","Valencia","Algirós","Ciutat Jardí","39.4729601012","-0.3468698988","","Profesional","Valencia Ma Casa","Sí","Sí","No","No","No","No","No","No","https://images.habimg.com/imgh/1443139c-a31b-447f-b69a-d05a565e78c3G.jpg","https://www.milanuncios.com/anuncios/r479709082.htm","2023-03-08","962940167","valenciamacasa388d@realestate.com","No","","","No","No contactado","912","4","1","100","1300","13","482","Muy alta"
"milanuncios","517343448","Alquiler","Plurifamiliar","València","46018","Valencia","Valencia","Patraix","Barrio de Patraix","39.4664250352","-0.3879287318","","Profesional","Spaces Places","Sí","Sí","No","No","No","No","No","No","https://images.habimg.com/imgh/004ae209-431f-4836-b364-dfd61466a5bdG.jpg","https://www.milanuncios.com/anuncios/r517343448.htm","2024-06-20","962470278","spacesplaces120d@realestate.com","No","","","No","No contactado","913","4","2","100","1400","14","12","Muy alta"
"milanuncios","518042905","Alquiler","Plurifamiliar","Zaidía - C/ de Sarrión","46009","Valencia","Valencia","La Saïdia","Tormos","39.4880069","-0.3780866","2","Particular","","No","No","No","No","No","No","No","No","","https://www.milanuncios.com/anuncios/r518042905.htm","2024-06-29","","","No","","","No","No contactado","914","3","1","100","1200","12","3","Muy alta"
"milanuncios","518262457","Alquiler","Plurifamiliar","València","46008","Valencia","Valencia","Extramurs","La Petxina","39.476383395","-0.392067505","","Profesional","RACASA TORRES DE QUART","No","Sí","No","No","No","No","No","No","https://images.habimg.com/imgh/11d2e758-ba94-4dfe-ac1a-80e01f80b515G.jpg","https://www.milanuncios.com/anuncios/r518262457.htm","2024-07-02","960965722","racasatorresdequart674e@realestate.com","No","","","No","No contactado","915","4","2","127","1100","8","3","Muy alta"
"milanuncios","514128580","Alquiler","Unifamiliar","Ciudad de las Artes y las Ciencias - C/","46013","Valencia","Valencia","Quatre Carreres","Ciutat de les Ciències i de les Arts - Justicia","39.4534032","-0.3591977","12","Particular","","Sí","Sí","No","No","Sí","No","No","No","","https://www.milanuncios.com/anuncios/r514128580.htm","2024-05-20","","","No","","","No","No contactado","916","1","1","45","1200","26","43","Muy alta"
"habitaclia","4451632","Alquiler","Plurifamiliar","El piso nuevo, moderno, centrico","46010","Valencia","Valencia","La Saïdia","Trinitat","39.4822363","-0.372474","1","Particular","","No","Sí","No","No","No","No","No","No","https://images.habimg.com/imgh/500-img4451632-289405739G.jpg","https://www.habitaclia.com/i500004451632","2022-12-05","622333960","estetica.devison@gmail.com","No","Muy bueno","","No","No contactado","917","3","2","100","2600","26","575","Muy alta"
"milanuncios","513213843","Alquiler","Plurifamiliar","Valencia Este","46011","Valencia","Valencia","Poblats Marítims","El Cabanyal - El Canyamelar","39.4747941012","-0.3268078988","","Profesional","THE SIMPLE RENT LUXURY PROPERTIES SL","Sí","Sí","No","No","Sí","No","No","No","https://images.habimg.com/imgh/26779-img9335-475109960G.jpg","https://www.milanuncios.com/anuncios/r513213843.htm","2024-05-10","644546476","thesimplerent5092@realestate.com","No","","","No","No contactado","918","1","1","60","975","16","53","Muy alta"
"habitaclia","5161","Alquiler","Plurifamiliar","PISO EN CALLE BARRACA 4 HABITACIONES Y 2 BAÑOS NO SE ALQUILA A ESTUDIANTES","","Valencia","Valencia","Poblats Marítims","El Cabanyal - El Canyamelar","39.4663417618","-0.3298335382","2","Profesional","FRANCISCA MAYOR","No","Sí","No","No","No","No","No","No","https://images.habimg.com/imgh/03750f13-3e3f-4b36-a478-84c0925d62aeG.jpg","https://www.habitaclia.com/i27876000001133","2024-07-04","963551699","inmobiliaria@franciscamayor.com,bmz@inbox.witei.com","No","Muy bueno","","No","No contactado","919","4","2","111","1100","9","1","Muy alta"
"milanuncios","517795238","Alquiler","Plurifamiliar","València","46010","Valencia","Valencia","El Pla del Real","Exposició","39.4745241614","-0.3620471386","","Profesional","FERNANDEZ MARTINEZ MARIA DOLORES","No","Sí","No","No","No","No","No","No","https://images.habimg.com/imgh/1c1ab9a7-ff6d-4421-830c-2c8cd0b81a1dG.jpg","https://www.milanuncios.com/anuncios/r517795238.htm","2024-06-26","961286147","areaadministraciones02df@realestate.com","No","","","No","No contactado","920","1","1","55","700","12","29","Muy alta"
"milanuncios","517869882","Alquiler","Plurifamiliar","València","46035","Valencia","Valencia","Benimàmet","","39.5013947849","-0.4183314477","Bajos","Profesional","Homelife Valencia Real Estate","No","Sí","No","No","No","No","No","No","https://images.habimg.com/imgh/26df3fde-57c6-4cd9-8be8-3dd2d2e6e0d0G.jpg","https://www.milanuncios.com/anuncios/r517869882.htm","2024-06-27","962948734","homelifevalenciarealestatecb25@realestate.com","No","","","No","No contactado","921","3","2","101","900","8","8","Muy alta"
"milanuncios","517687056","Alquiler","Plurifamiliar","València","46006","Valencia","Valencia","Quatre Carreres","En Corts - Doctor Waksman","39.4569697334","-0.3714687441","","Profesional","Spaces Places","Sí","Sí","No","No","No","No","No","No","https://images.habimg.com/imgh/07090b24-df10-49c8-8e84-4657267576b0G.jpg","https://www.milanuncios.com/anuncios/r517687056.htm","2024-06-25","962470857","spacesplaces120d@realestate.com","No","","","No","No contactado","922","3","1","85","1490","17","22","Muy alta"
"milanuncios","517751469","Alquiler","Plurifamiliar","València","46023","Valencia","Valencia","Camins al Grau","La Creu del Grau","39.4644991012","-0.3447823988","","Profesional","MONALVA ASESORES JURIDICOS E INMOBILIARIOS  S L","No","Sí","No","No","No","No","No","No","https://images.habimg.com/imgh/12c12ba0-a186-44c1-bb9e-d10437040c8eG.jpg","https://www.milanuncios.com/anuncios/r517751469.htm","2024-06-26","962647198","grupomonalva2ae2@realestate.com","No","","","No","No contactado","923","2","1","64","899","14","6","Muy alta"
"habitaclia","4600-001509-03","Alquiler","Plurifamiliar","Piso Av. Peris y Valero VALENCIA","","Valencia","Valencia","Quatre Carreres","Malilla","39.4563864786","-0.3763849214","0","Profesional","Alquiler Seguro","Sí","Sí","Sí","No","No","No","No","No","https://images.habimg.com/imgh/057f7dc2-0f46-4e84-a00b-31d93b05d6faG.jpg","https://www.habitaclia.com/i30234000016915","2024-06-29","637507371","cmena@alquilerseguro.es","No","Muy bueno","","No","No contactado","924","3","2","80","1200","15","3","Muy alta"
"habitaclia","01857VMC","Alquiler","Plurifamiliar","","","Valencia","Valencia","La Saïdia","Trinitat","39.4831314865","-0.3701677135","0","Profesional","VALENCIA MA CASA","Sí","Sí","No","No","No","No","No","No","https://images.habimg.com/imgh/0051b7f7-9d9c-4f81-b4a7-555f05039facG.jpg","https://www.habitaclia.com/i32361000002888","2023-10-23","960714992<br> 655121880","info@valenciamacasa.com","No","Muy bueno","","No","No contactado","925","3","2","100","1200","12","253","Muy alta"
"milanuncios","517394918","Alquiler","Plurifamiliar","València","46006","Valencia","Valencia","L'Eixample","Russafa","39.4616248679","-0.3747834321","","Profesional","SERVICIOS FINANCIEROS E INMOBILIARIOS INFOAREA  S","No","Sí","No","No","No","No","No","No","https://images.habimg.com/imgh/005b52a0-4d41-4fbf-84ec-9fc08f0959b2G.jpg","https://www.milanuncios.com/anuncios/r517394918.htm","2024-06-21","960963929","infoarea37d8@realestate.com","No","","","No","No contactado","926","3","1","80","1300","16","21","Muy alta"
"milanuncios","506422492","Alquiler","Plurifamiliar","Valencia","46012","Valencia","Valencia","El Saler","","39.3645559179","-0.3192090821","","Profesional","EV MMC SPAIN  S L U","No","Sí","No","No","No","No","No","No","https://images.habimg.com/imgh/09f584dc-87aa-4dbe-9dd9-b0f2995c6838G.jpg","https://www.milanuncios.com/anuncios/r506422492.htm","2024-02-13","961287313","engelvolkers809d@realestate.com","No","","","No","No contactado","927","2","1","110","1300","11","156","Muy alta"
"habitaclia","621263","Alquiler","Plurifamiliar","","","Valencia","Valencia","L'Eixample","Russafa","39.4650906865","-0.3766363135","0","Profesional","Uniplaces","Sí","Sí","No","No","No","No","No","No","https://images.habimg.com/imgh/04273ecf-0bc4-4b8c-8837-0997e0e43eb6G.jpg","https://www.habitaclia.com/i50824000000933","2024-05-06","691111788","sofia.fonseca@uniplaces.com","No","Muy bueno","","No","No contactado","928","2","2","138","2200","15","57","Muy alta"
"milanuncios","501742928","Alquiler","Plurifamiliar","Valencia","46003","Valencia","Valencia","Ciutat Vella","La Xerea","39.4738307614","-0.3739315386","","Profesional","DOMENECH BOYE ANTONIO","No","Sí","No","No","No","No","No","No","https://images.habimg.com/imgh/13768666-0984-4335-81f5-e39636ce5367G.jpg","https://www.milanuncios.com/anuncios/r501742928.htm","2023-11-15","962948379","domenechyasociados3368@realestate.com","No","","","No","No contactado","929","3","2","140","1100","7","253","Muy alta"
"milanuncios","514335446","Alquiler","Plurifamiliar","Algirós - Carrer de l''Escultor Alfons G","46022","Valencia","Valencia","Algirós","Ciutat Jardí","39.4751319885","-0.3465603888","8","Particular","","No","Sí","No","No","Sí","No","No","No","","https://www.milanuncios.com/anuncios/r514335446.htm","2024-05-22","","","No","","","No","No contactado","930","2","1","68","1200","17","41","Muy alta"
"milanuncios","514335446","Alquiler","Plurifamiliar","Algirós - Carrer de l''Escultor Alfons G","46022","Valencia","Valencia","Algirós","Ciutat Jardí","39.4751319885","-0.3465603888","8","Particular","","No","Sí","No","No","Sí","No","No","No","","https://www.milanuncios.com/anuncios/r514335446.htm","2024-05-22","","","No","","","No","No contactado","931","2","1","68","1200","17","41","Muy alta"
"milanuncios","515377504","Alquiler","Plurifamiliar","València","46003","Valencia","Valencia","Ciutat Vella","El Carme","39.4764399118","-0.3825498882","","Profesional","RACASA TORRES DE QUART","No","Sí","No","No","No","No","No","No","https://images.habimg.com/imgh/0941afc6-d207-4180-9246-715c3e249df5G.jpg","https://www.milanuncios.com/anuncios/r515377504.htm","2024-06-03","960965722","racasatorresdequart674e@realestate.com","No","","","No","No contactado","932","1","1","60","1000","16","51","Muy alta"
"habitaclia","E076-01183","Alquiler","Plurifamiliar","Alquiler de apartamento en el centro de Valencia!!","","Valencia","Valencia","Ciutat Vella","Sant Francesc","39.4702978016","-0.3732049734","0","Profesional","Primer Grupo Turia","Sí","Sí","No","No","No","No","No","No","https://images.habimg.com/imgh/09e53701-0bf2-419f-a28d-b61524ddef57G.jpg","https://www.habitaclia.com/i12140000000468","2024-01-31","960712509","ofranco@primergrupo.com,i.primergrupoturia.4823@inmovilla.com","No","Muy bueno","","No","No contactado","933","1","1","63","1050","16","153","Muy alta"
"habitaclia","1771","Alquiler","Plurifamiliar","","","Valencia","Valencia","La Saïdia","Tormos","39.4912576786","-0.3759379214","0","Profesional","ALAMEDA 10DT","Sí","Sí","No","No","No","No","No","No","https://images.habimg.com/imgh/043b6506-ec25-4ca2-ba76-0aa7d2507fe3G.jpg","https://www.habitaclia.com/i43366000000843","2024-06-28","690062272","info@alameda10dt.com","No","Muy bueno","","No","No contactado","934","3","1","90","975","10","4","Muy alta"
"Fotocasa","","Alquiler","Plurifamiliar","Piso en Alquiler en  Carrer de la Guàrdia Civil, 20, Barrio de Benimaclet","46020","Valencia","Valencia","Benimaclet","Barrio de Benimaclet","39.481458","-0.3566545","","Particular","yolyfrcf","Sí","Sí","No","No","Sí","No","No","No","","https://www.fotocasa.es/Building/Building_Detail.aspx?ai=183699258&tti=1","2024-06-28","678851851","yolyfrcf@gmail.com","No","Muy bueno","","No","No contactado","935","3","2","110","1300","11","4","Muy alta"
"habitaclia","10002611","Alquiler","Plurifamiliar","PISO EN CAMINO REAL","","Valencia","Valencia","Jesús","Camí Real","39.4393408875","-0.3888077085","0","Profesional","Icon Inmobiliaria","No","Sí","No","No","No","No","No","No","https://images.habimg.com/imgh/0eaa1a43-e4cb-43fe-b567-768010729ad2G.jpg","https://www.habitaclia.com/i32900000000962","2024-05-29","650953413","info@iconinmobiliaria.es","No","Muy bueno","","No","No contactado","936","2","1","73","1200","16","34","Muy alta"
"habitaclia","QCPU0185YZ","Alquiler","Plurifamiliar","Piso residencial en alquiler en nueva zona La Punta","","Valencia","Valencia","Quatre Carreres","La Punta","39.4503803565","-0.3387445935","0","Profesional","Spaces&Places","Sí","Sí","Sí","No","No","No","No","No","https://images.habimg.com/imgh/076ff42e-c97b-4b84-af29-e090c0dbad5dG.jpg","https://www.habitaclia.com/i47584000000239","2024-04-12","635919795","info@spacesplaces.es","No","Muy bueno","","No","No contactado","937","3","2","88","1300","14","81","Muy alta"
"habitaclia","443","Alquiler","Plurifamiliar","Piso en Alquiler para estudiantes Malvarrosa","","Valencia","Valencia","Poblats Marítims","La Malva-rosa","39.4835261088","-0.328906014","1","Profesional","EnmetroS Inmobiliaria","Sí","Sí","No","No","No","No","No","No","https://images.habimg.com/imgh/00e171ac-d3d1-4883-87de-792b361d423bG.jpg","https://www.habitaclia.com/i37806000000258","2024-06-21","653572557","infoenmetros@gmail.com","No","Muy bueno","","No","No contactado","938","4","1","120","1380","11","11","Muy alta"
"habitaclia","621263","Alquiler","Plurifamiliar","","","Valencia","Valencia","L'Eixample","Russafa","39.4650906865","-0.3766363135","0","Profesional","Uniplaces","Sí","Sí","No","No","No","No","No","No","https://images.habimg.com/imgh/04273ecf-0bc4-4b8c-8837-0997e0e43eb6G.jpg","https://www.habitaclia.com/i50824000000933","2024-05-06","691111788","sofia.fonseca@uniplaces.com","No","Muy bueno","","No","No contactado","939","2","2","138","2200","15","57","Muy alta"
"milanuncios","518453326","Alquiler","Plurifamiliar","Penya-Roja - C. de l''Antiga Senda d''En","46023","Valencia","Valencia","El Pla del Real","Mestalla","39.4661909","-0.3584813","2","Particular","","No","Sí","No","No","Sí","No","Sí","No","","https://www.milanuncios.com/anuncios/r518453326.htm","2024-07-04","","","No","","","No","No contactado","940","2","1","84","1500","17","6","Muy alta"
"habitaclia","4573349","Alquiler","Plurifamiliar","Estudio acogedor ubicacion perfecta","46022","Valencia","Valencia","Camins al Grau","Aiora","39.4629871","-0.3397726","0","Particular","","Sí","No","No","No","No","No","No","No","https://images.habimg.com/imgh/500-img4573349-477684269G.jpg","https://www.habitaclia.com/i500004573349","2024-06-17","604262719","soriamacarena@gmail.com","No","Muy bueno","","No","No contactado","941","1","1","35","2940","84","15","Muy alta"
"habitaclia","443","Alquiler","Plurifamiliar","Piso en Alquiler para estudiantes Malvarrosa","","Valencia","Valencia","Poblats Marítims","La Malva-rosa","39.4835261088","-0.328906014","1","Profesional","EnmetroS Inmobiliaria","Sí","Sí","No","No","No","No","No","No","https://images.habimg.com/imgh/00e171ac-d3d1-4883-87de-792b361d423bG.jpg","https://www.habitaclia.com/i37806000000258","2024-06-21","653572557","infoenmetros@gmail.com","No","Muy bueno","","No","No contactado","942","4","1","120","1380","11","11","Muy alta"
"habitaclia","1771","Alquiler","Plurifamiliar","","","Valencia","Valencia","La Saïdia","Tormos","39.4912576786","-0.3759379214","0","Profesional","ALAMEDA 10DT","Sí","Sí","No","No","No","No","No","No","https://images.habimg.com/imgh/043b6506-ec25-4ca2-ba76-0aa7d2507fe3G.jpg","https://www.habitaclia.com/i43366000000843","2024-06-28","690062272","info@alameda10dt.com","No","Muy bueno","","No","No contactado","943","3","1","90","975","10","4","Muy alta"
"habitaclia","E076-01183","Alquiler","Plurifamiliar","Alquiler de apartamento en el centro de Valencia!!","","Valencia","Valencia","Ciutat Vella","Sant Francesc","39.4702978016","-0.3732049734","0","Profesional","Primer Grupo Turia","Sí","Sí","No","No","No","No","No","No","https://images.habimg.com/imgh/09e53701-0bf2-419f-a28d-b61524ddef57G.jpg","https://www.habitaclia.com/i12140000000468","2024-01-31","960712509","ofranco@primergrupo.com,i.primergrupoturia.4823@inmovilla.com","No","Muy bueno","","No","No contactado","944","1","1","63","1050","16","153","Muy alta"
"milanuncios","514128580","Alquiler","Unifamiliar","Ciudad de las Artes y las Ciencias - C/","46013","Valencia","Valencia","Quatre Carreres","Ciutat de les Ciències i de les Arts - Justicia","39.4534032","-0.3591977","12","Particular","","Sí","Sí","No","No","Sí","No","No","No","","https://www.milanuncios.com/anuncios/r514128580.htm","2024-05-20","","","No","","","No","No contactado","945","1","1","45","1200","26","43","Muy alta"
"habitaclia","4451632","Alquiler","Plurifamiliar","El piso nuevo, moderno, centrico","46010","Valencia","Valencia","La Saïdia","Trinitat","39.4822363","-0.372474","1","Particular","","No","Sí","No","No","No","No","No","No","https://images.habimg.com/imgh/500-img4451632-289405739G.jpg","https://www.habitaclia.com/i500004451632","2022-12-05","622333960","estetica.devison@gmail.com","No","Muy bueno","","No","No contactado","946","3","2","100","2600","26","575","Muy alta"
"habitaclia","01741VMC","Alquiler","Plurifamiliar","","","Valencia","Valencia","Ciutat Vella","La Xerea","39.4736217865","-0.3712582135","0","Profesional","VALENCIA MA CASA","Sí","No","No","No","No","No","No","No","https://images.habimg.com/imgh/6179e1df-4d75-4403-b4ba-b4b3438242b3G.jpg","https://www.habitaclia.com/i32361000002782","2023-10-11","960714992<br> 655121880","info@valenciamacasa.com","No","Muy bueno","","No","No contactado","947","2","2","90","2000","22","265","Muy alta"
"habitaclia","4546720","Alquiler","Plurifamiliar","Apartamento totalmente reformado y exterior","46018","Valencia","Valencia","L'Olivereta","Tres Forques","39.4689499351","-0.4053991865","2","Particular","","Sí","Sí","No","No","No","No","No","No","https://images.habimg.com/imgh/500-img4546720-459728700G.jpg","https://www.habitaclia.com/i500004546720","2024-02-03","","carlos_marcos_69@hotmail.com","No","Muy bueno","","No","No contactado","948","2","1","78","1600","20","150","Muy alta"
"habitaclia","10002611","Alquiler","Plurifamiliar","PISO EN CAMINO REAL","","Valencia","Valencia","Jesús","Camí Real","39.4393408875","-0.3888077085","0","Profesional","Icon Inmobiliaria","No","Sí","No","No","No","No","No","No","https://images.habimg.com/imgh/0eaa1a43-e4cb-43fe-b567-768010729ad2G.jpg","https://www.habitaclia.com/i32900000000962","2024-05-29","650953413","info@iconinmobiliaria.es","No","Muy bueno","","No","No contactado","949","2","1","73","1200","16","34","Muy alta"
"milanuncios","479722298","Alquiler","Plurifamiliar","València","46020","Valencia","Valencia","Benimaclet","Barrio de Benimaclet","39.4830201012","-0.3539898988","","Profesional","Valencia Ma Casa","Sí","Sí","No","No","No","No","No","No","https://images.habimg.com/imgh/0caeec98-02d1-46d8-ab9d-162e4a0408b5G.jpg","https://www.milanuncios.com/anuncios/r479722298.htm","2023-03-08","962940167","valenciamacasa388d@realestate.com","No","","","No","No contactado","950","3","2","100","1200","12","482","Muy alta"
"milanuncios","515715477","Alquiler","Plurifamiliar","València","46008","Valencia","Valencia","Extramurs","Zona Botánico","39.4747431012","-0.3832853988","2","Profesional","SERINFO 1998  S L","No","No","No","No","No","No","No","No","https://images.habimg.com/imgh/12c12d94-282e-44a7-b8cc-7a187acc07b7G.jpg","https://www.milanuncios.com/anuncios/r515715477.htm","2024-06-06","962641584","serinfo2d96@realestate.com","No","","","No","No contactado","951","1","1","60","900","15","26","Muy alta"
"habitaclia","4389908","Alquiler","Plurifamiliar","Piso excelente estado y ubicadotranquilo luminoso","46035","Valencia","Valencia","Benimàmet","","39.5008524","-0.4214918","3","Particular","","Sí","Sí","No","No","No","No","No","No","https://images.habimg.com/imgh/500-img4389909-222743779G.jpg","https://www.habitaclia.com/i500004389909","2022-05-20","636453046","evitacuenca@gmail.com","No","Muy bueno","","No","No contactado","952","2","2","80","1000","12","774","Muy alta"
"habitaclia","QCPU0185YZ","Alquiler","Plurifamiliar","Piso residencial en alquiler en nueva zona La Punta","","Valencia","Valencia","Quatre Carreres","La Punta","39.4503803565","-0.3387445935","0","Profesional","Spaces&Places","Sí","Sí","Sí","No","No","No","No","No","https://images.habimg.com/imgh/076ff42e-c97b-4b84-af29-e090c0dbad5dG.jpg","https://www.habitaclia.com/i47584000000239","2024-04-12","635919795","info@spacesplaces.es","No","Muy bueno","","No","No contactado","953","3","2","88","1300","14","81","Muy alta"
"habitaclia","BC2220","Alquiler","Plurifamiliar","PRECIOSO APARTAMENTO EN PLA DEL REAL","","Valencia","Valencia","El Pla del Real","Mestalla","39.4699740865","-0.3574065135","4","Profesional","BENICASA 2002 SERVICIOS INMOBILIARIOS","No","Sí","Sí","No","No","No","No","No","https://images.habimg.com/imgh/06242b25-f261-4620-af95-2fa469f87217G.jpg","https://www.habitaclia.com/i41070000001487","2024-06-21","963656620","serviciosinmobiliariosbc2002@outlook.es","No","Muy bueno","","No","No contactado","954","1","1","60","1200","20","11","Muy alta"
"habitaclia","4573349","Alquiler","Plurifamiliar","Estudio acogedor ubicacion perfecta","46022","Valencia","Valencia","Camins al Grau","Aiora","39.4629871","-0.3397726","0","Particular","","Sí","No","No","No","No","No","No","No","https://images.habimg.com/imgh/500-img4573349-477684269G.jpg","https://www.habitaclia.com/i500004573349","2024-06-17","604262719","soriamacarena@gmail.com","No","Muy bueno","","No","No contactado","955","1","1","35","2940","84","15","Muy alta"
"Fotocasa","MOVA-VI-14-127","Alquiler","Plurifamiliar","Piso en Alquiler en El Saler","46012","Valencia","Valencia","El Saler","","39.3856308351","-0.3321391649","14º","Profesional","Zittus Managemet","No","No","No","No","No","No","No","No","https://static.fotocasa.es/images/anuncio/2024/05/28/183408748/3880999344.jpg?rule=feeds_1920x1080","https://www.fotocasa.es/Building/Building_Detail.aspx?ai=183408748&tti=2","2024-05-28","960990294","aimi-valencia@zittus.com","No","Muy bueno","","No","No contactado","956","3","2","90","1570","17","35","Muy alta"
"milanuncios","479715634","Alquiler","Plurifamiliar","València","46010","Valencia","Valencia","El Pla del Real","Ciutat Universitària","39.4793101012","-0.3547498988","","Profesional","Valencia Ma Casa","Sí","Sí","No","No","No","No","No","No","https://images.habimg.com/imgh/5f8de6d3-190a-44d8-b8c7-caf2bbb40c2cG.jpg","https://www.milanuncios.com/anuncios/r479715634.htm","2023-03-08","962940167","valenciamacasa388d@realestate.com","No","","","No","No contactado","957","4","2","101","1400","13","482","Muy alta"
"habitaclia","443","Alquiler","Plurifamiliar","Piso en Alquiler para estudiantes Malvarrosa","","Valencia","Valencia","Poblats Marítims","La Malva-rosa","39.4834823991","-0.3289497237","1","Profesional","EnmetroS Inmobiliaria","Sí","Sí","No","No","No","No","No","No","https://images.habimg.com/imgh/00e171ac-d3d1-4883-87de-792b361d423bG.jpg","https://www.habitaclia.com/i37806000000258","2024-06-21","653572557","inmoenmetros@gmail.com","No","Muy bueno","","No","No contactado","958","4","1","120","1380","11","20","Muy alta"
"habitaclia","4600-001509-03","Alquiler","Plurifamiliar","Piso Av. Peris y Valero VALENCIA","","Valencia","Valencia","Quatre Carreres","Malilla","39.4563864786","-0.3763849214","0","Profesional","Alquiler Seguro","Sí","Sí","Sí","No","No","No","No","No","https://images.habimg.com/imgh/057f7dc2-0f46-4e84-a00b-31d93b05d6faG.jpg","https://www.habitaclia.com/i30234000016915","2024-06-29","637507371","cmena@alquilerseguro.es","No","Muy bueno","","No","No contactado","959","3","2","80","1200","15","3","Muy alta"
"habitaclia","BC2220","Alquiler","Plurifamiliar","PRECIOSO APARTAMENTO EN PLA DEL REAL","","Valencia","Valencia","El Pla del Real","Mestalla","39.4699740865","-0.3574065135","4","Profesional","BENICASA 2002 SERVICIOS INMOBILIARIOS","No","Sí","Sí","No","No","No","No","No","https://images.habimg.com/imgh/06242b25-f261-4620-af95-2fa469f87217G.jpg","https://www.habitaclia.com/i41070000001487","2024-06-21","963656620","serviciosinmobiliariosbc2002@outlook.es","No","Muy bueno","","No","No contactado","960","1","1","60","1200","20","11","Muy alta"
"milanuncios","518049011","Alquiler","Plurifamiliar","Avenida de Francia","46022","Valencia","Valencia","Camins al Grau","Aiora","39.4712623058","-0.346470684","5","Particular","","No","Sí","No","No","No","No","No","No","","https://www.milanuncios.com/anuncios/r518049011.htm","2024-06-30","","","No","","","No","No contactado","961","1","1","15","400","26","2","Muy alta"
"habitaclia","P3411","Alquiler","Plurifamiliar","Piso en alquiler en Ciutat vella","","Valencia","Valencia","Ciutat Vella","El Pilar","39.4730337598","-0.3810623402","1","Profesional","Person Inmobiliaria","Sí","No","No","No","No","No","No","No","https://images.habimg.com/imgh/254a539a-2f38-4dd4-9209-8396b0ec2e63G.jpg","https://www.habitaclia.com/i33945000001725","2024-06-17","605865417","info@personinmobiliaria.com","No","Muy bueno","","No","No contactado","962","2","2","85","1250","14","39","Muy alta"
"milanuncios","513213843","Alquiler","Plurifamiliar","Valencia Este","46011","Valencia","Valencia","Poblats Marítims","El Cabanyal - El Canyamelar","39.4747941012","-0.3268078988","","Profesional","THE SIMPLE RENT LUXURY PROPERTIES SL","Sí","Sí","No","No","Sí","No","No","No","https://images.habimg.com/imgh/26779-img9335-475109960G.jpg","https://www.milanuncios.com/anuncios/r513213843.htm","2024-05-10","644546476","thesimplerent5092@realestate.com","No","","","No","No contactado","963","1","1","60","975","16","53","Muy alta"
"milanuncios","518735783","Alquiler","Plurifamiliar","València","46021","Valencia","Valencia","Algirós","La Bega Baixa - Plaza Xúquer","39.4770467223","-0.3485044847","","Profesional","Spaces Places","No","Sí","No","No","No","No","No","No","https://images.habimg.com/imgh/1ad8cf43-23ce-4ed9-bfa4-5e23a9bca2d4G.jpg","https://www.milanuncios.com/anuncios/r518735783.htm","2024-07-09","962470857","spacesplaces120d@realestate.com","No","","","No","No contactado","964","5","2","150","1800","12","7","Muy alta"
"milanuncios","479715634","Alquiler","Plurifamiliar","València","46010","Valencia","Valencia","El Pla del Real","Ciutat Universitària","39.4793101012","-0.3547498988","","Profesional","Valencia Ma Casa","Sí","Sí","No","No","No","No","No","No","https://images.habimg.com/imgh/5f8de6d3-190a-44d8-b8c7-caf2bbb40c2cG.jpg","https://www.milanuncios.com/anuncios/r479715634.htm","2023-03-08","962940167","valenciamacasa388d@realestate.com","No","","","No","No contactado","965","4","2","101","1400","13","482","Muy alta"
"habitaclia","017413","Alquiler","Plurifamiliar","Piso en alquiler Arrancapins","","Valencia","Valencia","Extramurs","Arrancapins","39.4667284973","-0.3915817027","7","Profesional","KASABIBA","No","Sí","No","No","No","No","No","No","https://images.habimg.com/imgh/048fd43d-aa64-4a69-8458-025eef37713bG.jpg","https://www.habitaclia.com/i8448000009247","2024-07-16","963.854.700","kasabiba@kasabiba.com","No","Muy bueno","","No","No contactado","966","1","1","65","700","10","1","Muy alta"
"milanuncios","516413673","Alquiler","Plurifamiliar","València","46006","Valencia","Valencia","L'Eixample","Russafa","39.4639936886","-0.3729563114","","Profesional","EV MMC SPAIN  S L U","Sí","No","No","No","No","No","No","No","https://images.habimg.com/imgh/0cdc0138-afbb-4065-8e6a-019f7eac1ec9G.jpg","https://www.milanuncios.com/anuncios/r516413673.htm","2024-06-12","961287313","engelvolkers809d@realestate.com","No","","","No","No contactado","967","1","1","84","1500","17","37","Muy alta"
"habitaclia","341-4714","Alquiler","Plurifamiliar","Piso de un dormitorio de alquiler en calle Quart","","Valencia","Valencia","Extramurs","Zona Botánico","39.4754846166","-0.3851166344","2","Profesional","ALFA MISLATA","Sí","Sí","Sí","No","No","No","No","No","https://images.habimg.com/imgh/00e93482-aaad-4ccb-b82c-b73aef0911e5G.jpg","https://www.habitaclia.com/i36739000000322","2024-06-27","618740647","lyl@lopezylopez-af.es","No","Muy bueno","","No","No contactado","968","1","1","63","1000","15","5","Muy alta"
"milanuncios","517727730","Alquiler","Plurifamiliar","València","46006","Valencia","Valencia","L'Eixample","Russafa","39.463074668","-0.374557332","3","Profesional","EV MMC SPAIN  S L U","No","No","No","No","No","No","No","No","https://images.habimg.com/imgh/5a1e62c3-0491-47ed-bc32-6adc1a86ca38G.jpg","https://www.milanuncios.com/anuncios/r517727730.htm","2024-06-26","961287313","engelvolkers809d@realestate.com","No","","","No","No contactado","969","2","1","73","1200","16","12","Muy alta"
"habitaclia","474-02478.1","Alquiler","Plurifamiliar","ValenciaPiso","","Valencia","Valencia","Ciutat Vella","La Xerea","39.4739323786","-0.3704034214","5","Profesional","PRINCESA INMOBILIARIA","Sí","Sí","No","No","No","No","No","No","https://images.habimg.com/imgh/099fb895-78f0-4890-9944-bbce544fc2c6G.jpg","https://www.habitaclia.com/i8049003989283","2024-06-19","960963418","info@inmoprincesa.es","No","Muy bueno","","No","No contactado","970","3","2","140","2950","21","13","Muy alta"
"Fotocasa","","Alquiler","Plurifamiliar","Piso en Alquiler en  Carrer de la Guàrdia Civil, 20, Barrio de Benimaclet","46020","Valencia","Valencia","Benimaclet","Barrio de Benimaclet","39.481458","-0.3566545","","Particular","yolyfrcf","Sí","Sí","No","No","Sí","No","No","No","","https://www.fotocasa.es/Building/Building_Detail.aspx?ai=183699258&tti=1","2024-06-28","678851851","yolyfrcf@gmail.com","No","Muy bueno","","No","No contactado","971","3","2","110","1300","11","4","Muy alta"
"milanuncios","517343448","Alquiler","Plurifamiliar","València","46018","Valencia","Valencia","Patraix","Barrio de Patraix","39.4664250352","-0.3879287318","","Profesional","Spaces Places","Sí","Sí","No","No","No","No","No","No","https://images.habimg.com/imgh/004ae209-431f-4836-b364-dfd61466a5bdG.jpg","https://www.milanuncios.com/anuncios/r517343448.htm","2024-06-20","962470278","spacesplaces120d@realestate.com","No","","","No","No contactado","972","4","2","100","1400","14","12","Muy alta"
"milanuncios","518049011","Alquiler","Plurifamiliar","Avenida de Francia","46022","Valencia","Valencia","Camins al Grau","Aiora","39.4712623058","-0.346470684","5","Particular","","No","Sí","No","No","No","No","No","No","","https://www.milanuncios.com/anuncios/r518049011.htm","2024-06-30","","","No","","","No","No contactado","973","1","1","15","400","26","2","Muy alta"
"milanuncios","479722298","Alquiler","Plurifamiliar","València","46020","Valencia","Valencia","Benimaclet","Barrio de Benimaclet","39.4830201012","-0.3539898988","","Profesional","Valencia Ma Casa","Sí","Sí","No","No","No","No","No","No","https://images.habimg.com/imgh/0caeec98-02d1-46d8-ab9d-162e4a0408b5G.jpg","https://www.milanuncios.com/anuncios/r479722298.htm","2023-03-08","962940167","valenciamacasa388d@realestate.com","No","","","No","No contactado","974","3","2","100","1200","12","482","Muy alta"
"habitaclia","4600-001509-03","Alquiler","Plurifamiliar","Piso Av. Peris y Valero VALENCIA","","Valencia","Valencia","Quatre Carreres","Malilla","39.4562918223","-0.3764795777","0","Profesional","Alquiler Seguro","Sí","Sí","Sí","No","No","No","No","No","https://images.habimg.com/imgh/057f7dc2-0f46-4e84-a00b-31d93b05d6faG.jpg","https://www.habitaclia.com/i30234000016915","2024-06-29","637507371","cmena@alquilerseguro.es","No","Muy bueno","","No","No contactado","975","3","2","80","1200","15","10","Muy alta"
"milanuncios","518799465","Alquiler","Plurifamiliar","València","46021","Valencia","Valencia","Algirós","La Bega Baixa - Plaza Xúquer","39.4772041604","-0.3467236396","","Profesional","Yourentaflat S L","No","No","No","No","No","No","No","No","https://images.habimg.com/imgh/0834c09f-25c0-429b-adee-7133776c429aG.jpg","https://www.milanuncios.com/anuncios/r518799465.htm","2024-07-09","962471283","live4life7722@realestate.com","No","","","No","No contactado","976","4","1","100","1400","14","14","Muy alta"
"habitaclia","1524OS","Alquiler","Plurifamiliar","Piso en el Eixample","","Valencia","Valencia","L'Eixample","Zona Gran Via","39.4636299597","-0.3678150903","0","Profesional","Spaces&Places","Sí","Sí","No","No","No","No","No","No","https://images.habimg.com/imgh/02f70ebc-1249-4bd8-870c-618bce0d7725G.jpg","https://www.habitaclia.com/i47584000000338","2024-06-25","635919795","info@spacesplaces.es","No","Muy bueno","","No","No contactado","977","3","2","106","1850","17","24","Muy alta"
"milanuncios","519514860","Alquiler","Plurifamiliar","Abastos","46008","Valencia","Valencia","Extramurs","La Petxina","39.4715476604","-0.3876316396","1","Particular","","No","No","No","No","Sí","No","No","No","","https://www.milanuncios.com/anuncios/r519514860.htm","2024-07-15","","","No","","","No","No contactado","978","2","1","70","1300","18","8","Muy alta"
"milanuncios","517508652","Alquiler","Plurifamiliar","Algirós - C/ del Dr. Manuel Candela","46021","Valencia","Valencia","Camins al Grau","Albors","39.4697923","-0.3494139","7","Particular","","No","Sí","No","No","No","No","No","No","","https://www.milanuncios.com/anuncios/r517508652.htm","2024-06-23","","","No","","","No","No contactado","979","4","2","130","1400","10","9","Muy alta"
"milanuncios","517508652","Alquiler","Plurifamiliar","Algirós - C/ del Dr. Manuel Candela","46021","Valencia","Valencia","Camins al Grau","Albors","39.4697923","-0.3494139","7","Particular","","No","Sí","No","No","No","No","No","No","","https://www.milanuncios.com/anuncios/r517508652.htm","2024-06-23","","","No","","","No","No contactado","980","4","2","130","1400","10","9","Muy alta"
"milanuncios","518128992","Alquiler","Plurifamiliar","Ciudad Ros Casares - C. Andarella","46014","Xirivella/Chirivella","Valencia","Barrio de la Luz","","39.4621572","-0.4141047","3","Particular","","No","Sí","Sí","Sí","Sí","No","No","No","","https://www.milanuncios.com/anuncios/r518128992.htm","2024-07-01","","","No","","","No","No contactado","981","1","1","88","800","9","8","Muy alta"
"habitaclia","4539027","Alquiler","Plurifamiliar","El Cabanyal - El Canyamelar / Calle Beniflà","","Valencia","Valencia","Poblats Marítims","El Cabanyal - El Canyamelar","39.4638304","-0.3344617","0","Particular","","No","Sí","Sí","No","No","No","No","No","https://images.habimg.com/imgh/500-img4539027-448165324G.jpg","https://www.habitaclia.com/i500004539027","2023-12-21","671404755","mrhontangas@gmail.com","Sí","Muy bueno","","No","No contactado","982","1","1","56","900","16","194","Muy alta"
"habitaclia","4539027","Alquiler","Plurifamiliar","El Cabanyal - El Canyamelar / Calle Beniflà","","Valencia","Valencia","Poblats Marítims","El Cabanyal - El Canyamelar","39.4638304","-0.3344617","0","Particular","","No","Sí","Sí","No","No","No","No","No","https://images.habimg.com/imgh/500-img4539027-448165324G.jpg","https://www.habitaclia.com/i500004539027","2023-12-21","671404755","mrhontangas@gmail.com","Sí","Muy bueno","","No","No contactado","983","1","1","56","900","16","194","Muy alta"
"milanuncios","512878184","Alquiler","Plurifamiliar","València","46017","Valencia","Valencia","Jesús","L'Hort de Senabre","39.4563768012","-0.3897544988","","Profesional","FUTURSERVICE","No","Sí","No","No","No","No","Sí","No","https://images.habimg.com/imgh/093c3eeb-a100-479d-bd9c-18f614c44584G.jpg","https://www.milanuncios.com/anuncios/r512878184.htm","2024-05-07","962948913","futurservicef893@realestate.com","No","","","No","No contactado","984","3","2","95","1150","12","56","Muy alta"
"milanuncios","518728735","Alquiler","Plurifamiliar","Valencia","46015","Valencia","Valencia","Benicalap","Barrio de Benicalap","39.4908375179","-0.3912873821","4","Profesional","GRUPO 90 CENTRAL","Sí","Sí","No","No","No","No","No","No","https://images.habimg.com/imgh/006fe135-bd66-4249-98ba-cf3345dd706eG.jpg","https://www.milanuncios.com/anuncios/r518728735.htm","2024-07-09","963489732","grupo90centrale9ab@realestate.com","No","","","No","No contactado","985","2","1","80","950","11","9","Muy alta"
"milanuncios","512878184","Alquiler","Plurifamiliar","València","46017","Valencia","Valencia","Jesús","L'Hort de Senabre","39.4563768012","-0.3897544988","","Profesional","FUTURSERVICE","No","Sí","No","No","No","No","Sí","No","https://images.habimg.com/imgh/093c3eeb-a100-479d-bd9c-18f614c44584G.jpg","https://www.milanuncios.com/anuncios/r512878184.htm","2024-05-07","962948913","futurservicef893@realestate.com","No","","","No","No contactado","986","3","2","95","1150","12","56","Muy alta"
"milanuncios","517762006","Alquiler","Plurifamiliar","València","46022","Valencia","Valencia","Algirós","La Carrasca","39.4737575012","-0.3359945988","","Profesional","Yourentaflat S L","Sí","Sí","No","No","No","No","No","No","https://images.habimg.com/imgh/04784aee-acff-468e-b3d8-494abeb37238G.jpg","https://www.milanuncios.com/anuncios/r517762006.htm","2024-06-26","955444401","live4life7722@realestate.com","No","","","No","No contactado","987","4","2","95","1350","14","6","Muy alta"
"milanuncios","519522772","Alquiler","Plurifamiliar","València","46020","Valencia","Valencia","Benimaclet","Barrio de Benimaclet","39.4877463604","-0.3618670396","1","Profesional","IPISOS","No","Sí","No","No","No","No","No","No","https://images.habimg.com/imgh/05415c98-0686-4263-a5a6-1e64d4b64cadG.jpg","https://www.milanuncios.com/anuncios/r519522772.htm","2024-07-15","962949187","ipisosb78b@realestate.com","No","","","No","No contactado","988","3","2","75","1150","15","8","Muy alta"
"habitaclia","14522","Alquiler","Plurifamiliar","ALQUILER VIVIENDA EN VALENCIA","","Valencia","Valencia","Ciutat Vella","El Mercat","39.4767277328","-0.3755301672","0","Profesional","SERINFO","No","No","No","No","No","No","No","No","https://images.habimg.com/imgh/11441210-b015-477b-83d4-ed62f88c1f00G.jpg","https://www.habitaclia.com/i11736002354502","2024-07-10","961134218","atencion@serinfovalencia.com","No","Muy bueno","","No","No contactado","989","","1","45","800","17","2","Muy alta"
"milanuncios","517121649","Alquiler","Plurifamiliar","València","46017","Valencia","Valencia","Jesús","L'Hort de Senabre","39.4503664412","-0.3876592388","","Profesional","Global Juridica Asesores S L","Sí","Sí","No","No","No","No","Sí","No","https://images.habimg.com/imgh/07e699b0-d3f4-4d99-926a-f67c9ebb6b7fG.jpg","https://www.milanuncios.com/anuncios/r517121649.htm","2024-06-18","961280652","globalavantinmobiliariafaed@realestate.com","No","","","No","No contactado","990","3","2","92","1100","11","14","Muy alta"
"milanuncios","513585853","Alquiler","Plurifamiliar","València","46021","Valencia","Valencia","Camins al Grau","Aiora","39.4686964021","-0.3485739895","","Profesional","ALAMEDA INMOBILIARIA C B","Sí","Sí","No","No","No","No","No","No","https://images.habimg.com/imgh/0eb3fc70-8ac4-45e6-a361-76213b466bb1G.jpg","https://www.milanuncios.com/anuncios/r513585853.htm","2024-05-14","961282115","alamedainmobiliaria4cd0@realestate.com","No","","","No","No contactado","991","2","1","53","925","17","49","Muy alta"
"milanuncios","514354796","Alquiler","Plurifamiliar","Valencia Capital - C/ Gayano Lluch","46025","Valencia","Valencia","Rascanya","Torrefiel","39.4916245509","-0.3807227476","","Profesional","Solvia Inmobiliaria","No","Sí","No","No","No","No","No","No","https://images.habimg.com/imgh/41124-img51419-475937945G.jpg","https://www.milanuncios.com/anuncios/r514354796.htm","2024-05-23","910304295","solviainmobiliariaaeed@realestate.com","No","","","No","No contactado","992","3","1","67","915","13","40","Muy alta"
"milanuncios","509918267","Alquiler","Unifamiliar","Torrefiel - C/ de Pere Patrici Mey","46019","Valencia","Valencia","Rascanya","Torrefiel","39.492867","-0.3761083","2","Particular","","No","No","No","No","No","No","No","No","","https://www.milanuncios.com/anuncios/r509918267.htm","2024-03-25","","","No","","","No","No contactado","993","1","1","5","350","70","121","Muy alta"
"habitaclia","I21847","Alquiler","Plurifamiliar","Piso en alquiler en Valencia Norte  Nou Benicalap","","Valencia","Valencia","Benicalap","Barrio de Benicalap","39.4956253599","-0.3872346401","5","Profesional","The Simple Rent","Sí","Sí","No","No","No","No","No","No","https://images.habimg.com/imgh/0968e2ea-aced-444d-8ecc-e8ce86744292G.jpg","https://www.habitaclia.com/i26779000009798","2024-07-25","868975490","contacto@thesimplerent.com","No","Muy bueno","","No","No contactado","994","3","2","85","1300","15","4","Muy alta"
"milanuncios","513585853","Alquiler","Plurifamiliar","València","46021","Valencia","Valencia","Camins al Grau","Aiora","39.4686964021","-0.3485739895","","Profesional","ALAMEDA INMOBILIARIA C B","Sí","Sí","No","No","No","No","No","No","https://images.habimg.com/imgh/0eb3fc70-8ac4-45e6-a361-76213b466bb1G.jpg","https://www.milanuncios.com/anuncios/r513585853.htm","2024-05-14","961282115","alamedainmobiliaria4cd0@realestate.com","No","","","No","No contactado","995","2","1","53","925","17","49","Muy alta"
"habitaclia","001LE","Alquiler","Plurifamiliar","Amplio apartamento en alquiler en Gran Vía, uno de los mejores barrios de Valencia!","","Valencia","Valencia","L'Eixample","Zona Gran Via","39.4651512237","-0.3637244253","4","Profesional","Spaces&Places","No","Sí","No","No","No","No","No","No","https://images.habimg.com/imgh/0946cc67-1fc7-4cc5-a24a-a99c6a7ef55aG.jpg","https://www.habitaclia.com/i47584000000356","2024-07-02","635919795","info@spacesplaces.es","No","Muy bueno","","No","No contactado","996","7","2","131","2000","15","15","Muy alta"
"Fotocasa","56","Alquiler","Plurifamiliar","Piso en Alquiler en  Carrer del Doctor Sumsi, Russafa","46005","Valencia","Valencia","L'Eixample","Russafa","39.4623622807","-0.3682716193","3º","Profesional","ALAMEDA 10DT","Sí","Sí","Sí","Sí","No","Sí","Sí","Sí","https://static.fotocasa.es/images/ads/baaa0978-c284-4c99-9378-7c398637046c?rule=feeds_1920x1080","https://www.fotocasa.es/Building/Building_Detail.aspx?ai=183824865&tti=2","2024-07-12","961281558","info@alameda10dt.com","No","Muy bueno","","No","No contactado","997","4","2","115","1700","14","10","Muy alta"
"milanuncios","516293133","Alquiler","Plurifamiliar","València","46011","Valencia","Valencia","Poblats Marítims","El Cabanyal - El Canyamelar","39.4738495012","-0.3262551988","3","Profesional","SERINFO 1998  S L","Sí","No","No","No","No","No","No","No","https://images.habimg.com/imgh/17e344df-98a1-4de2-84f1-22129a47e907G.jpg","https://www.milanuncios.com/anuncios/r516293133.htm","2024-06-11","962641584","serinfo2d96@realestate.com","No","","","No","No contactado","998","2","1","80","900","11","21","Muy alta"
"milanuncios","517762006","Alquiler","Plurifamiliar","València","46022","Valencia","Valencia","Algirós","La Carrasca","39.4737575012","-0.3359945988","","Profesional","Yourentaflat S L","Sí","Sí","No","No","No","No","No","No","https://images.habimg.com/imgh/04784aee-acff-468e-b3d8-494abeb37238G.jpg","https://www.milanuncios.com/anuncios/r517762006.htm","2024-06-26","955444401","live4life7722@realestate.com","No","","","No","No contactado","999","4","2","95","1350","14","6","Muy alta"
"milanuncios","517379396","Alquiler","Plurifamiliar","Malilla - C.d''Antonio Ferrandis","46013","Valencia","Valencia","Quatre Carreres","Ciutat de les Ciències i de les Arts - Justicia","39.4497619","-0.3614234","4","Particular","","No","Sí","No","No","No","No","No","No","","https://www.milanuncios.com/anuncios/r517379396.htm","2024-06-20","","","No","","","No","No contactado","1000","2","1","70","1050","15","12","Muy alta"
"milanuncios","517379396","Alquiler","Plurifamiliar","Malilla - C.d''Antonio Ferrandis","46013","Valencia","Valencia","Quatre Carreres","Ciutat de les Ciències i de les Arts - Justicia","39.4497619","-0.3614234","4","Particular","","No","Sí","No","No","No","No","No","No","","https://www.milanuncios.com/anuncios/r517379396.htm","2024-06-20","","","No","","","No","No contactado","1001","2","1","70","1050","15","12","Muy alta"
"milanuncios","517121649","Alquiler","Plurifamiliar","València","46017","Valencia","Valencia","Jesús","L'Hort de Senabre","39.4503664412","-0.3876592388","","Profesional","Global Juridica Asesores S L","Sí","Sí","No","No","No","No","Sí","No","https://images.habimg.com/imgh/07e699b0-d3f4-4d99-926a-f67c9ebb6b7fG.jpg","https://www.milanuncios.com/anuncios/r517121649.htm","2024-06-18","961280652","globalavantinmobiliariafaed@realestate.com","No","","","No","No contactado","1002","3","2","92","1100","11","14","Muy alta"
"milanuncios","516293133","Alquiler","Plurifamiliar","València","46011","Valencia","Valencia","Poblats Marítims","El Cabanyal - El Canyamelar","39.4738495012","-0.3262551988","3","Profesional","SERINFO 1998  S L","Sí","No","No","No","No","No","No","No","https://images.habimg.com/imgh/17e344df-98a1-4de2-84f1-22129a47e907G.jpg","https://www.milanuncios.com/anuncios/r516293133.htm","2024-06-11","962641584","serinfo2d96@realestate.com","No","","","No","No contactado","1003","2","1","80","900","11","21","Muy alta"
"milanuncios","514354796","Alquiler","Plurifamiliar","Valencia Capital - C/ Gayano Lluch","46025","Valencia","Valencia","Rascanya","Torrefiel","39.4916245509","-0.3807227476","","Profesional","Solvia Inmobiliaria","No","Sí","No","No","No","No","No","No","https://images.habimg.com/imgh/41124-img51419-475937945G.jpg","https://www.milanuncios.com/anuncios/r514354796.htm","2024-05-23","910304295","solviainmobiliariaaeed@realestate.com","No","","","No","No contactado","1004","3","1","67","915","13","40","Muy alta"
"habitaclia","4560561","Alquiler","Unifamiliar","Morvedre / Carrer de Nador","","Valencia","Valencia","La Saïdia","Morvedre","39.483831","-0.3732883","0","Particular","","No","No","No","No","No","No","No","No","https://images.habimg.com/imgh/500-img4560561-472960544G.jpg","https://www.habitaclia.com/i500004560561","2024-04-10","667298467","ecabale@hotmail.com","No","Muy bueno","","No","No contactado","1005","2","1","100","1200","12","111","Muy alta"
"milanuncios","517937590","Alquiler","Plurifamiliar","València","46015","Valencia","Valencia","Campanar","Sant Pau - Zona Palau de Congresos - Nou Campanar","39.4859921898","-0.4042180748","","Profesional","EXPANSION 2006 Sl","Sí","Sí","No","No","No","No","No","No","https://images.habimg.com/imgh/1a76338f-4d18-448a-9ae0-ed18dc9acc9eG.jpg","https://www.milanuncios.com/anuncios/r517937590.htm","2024-06-28","962645217","grupohogaresinmobiliarias347f@realestate.com","No","","","No","No contactado","1006","2","1","67","900","13","32","Muy alta"
"milanuncios","520290009","Alquiler","Plurifamiliar","València","46019","Valencia","Valencia","Rascanya","Torrefiel","39.4932314943","-0.3735920057","2","Profesional","SERINFO 1998  S L","Sí","Sí","No","No","No","No","No","No","https://images.habimg.com/imgh/1158c293-4abb-4959-877e-4615afd9370bG.jpg","https://www.milanuncios.com/anuncios/r520290009.htm","2024-07-23","962641584","serinfo2d96@realestate.com","No","","","No","No contactado","1007","2","2","85","850","10","7","Muy alta"
"milanuncios","517752328","Alquiler","Plurifamiliar","Valencia","46013","Valencia","Valencia","Quatre Carreres","Fonteta de Sant Lluís","39.4456426609","-0.3670001123","","Profesional","Spaces Places","Sí","No","No","No","No","No","No","No","https://images.habimg.com/imgh/11305049-9d23-470b-bed6-1ddbc210d07dG.jpg","https://www.milanuncios.com/anuncios/r517752328.htm","2024-06-26","962470857","spacesplaces120d@realestate.com","No","","","No","No contactado","1008","2","1","75","1000","13","21","Muy alta"
"milanuncios","517280816","Alquiler","Plurifamiliar","Campanar - C. del Marqués de Sant Joan","46015","Valencia","Valencia","Campanar","Campanar - La Fe","39.4788398743","-0.3945817947","2","Particular","","No","Sí","No","No","No","No","No","No","","https://www.milanuncios.com/anuncios/r517280816.htm","2024-06-19","","","No","","","No","No contactado","1009","1","2","30","230","7","13","Muy alta"
"milanuncios","517280816","Alquiler","Plurifamiliar","Campanar - C. del Marqués de Sant Joan","46015","Valencia","Valencia","Campanar","Campanar - La Fe","39.4788398743","-0.3945817947","2","Particular","","No","Sí","No","No","No","No","No","No","","https://www.milanuncios.com/anuncios/r517280816.htm","2024-06-19","","","No","","","No","No contactado","1010","1","2","30","230","7","13","Muy alta"
"milanuncios","517651181","Alquiler","Plurifamiliar","València","46022","Valencia","Valencia","Camins al Grau","Aiora","39.4660061012","-0.3376320588","3","Profesional","Mioara Daniela Lupu Suare","No","No","No","No","No","No","No","No","https://images.habimg.com/imgh/163dfd63-3ab5-43dd-a2ed-db7c83e9ae92G.jpg","https://www.milanuncios.com/anuncios/r517651181.htm","2024-06-25","962949184","area46inmobiliaria0de2@realestate.com","No","","","No","No contactado","1011","2","1","90","900","10","7","Muy alta"
"milanuncios","517651181","Alquiler","Plurifamiliar","València","46022","Valencia","Valencia","Camins al Grau","Aiora","39.4660061012","-0.3376320588","3","Profesional","Mioara Daniela Lupu Suare","No","No","No","No","No","No","No","No","https://images.habimg.com/imgh/163dfd63-3ab5-43dd-a2ed-db7c83e9ae92G.jpg","https://www.milanuncios.com/anuncios/r517651181.htm","2024-06-25","962949184","area46inmobiliaria0de2@realestate.com","No","","","No","No contactado","1012","2","1","90","900","10","7","Muy alta"
"milanuncios","518053859","Alquiler","Plurifamiliar","València","46020","Valencia","Valencia","Benimaclet","Camí de Vera","39.491034095","-0.359652445","1","Profesional","NOVA ALBORAIA SL","Sí","Sí","No","No","No","No","No","No","https://images.habimg.com/imgh/00c33f3a-12e8-46da-9a9f-bddc1372c019G.jpg","https://www.milanuncios.com/anuncios/r518053859.htm","2024-06-30","962644709","novaalboraia4a80@realestate.com","No","","","No","No contactado","1013","2","2","80","850","10","9","Muy alta"
"milanuncios","519775306","Alquiler","Plurifamiliar","Centro","46002","Valencia","Valencia","Ciutat Vella","Sant Francesc","39.470002117","-0.375904583","3","Particular","","No","No","No","No","No","No","No","No","","https://www.milanuncios.com/anuncios/r519775306.htm","2024-07-17","","","Sí","","","No","No contactado","1014","4","2","110","1200","10","11","Muy alta"
"milanuncios","518520370","Alquiler","Plurifamiliar","València","46017","Valencia","Valencia","Jesús","La Creu Coberta","39.453212399","-0.385530629","3","Profesional","Inmo Real Estate Valencia  S L","No","No","No","No","No","No","No","No","https://images.habimg.com/imgh/3c1dc16c-43e9-4db5-8092-da402ee4312aG.jpg","https://www.milanuncios.com/anuncios/r518520370.htm","2024-07-05","962647012","iconinmobiliariade76@realestate.com","No","","","No","No contactado","1015","4","1","97","400","4","10","Muy alta"
"habitaclia","01376","Alquiler","Plurifamiliar","ESTUDIANTES  PARA SEPTIEMBRE  INMEJORABLE UBICACIÓN   ENCIMA DEL BURGER KING !! ROTONDA BLA","","Valencia","Valencia","Algirós","L'Amistat","39.4732174597","-0.3488336903","8","Profesional","VALENCIA BIENES RAICES","No","Sí","No","No","Sí","No","No","No","https://images.habimg.com/imgh/131adf71-0791-4677-a8c4-214719f494b4G.jpg","https://www.habitaclia.com/i9679002238128","2024-07-12","963257576","rgonzalez@valenciabienesraices.es","No","Muy bueno","","No","No contactado","1016","4","2","108","1550","14","7","Muy alta"
"habitaclia","N000102ARVAL","Alquiler","Plurifamiliar","N000102ARVAL","","Valencia","Valencia","L'Olivereta","Nou Moles","39.4693703973","-0.3951116027","0","Profesional","Seattle Properties","Sí","Sí","No","No","No","No","No","No","https://images.habimg.com/imgh/02d6c21a-4285-4d0b-9dcd-33e1e3a81537G.jpg","https://www.habitaclia.com/i51625000000059","2024-07-15","684484699","cto@seattleproperties.es","No","Muy bueno","","No","No contactado","1017","4","2","120","1350","11","4","Muy alta"
"habitaclia","AV2406084","Alquiler","Plurifamiliar","Piso en alquiler en Cardenal Benlloch","","Valencia","Valencia","Camins al Grau","Albors","39.4712204689","-0.3544755311","0","Profesional","APROPERTIES REAL ESTATE - VALENCIA","No","Sí","No","No","No","No","No","No","https://images.habimg.com/imgh/4737-img3821816-479148936G.jpg","https://www.habitaclia.com/i4737003821816","2024-06-24","623016964","eva.martinez-fortun@aproperties.es","No","Muy bueno","","No","No contactado","1018","4","1","80","1400","17","17","Muy alta"
"habitaclia","4560561","Alquiler","Unifamiliar","Morvedre / Carrer de Nador","","Valencia","Valencia","La Saïdia","Morvedre","39.483831","-0.3732883","0","Particular","","No","No","No","No","No","No","No","No","https://images.habimg.com/imgh/500-img4560561-472960544G.jpg","https://www.habitaclia.com/i500004560561","2024-04-10","667298467","ecabale@hotmail.com","No","Muy bueno","","No","No contactado","1019","2","1","100","1200","12","83","Muy alta"
"habitaclia","PIS0168","Alquiler","Plurifamiliar","Piso en Alquiler En Calle La Reina, El Cabanyal","","Valencia","Valencia","Poblats Marítims","El Cabanyal - El Canyamelar","39.4631152152","-0.3306562745","0","Profesional","Inmobiliarias con garantía Finaer","Sí","Sí","No","No","No","No","No","No","https://images.habimg.com/imgh/013df730-fa11-49fe-a407-ed9fcef67a6bG.jpg","https://www.habitaclia.com/i47750000000188","2024-06-20","0","w3168@inmoweb.email","No","Muy bueno","","No","No contactado","1020","4","1","100","1200","12","12","Muy alta"
"milanuncios","479720291","Alquiler","Plurifamiliar","València","46022","Valencia","Valencia","Algirós","Ciutat Jardí","39.4717001012","-0.3460498988","","Profesional","Valencia Ma Casa","Sí","Sí","No","No","No","No","No","No","https://images.habimg.com/imgh/006d6494-57b1-4fa7-bbf5-b902a18df8daG.jpg","https://www.milanuncios.com/anuncios/r479720291.htm","2023-03-08","962940167","valenciamacasa388d@realestate.com","No","","","No","No contactado","1021","4","2","110","1400","12","482","Muy alta"
"milanuncios","479715798","Alquiler","Plurifamiliar","València","46021","Valencia","Valencia","Algirós","L'Amistat","39.4760101012","-0.3488098988","","Profesional","Valencia Ma Casa","Sí","No","No","Sí","No","No","No","No","https://images.habimg.com/imgh/0aebef48-a1cd-4840-a432-ea873ed7405aG.jpg","https://www.milanuncios.com/anuncios/r479715798.htm","2023-03-08","962940167","valenciamacasa388d@realestate.com","No","","","No","No contactado","1022","3","1","110","1400","12","482","Muy alta"
"habitaclia","4560561","Alquiler","Unifamiliar","Morvedre / Carrer de Nador","","Valencia","Valencia","La Saïdia","Morvedre","39.483831","-0.3732883","0","Particular","","No","No","No","No","No","No","No","No","https://images.habimg.com/imgh/500-img4560561-472960544G.jpg","https://www.habitaclia.com/i500004560561","2024-04-10","667298467","ecabale@hotmail.com","No","Muy bueno","","No","No contactado","1023","2","1","100","1200","12","83","Muy alta"
"habitaclia","PIS0159","Alquiler","Plurifamiliar","Piso en calle Xiva","","Valencia","Valencia","Patraix","Barrio de Patraix","39.4663530096","-0.3930345421","0","Profesional","Inmobiliarias con garantía Finaer","Sí","Sí","No","No","No","No","No","No","https://images.habimg.com/imgh/038f97f7-dd34-48c3-ba3a-7b3a5b5c075aG.jpg","https://www.habitaclia.com/i47750000000178","2024-06-19","0","w3168@inmoweb.email","No","Muy bueno","","No","No contactado","1024","4","2","120","1400","11","13","Muy alta"
"habitaclia","PIS0159","Alquiler","Plurifamiliar","Piso en calle Xiva","","Valencia","Valencia","Patraix","Barrio de Patraix","39.4663530096","-0.3930345421","0","Profesional","Inmobiliarias con garantía Finaer","Sí","Sí","No","No","No","No","No","No","https://images.habimg.com/imgh/038f97f7-dd34-48c3-ba3a-7b3a5b5c075aG.jpg","https://www.habitaclia.com/i47750000000178","2024-06-19","0","w3168@inmoweb.email","No","Muy bueno","","No","No contactado","1025","4","2","120","1400","11","13","Muy alta"
"habitaclia","491Lp","Alquiler","Plurifamiliar","","","Valencia","Valencia","L'Olivereta","Nou Moles","39.4720122473","-0.3983316527","0","Profesional","LIVE 4 LIFE","Sí","Sí","No","No","No","No","No","No","https://images.habimg.com/imgh/0f5d56a5-c648-4798-8f71-871e4d674576G.jpg","https://www.habitaclia.com/i28825000009271","2024-06-06","633594645","valencia@l4l.es","No","Muy bueno","","No","No contactado","1026","2","1","80","850","10","25","Muy alta"
"habitaclia","A002RM","Alquiler","Plurifamiliar","Piso en Alquiler en Av Blasco Ibáñez","","Valencia","Valencia","Algirós","Ciutat Jardí","39.4738718997","-0.3467495973","2","Profesional","Spaces&Places","Sí","Sí","No","No","No","No","No","No","https://images.habimg.com/imgh/060f7084-a3dd-42d8-ba76-638f7492cafdG.jpg","https://www.habitaclia.com/i47584000000342","2024-06-26","635919795","info@spacesplaces.es","No","Muy bueno","","No","No contactado","1027","1","1","61","1000","16","23","Muy alta"
"habitaclia","12410563","Alquiler","Plurifamiliar","Piso con Garaje","","Valencia","Valencia","Camins al Grau","Aiora","39.46316","-0.34083","3","Profesional","ALFA TURIA","No","Sí","Sí","No","No","No","No","No","https://images.habimg.com/imgh/06051475-1f23-4690-ba9c-46c73c0c31f4G.jpg","https://www.habitaclia.com/i28197000000616","2024-07-11","655057165","alfaturia@hotmail.es","No","Muy bueno","","No","No contactado","1028","2","2","90","1100","12","11","Muy alta"
"Fotocasa","1724","Alquiler","Plurifamiliar","Piso en Alquiler en  Plaça de l'Ajuntament, Sant Francesc","46002","Valencia","Valencia","Ciutat Vella","Sant Francesc","39.4709027984","-0.3764456016","7º","Profesional","ALAMEDA 10DT","Sí","Sí","Sí","Sí","No","Sí","Sí","Sí","https://static.fotocasa.es/images/ads/a7246fca-4174-462a-a41f-3e047397bd81?rule=feeds_1920x1080","https://www.fotocasa.es/Building/Building_Detail.aspx?ai=183601789&tti=2","2024-06-17","961281558","info@alameda10dt.com","No","Muy bueno","","No","No contactado","1029","2","1","110","1400","12","14","Muy alta"
"Fotocasa","","Alquiler","Plurifamiliar","Apartamento en Alquiler en  Avenida Gola del Puchol, 4, El Saler","46012","Valencia","Valencia","El Saler","","39.3577561","-0.3225389","","Particular","mariasunciongarcia","No","No","No","No","No","Sí","Sí","Sí","https://static.fotocasa.es/images/anuncio/2024/06/27/183695754/3927335831.jpg?rule=feeds_1920x1080","https://www.fotocasa.es/Building/Building_Detail.aspx?ai=183695754&tti=1","2024-06-27","649597701","mariasunciongarcia@hotmail.com","No","Muy bueno","","No","No contactado","1030","2","1","80","1500","18","5","Muy alta"
"habitaclia","17934","Alquiler","Plurifamiliar","ALQUILER VIVIENDA EN VALENCIA","","Valencia","Valencia","Poblats Marítims","El Cabanyal - El Canyamelar","39.4715511865","-0.3285535135","3","Profesional","SERINFO","Sí","No","No","No","No","No","No","No","https://images.habimg.com/imgh/17e344df-98a1-4de2-84f1-22129a47e907G.jpg","https://www.habitaclia.com/i11736002354452","2024-06-11","961134218","atencion@serinfovalencia.com","No","Muy bueno","","No","No contactado","1031","2","1","80","900","11","21","Muy alta"
"habitaclia","PIS0168","Alquiler","Plurifamiliar","Piso en Alquiler En Calle La Reina, El Cabanyal","","Valencia","Valencia","Poblats Marítims","El Cabanyal - El Canyamelar","39.4631152152","-0.3306562745","0","Profesional","Inmobiliarias con garantía Finaer","Sí","Sí","No","No","No","No","No","No","https://images.habimg.com/imgh/013df730-fa11-49fe-a407-ed9fcef67a6bG.jpg","https://www.habitaclia.com/i47750000000188","2024-06-20","0","w3168@inmoweb.email","No","Muy bueno","","No","No contactado","1032","4","1","100","1200","12","12","Muy alta"
"milanuncios","479715798","Alquiler","Plurifamiliar","València","46021","Valencia","Valencia","Algirós","L'Amistat","39.4760101012","-0.3488098988","","Profesional","Valencia Ma Casa","Sí","No","No","Sí","No","No","No","No","https://images.habimg.com/imgh/0aebef48-a1cd-4840-a432-ea873ed7405aG.jpg","https://www.milanuncios.com/anuncios/r479715798.htm","2023-03-08","962940167","valenciamacasa388d@realestate.com","No","","","No","No contactado","1033","3","1","110","1400","12","482","Muy alta"
"milanuncios","512211042","Alquiler","Unifamiliar","Algirós - Carrer de las Palmas","46011","Valencia","Valencia","Poblats Marítims","La Malva-rosa","39.4820861816","-0.328917712","2","Particular","","Sí","Sí","No","No","Sí","No","No","No","","https://www.milanuncios.com/anuncios/r512211042.htm","2024-04-28","","","No","","","No","No contactado","1034","3","1","100","50","","65","Muy alta"
"habitaclia","17934","Alquiler","Plurifamiliar","ALQUILER VIVIENDA EN VALENCIA","","Valencia","Valencia","Poblats Marítims","El Cabanyal - El Canyamelar","39.4715511865","-0.3285535135","3","Profesional","SERINFO","Sí","No","No","No","No","No","No","No","https://images.habimg.com/imgh/17e344df-98a1-4de2-84f1-22129a47e907G.jpg","https://www.habitaclia.com/i11736002354452","2024-06-11","961134218","atencion@serinfovalencia.com","No","Muy bueno","","No","No contactado","1035","2","1","80","900","11","21","Muy alta"
"milanuncios","519541326","Alquiler","Plurifamiliar","València","46010","Valencia","Valencia","El Pla del Real","Exposició","39.4781343081","-0.3624317571","2","Profesional","ENTRE 2 SERVICIOS INMOBILIARIOS CB","Sí","Sí","No","No","No","No","No","No","https://images.habimg.com/imgh/037ad4c5-a3ee-4118-b7f2-7d7b0a51b6f6G.jpg","https://www.milanuncios.com/anuncios/r519541326.htm","2024-07-15","962643178","entre2serviciosinmobiliarios94a0@realestate.com","No","","","No","No contactado","1036","1","1","55","800","14","3","Muy alta"
"milanuncios","479720291","Alquiler","Plurifamiliar","València","46022","Valencia","Valencia","Algirós","Ciutat Jardí","39.4717001012","-0.3460498988","","Profesional","Valencia Ma Casa","Sí","Sí","No","No","No","No","No","No","https://images.habimg.com/imgh/006d6494-57b1-4fa7-bbf5-b902a18df8daG.jpg","https://www.milanuncios.com/anuncios/r479720291.htm","2023-03-08","962940167","valenciamacasa388d@realestate.com","No","","","No","No contactado","1037","4","2","110","1400","12","482","Muy alta"
"habitaclia","17934","Alquiler","Plurifamiliar","ALQUILER VIVIENDA EN VALENCIA","","Valencia","Valencia","Poblats Marítims","El Cabanyal - El Canyamelar","39.4736177328","-0.3264869672","3","Profesional","SERINFO","Sí","No","No","No","No","No","No","No","https://images.habimg.com/imgh/17e344df-98a1-4de2-84f1-22129a47e907G.jpg","https://www.habitaclia.com/i11736002354452","2024-06-11","961134218","atencion@serinfovalencia.com","No","Muy bueno","","No","No contactado","1038","2","1","80","900","11","31","Muy alta"
"habitaclia","I-00L05D-W-02W4AG","Alquiler","Plurifamiliar","Luminosa vivienda en el corazón de Valencia","","Valencia","Valencia","Ciutat Vella","El Carme","39.4795082598","-0.3797377402","1","Profesional","Engel & Völkers","Sí","Sí","No","No","No","No","No","No","https://images.habimg.com/imgh/05a532e0-696b-4907-8b98-44447625f0fcG.jpg","https://www.habitaclia.com/i5953003368990","2024-06-19","963517897","valencia@engelvoelkers.com","No","Muy bueno","","No","No contactado","1039","1","1","70","1300","18","37","Muy alta"
"habitaclia","5d42e3cc7d78","Alquiler","Plurifamiliar","Precioso y amplio piso","","Valencia","Valencia","Ciutat Vella","El Carme","39.475995","-0.3827167","1","Particular","","Sí","Sí","Sí","No","No","No","No","No","https://images.habimg.com/imgh/084e834a-69fa-4c8b-998e-37490ecdc1d8G.jpg","https://www.habitaclia.com/i500006002719","2024-07-24","656602724","Rgiordano@wanadoo.es","No","Muy bueno","","No","No contactado","1040","3","2","110","1200","10","2","Muy alta"
"Fotocasa","ZZM54184","Alquiler","Plurifamiliar","Piso en Alquiler en  C/ de les Cuines, La Seu","46001","Valencia","Valencia","Ciutat Vella","La Seu","39.4762597692","-0.3768870308","2º","Profesional","ZAZUME","Sí","Sí","No","No","No","No","No","No","https://static.fotocasa.es/images/ads/93729778-3806-4130-9879-5976d09d71df?rule=feeds_1920x1080","https://www.fotocasa.es/Building/Building_Detail.aspx?ai=183912971&tti=2","2024-07-23","931320948","portales@zazume.com","No","Muy bueno","","No","No contactado","1041","3","2","98","1500","15","3","Muy alta"
"Fotocasa","","Alquiler","Plurifamiliar","Apartamento en Alquiler en  Avenida Gola del Puchol, 4, El Saler","46012","Valencia","Valencia","El Saler","","39.3577561","-0.3225389","","Particular","mariasunciongarcia","No","No","No","No","No","Sí","Sí","Sí","https://static.fotocasa.es/images/anuncio/2024/06/27/183695754/3927335831.jpg?rule=feeds_1920x1080","https://www.fotocasa.es/Building/Building_Detail.aspx?ai=183695754&tti=1","2024-06-27","649597701","mariasunciongarcia@hotmail.com","No","Muy bueno","","No","No contactado","1042","2","1","80","1500","18","5","Muy alta"
"milanuncios","517270616","Alquiler","Plurifamiliar","València","46003","Valencia","Valencia","Ciutat Vella","El Carme","39.479692337","-0.378688663","","Profesional","EV MMC SPAIN  S L U","Sí","No","No","No","No","No","No","No","https://images.habimg.com/imgh/02934c02-5b84-4af2-9034-5393d7acb534G.jpg","https://www.milanuncios.com/anuncios/r517270616.htm","2024-06-19","961287313","engelvolkers809d@realestate.com","No","","","No","No contactado","1043","1","1","60","950","15","12","Muy alta"
"milanuncios","512211042","Alquiler","Unifamiliar","Algirós - Carrer de las Palmas","46011","Valencia","Valencia","Poblats Marítims","La Malva-rosa","39.4820861816","-0.328917712","2","Particular","","Sí","Sí","No","No","Sí","No","No","No","","https://www.milanuncios.com/anuncios/r512211042.htm","2024-04-28","","","No","","","No","No contactado","1044","3","1","100","50","","65","Muy alta"
"habitaclia","4f095dd49b31","Alquiler","Plurifamiliar","Amplio piso en barrio de moda perfecto para familias","","Valencia","Valencia","L'Eixample","Russafa","39.4613087","-0.3714595","1","Particular","","Sí","Sí","Sí","No","Sí","No","No","No","https://images.habimg.com/imgh/16609904-8ee5-42a1-a1d5-41a9eb0e849dG.jpg","https://www.habitaclia.com/i500006002080","2024-07-17","609287870","","No","Muy bueno","","No","No contactado","1045","3","2","115","2300","20","13","Muy alta"
"habitaclia","4532593","Alquiler","Plurifamiliar","Se alquila un bajo de una habitación a nuevo","ES","Valencia","Valencia","Poblats Marítims","Natzaret","39.4506081732","-0.3334878537","0","Particular","","Sí","No","No","No","No","No","No","No","https://images.habimg.com/imgh/500-img4532593-437529773G.jpg","https://www.habitaclia.com/i500004532593","2023-11-13","674346649","avilamaximiliano19@gmail.com","No","Muy bueno","","No","No contactado","1046","1","1","75","1200","16","260","Muy alta"
"milanuncios","479715798","Alquiler","Plurifamiliar","València","46021","Valencia","Valencia","Algirós","L'Amistat","39.4734727943","-0.3513472057","","Profesional","Valencia Ma Casa","Sí","No","No","Sí","No","No","No","No","https://images.habimg.com/imgh/0aebef48-a1cd-4840-a432-ea873ed7405aG.jpg","https://www.milanuncios.com/anuncios/r479715798.htm","2023-03-08","962940167","valenciamacasa388d@realestate.com","No","","","No","No contactado","1047","3","1","110","1400","12","510","Muy alta"
"milanuncios","519850194","Alquiler","Plurifamiliar","València","46017","Valencia","Valencia","Jesús","Sant Marcel.lí","39.4436855194","-0.3913691173","","Profesional","Solvia Inmobiliaria","No","No","No","No","No","No","No","No","https://images.habimg.com/imgh/06f7d153-1ba4-4cf9-876e-a31d546819beG.jpg","https://www.milanuncios.com/anuncios/r519850194.htm","2024-07-18","910304907","solviainmobiliariaaeed@realestate.com","No","","","No","No contactado","1048","4","1","83","910","10","12","Muy alta"
"habitaclia","4573349","Alquiler","Plurifamiliar","Estudio acogedor ubicacion perfecta","46022","Valencia","Valencia","Camins al Grau","Aiora","39.4629871","-0.3397726","0","Particular","","Sí","No","No","No","No","No","No","No","https://images.habimg.com/imgh/500-img4573349-477684269G.jpg","https://www.habitaclia.com/i500004573349","2024-06-17","604262719","soriamacarena@gmail.com","No","Muy bueno","","No","No contactado","1049","1","1","35","2940","84","43","Muy alta"
"habitaclia","f729cdf3576e","Alquiler","Plurifamiliar","Particular alquila piso en Amistat","","Valencia","Valencia","Camins al Grau","Albors","39.4693822","-0.3494324","2","Particular","","Sí","No","No","No","No","No","No","No","https://images.habimg.com/imgh/101df66a-45fa-4eb5-8e26-1c48a0939e39G.jpg","https://www.habitaclia.com/i500006002461","2024-07-21","622534422","","No","Muy bueno","","No","No contactado","1050","4","2","105","1480","14","9","Muy alta"
"habitaclia","19809","Alquiler","Plurifamiliar","ALQUILER VIVIENDA EN VALENCIA","","Valencia","Valencia","L'Eixample","Russafa","39.4640842722","-0.3708702278","2","Profesional","SERINFO","No","No","No","No","No","No","No","No","https://images.habimg.com/imgh/081c873d-9253-48cd-9cc6-be0ab08ff8b7G.jpg","https://www.habitaclia.com/i11736002354523","2024-07-23","963293802","atencion@serinfovalencia.com","No","Muy bueno","","No","No contactado","1051","2","1","70","975","13","7","Muy alta"
"habitaclia","MWW-33","Alquiler","Plurifamiliar","","","Valencia","Valencia","L'Eixample","El Pla del Remei","39.4706231","-0.3696349","0","Profesional","GESTIONES QUIMO","No","Sí","No","No","No","No","No","No","https://images.habimg.com/imgh/3b1e1957-51b1-4676-950d-4de8154829beG.jpg","https://www.habitaclia.com/i34930000000264","2024-07-28","627026495","gestionesquimo@gmail.com","No","Muy bueno","","No","No contactado","1052","1","1","45","400","8","1","Muy alta"
"milanuncios","516614330","Alquiler","Plurifamiliar","Patraix - C/ de Conca","46007","Valencia","Valencia","Patraix","Barrio de Patraix","39.4626612","-0.3894699","2","Particular","","No","Sí","No","No","No","No","No","No","","https://www.milanuncios.com/anuncios/r516614330.htm","2024-06-14","","","No","","","No","No contactado","1053","3","1","90","1400","15","18","Muy alta"
"milanuncios","516614330","Alquiler","Plurifamiliar","Patraix - C/ de Conca","46007","Valencia","Valencia","Patraix","Barrio de Patraix","39.4626612","-0.3894699","2","Particular","","No","Sí","No","No","No","No","No","No","","https://www.milanuncios.com/anuncios/r516614330.htm","2024-06-14","","","No","","","No","No contactado","1054","3","1","90","1400","15","18","Muy alta"
"milanuncios","511973308","Alquiler","Unifamiliar","Carpesa - C/ de l''Àngel Custodi","46003","Valencia","Valencia","Ciutat Vella","El Carme","39.4776978","-0.377345","2","Particular","","No","No","No","No","No","No","No","No","","https://www.milanuncios.com/anuncios/r511973308.htm","2024-04-25","","","No","","","No","No contactado","1055","2","1","240","215","","68","Muy alta"
"habitaclia","213465","Alquiler","Plurifamiliar","AVENIDA DEL OESTE","","Valencia","Valencia","Ciutat Vella","Sant Francesc","39.470992226","-0.379661774","4","Profesional","INMOBILIARIA LAURIA","Sí","Sí","No","No","No","No","No","No","https://images.habimg.com/imgh/0370d599-349a-430f-bfd5-6af654423107G.jpg","https://www.habitaclia.com/i11611003810783","2024-07-01","963.509.287","aww@inbox.witei.com","No","Muy bueno","","No","No contactado","1056","4","1","150","1300","8","28","Muy alta"
"milanuncios","511973308","Alquiler","Unifamiliar","Carpesa - C/ de l''Àngel Custodi","46003","Valencia","Valencia","Ciutat Vella","El Carme","39.4776978","-0.377345","2","Particular","","No","No","No","No","No","No","No","No","","https://www.milanuncios.com/anuncios/r511973308.htm","2024-04-25","","","No","","","No","No contactado","1057","2","1","240","215","","68","Muy alta"
"milanuncios","517744893","Alquiler","Plurifamiliar","València","46008","Valencia","Valencia","Extramurs","Arrancapins","39.4702723822","-0.3859071378","","Profesional","LLAVEMAESTRA REDINMOBILIARIA SL","No","No","No","No","No","No","No","No","https://images.habimg.com/imgh/00d93300-2948-40a4-91d7-0d7597c2596cG.jpg","https://www.milanuncios.com/anuncios/r517744893.htm","2024-06-26","962940138","llavemaestraplayaperello2464@realestate.com","No","","","No","No contactado","1058","4","1","121","1000","8","6","Muy alta"
"milanuncios","517744893","Alquiler","Plurifamiliar","València","46008","Valencia","Valencia","Extramurs","Arrancapins","39.4702723822","-0.3859071378","","Profesional","LLAVEMAESTRA REDINMOBILIARIA SL","No","No","No","No","No","No","No","No","https://images.habimg.com/imgh/00d93300-2948-40a4-91d7-0d7597c2596cG.jpg","https://www.milanuncios.com/anuncios/r517744893.htm","2024-06-26","962940138","llavemaestraplayaperello2464@realestate.com","No","","","No","No contactado","1059","4","1","121","1000","8","6","Muy alta"
"milanuncios","520492274","Alquiler","Plurifamiliar","València","46011","Valencia","Valencia","Poblats Marítims","El Cabanyal - El Canyamelar","39.4727001943","-0.3312318057","1","Profesional","PRINCESA INMOBILIARIA","No","No","No","No","No","No","No","No","https://images.habimg.com/imgh/319e9a6b-6374-4c67-9b95-b6085e618502G.jpg","https://www.milanuncios.com/anuncios/r520492274.htm","2024-07-25","960963418","princesainmobiliariaaaaa@realestate.com","No","","","No","No contactado","1060","1","1","30","750","25","5","Muy alta"
"habitaclia","CH-59327-0010","Alquiler","Plurifamiliar","Solvia Inmobiliaria  Piso Valencia","","Valencia","Valencia","Benicalap","Barrio de Benicalap","39.4903597142","-0.3895255693","0","Profesional","Solvia Inmobiliaria","No","Sí","No","No","No","No","No","No","https://images.habimg.com/imgh/02199cc3-95c3-4249-ae2b-9fc819aaafc1G.jpg","https://www.habitaclia.com/i41124000054781","2024-07-19","902333131","comercial@solvia.es","No","Muy bueno","","No","No contactado","1061","2","2","77","920","11","11","Muy alta"
"habitaclia","14522","Alquiler","Plurifamiliar","ALQUILER VIVIENDA EN VALENCIA","","Valencia","Valencia","Ciutat Vella","El Mercat","39.4769454722","-0.3753124278","4","Profesional","SERINFO","No","No","No","No","No","No","No","No","https://images.habimg.com/imgh/ab5489f9-d1d7-43cf-875f-5194662a31d8G.jpg","https://www.habitaclia.com/i11736002354502","2024-07-10","963293802","atencion@serinfovalencia.com","No","Muy bueno","","No","No contactado","1062","","1","45","800","17","20","Muy alta"
"milanuncios","519610997","Alquiler","Plurifamiliar","València","46018","Valencia","Valencia","L'Olivereta","Nou Moles","39.4726744943","-0.4036728057","","Profesional","ESTUDIO OLIVERETA 37 SL","Sí","Sí","No","No","No","No","No","No","https://images.habimg.com/imgh/0a195176-7164-4867-802a-8c6a14130e76G.jpg","https://www.milanuncios.com/anuncios/r519610997.htm","2024-07-16","962947518","tecnocasaoliveretaf64d@realestate.com","No","","","No","No contactado","1063","3","1","78","950","12","14","Muy alta"
"Fotocasa","","Alquiler","Plurifamiliar","Piso en Alquiler en Sant Antoni","46001","Valencia","Valencia","La Saïdia","Sant Antoni","39.4873373351","-0.3736006649","2º","Profesional","Profesionales Inmobiliarios","No","Sí","No","No","No","No","No","No","","https://www.fotocasa.es/Building/Building_Detail.aspx?ai=183668196&tti=2","2024-06-25","","encarnamassuet55@gmail.com","No","Muy bueno","","No","No contactado","1064","3","2","90","1000","11","7","Muy alta"
"Fotocasa","","Alquiler","Plurifamiliar","Piso en Alquiler en Sant Antoni","46001","Valencia","Valencia","La Saïdia","Sant Antoni","39.4873373351","-0.3736006649","2º","Profesional","Profesionales Inmobiliarios","No","Sí","No","No","No","No","No","No","","https://www.fotocasa.es/Building/Building_Detail.aspx?ai=183668196&tti=2","2024-06-25","","encarnamassuet55@gmail.com","No","Muy bueno","","No","No contactado","1065","3","2","90","1000","11","7","Muy alta"
"milanuncios","517594134","Alquiler","Plurifamiliar","València","46035","Valencia","Valencia","Benimàmet","","39.5018850923","-0.4268436819","","Profesional","CPI GESTION ENCUENTRA TU MANSION  S L","Sí","Sí","No","No","No","No","No","No","https://images.habimg.com/imgh/07d39581-040e-4cfb-95c1-763e438201d1G.jpg","https://www.milanuncios.com/anuncios/r517594134.htm","2024-06-24","653358811","kwcpigestion66fc@realestate.com","No","","","No","No contactado","1066","3","2","105","900","8","15","Muy alta"
"habitaclia","ALQFONT-ASKAPX","Alquiler","Plurifamiliar","","","Valencia","Valencia","Patraix","Barrio de Patraix","39.4619448146","-0.3964235058","0","Profesional","ASKA INMOBILIARIA","Sí","Sí","Sí","No","No","No","No","No","https://images.habimg.com/imgh/016d28c2-5d1e-4594-8459-55ad33df9893G.jpg","https://www.habitaclia.com/i41543000000279","2024-06-20","963499200","patraix@inmobiliariaaska.es","No","Muy bueno","","No","No contactado","1067","4","2","111","1200","10","12","Muy alta"
"milanuncios","518441817","Alquiler","Plurifamiliar","València","46021","Valencia","Valencia","Algirós","L'Amistat","39.4744109863","-0.3520322427","","Profesional","Spaces Places","No","Sí","No","No","No","No","No","No","https://images.habimg.com/imgh/01e7cfa6-2adc-434b-8131-0df3323756feG.jpg","https://www.milanuncios.com/anuncios/r518441817.htm","2024-07-04","962470857","spacesplaces120d@realestate.com","No","","","No","No contactado","1068","4","2","80","1400","17","18","Muy alta"
"habitaclia","4565707","Alquiler","Plurifamiliar","Gran Via / Carrer de Salamanca","","Valencia","Valencia","L'Eixample","Zona Gran Via","39.4660605","-0.3640135","0","Particular","","No","Sí","No","No","No","No","No","No","https://images.habimg.com/imgh/500-img4565707-474712520G.jpg","https://www.habitaclia.com/i500004565707","2024-05-06","668512026","PVHCHARY@gmail.com","No","Muy bueno","","No","No contactado","1069","4","1","120","1750","14","57","Muy alta"
"habitaclia","AV2305061","Alquiler","Plurifamiliar","Piso en alquiler en Mestalla","","Valencia","Valencia","El Pla del Real","Mestalla","39.4743204689","-0.3553445311","0","Profesional","APROPERTIES REAL ESTATE - VALENCIA","Sí","Sí","No","No","No","No","No","No","https://images.habimg.com/imgh/4737-img3821841-478548725G.jpg","https://www.habitaclia.com/i4737003821841","2024-06-27","623016964","eva.martinez-fortun@aproperties.es","No","Muy bueno","","No","No contactado","1070","2","2","90","1250","13","14","Muy alta"
"milanuncios","517657180","Alquiler","Plurifamiliar","València","46009","Valencia","Valencia","La Saïdia","Tormos","39.4904221012","-0.3765248988","5","Profesional","Alquila Tu Hogar","No","Sí","No","No","No","No","No","No","https://images.habimg.com/imgh/026e2489-24b2-45d6-9825-bab293835f7dG.jpg","https://www.milanuncios.com/anuncios/r517657180.htm","2024-06-25","910925087","alquilatuhogard90a@realestate.com","No","","","No","No contactado","1071","3","1","81","940","11","7","Muy alta"
"milanuncios","517657180","Alquiler","Plurifamiliar","València","46009","Valencia","Valencia","La Saïdia","Tormos","39.4904221012","-0.3765248988","5","Profesional","Alquila Tu Hogar","No","Sí","No","No","No","No","No","No","https://images.habimg.com/imgh/026e2489-24b2-45d6-9825-bab293835f7dG.jpg","https://www.milanuncios.com/anuncios/r517657180.htm","2024-06-25","910925087","alquilatuhogard90a@realestate.com","No","","","No","No contactado","1072","3","1","81","940","11","7","Muy alta"
"milanuncios","519506637","Alquiler","Plurifamiliar","València","46007","Valencia","Valencia","Jesús","La Raïosa","39.4631452963","-0.3857280537","4","Profesional","NOVOLAR SERVICIOS INMOBILIARIOS","Sí","Sí","No","No","No","No","No","No","https://images.habimg.com/imgh/1ce5615d-b90f-4cce-bba9-f0e395001aacG.jpg","https://www.milanuncios.com/anuncios/r519506637.htm","2024-07-15","962948162","novolarserviciosinmobiliarios7d7c@realestate.com","No","","","No","No contactado","1073","2","1","94","950","10","7","Muy alta"
"habitaclia","ALQFONT-ASKAPX","Alquiler","Plurifamiliar","","","Valencia","Valencia","Patraix","Barrio de Patraix","39.4619448146","-0.3964235058","0","Profesional","ASKA INMOBILIARIA","Sí","Sí","Sí","No","No","No","No","No","https://images.habimg.com/imgh/016d28c2-5d1e-4594-8459-55ad33df9893G.jpg","https://www.habitaclia.com/i41543000000279","2024-06-20","963499200","patraix@inmobiliariaaska.es","No","Muy bueno","","No","No contactado","1074","4","2","111","1200","10","12","Muy alta"
"milanuncios","518951022","Alquiler","Plurifamiliar","València","46009","Valencia","Valencia","La Saïdia","Tormos","39.4920511903","-0.3751444097","4","Profesional","VICENTE GARCÍA  JOSE ANGEL","Sí","Sí","No","No","No","No","No","No","https://images.habimg.com/imgh/0644a3e8-8a79-4586-9679-3c4afaa60248G.jpg","https://www.milanuncios.com/anuncios/r518951022.htm","2024-07-10","961281558","alameda10dt69e2@realestate.com","No","","","No","No contactado","1075","3","1","90","975","10","7","Muy alta"
"habitaclia","03236","Alquiler","Plurifamiliar","Magnífico ático en alquiler para parejas o soltero de oro  1200","","Valencia","Valencia","La Saïdia","Tormos","39.4899301607","-0.3759812866","8","Profesional","RK SIRVAL","Sí","Sí","Sí","No","Sí","No","No","No","https://images.habimg.com/imgh/0ae46177-c173-4b40-99d6-4d2c80b31c15G.jpg","https://www.habitaclia.com/i29189000001371","2024-06-28","963823840","info@rksirval.es","No","Muy bueno","","No","No contactado","1076","2","1","74","1200","16","4","Muy alta"
"habitaclia","03236","Alquiler","Plurifamiliar","Magnífico ático en alquiler para parejas o soltero de oro  1200","","Valencia","Valencia","La Saïdia","Tormos","39.4899301607","-0.3759812866","8","Profesional","RK SIRVAL","Sí","Sí","Sí","No","Sí","No","No","No","https://images.habimg.com/imgh/0ae46177-c173-4b40-99d6-4d2c80b31c15G.jpg","https://www.habitaclia.com/i29189000001371","2024-06-28","963823840","info@rksirval.es","No","Muy bueno","","No","No contactado","1077","2","1","74","1200","16","4","Muy alta"
"habitaclia","4565707","Alquiler","Plurifamiliar","Gran Via / Carrer de Salamanca","","Valencia","Valencia","L'Eixample","Zona Gran Via","39.4660605","-0.3640135","0","Particular","","No","Sí","No","No","No","No","No","No","https://images.habimg.com/imgh/500-img4565707-474712520G.jpg","https://www.habitaclia.com/i500004565707","2024-05-06","668512026","PVHCHARY@gmail.com","No","Muy bueno","","No","No contactado","1078","4","1","120","1750","14","57","Muy alta"
"milanuncios","479721270","Alquiler","Plurifamiliar","València","46021","Valencia","Valencia","Algirós","La Bega Baixa - Plaza Xúquer","39.4740727943","-0.3491572057","2","Profesional","Valencia Ma Casa","Sí","Sí","No","No","No","No","No","No","https://images.habimg.com/imgh/05b27929-fd70-44a3-928e-48846c55f8c5G.jpg","https://www.milanuncios.com/anuncios/r479721270.htm","2023-03-08","962940167","valenciamacasa388d@realestate.com","No","","","No","No contactado","1079","4","2","100","1300","13","510","Muy alta"
"habitaclia","4565707","Alquiler","Plurifamiliar","Gran Via / Carrer de Salamanca","","Valencia","Valencia","L'Eixample","Zona Gran Via","39.4660605","-0.3640135","0","Particular","","No","Sí","No","No","No","No","No","No","https://images.habimg.com/imgh/500-img4565707-474712520G.jpg","https://www.habitaclia.com/i500004565707","2024-05-06","668512026","PVHCHARY@gmail.com","No","Muy bueno","","No","No contactado","1080","4","1","120","1750","14","85","Muy alta"
"milanuncios","399805790","Alquiler","Unifamiliar","ave - Av. de Giorgeta","46007","Valencia","Valencia","Jesús","La Raïosa","39.4584878","-0.384095","1","Particular","","No","No","No","No","No","No","No","No","","https://www.milanuncios.com/anuncios/r399805790.htm","2021-05-08","","","No","","","No","No contactado","1081","5","3","180","50","","1151","Muy alta"
"milanuncios","517449605","Alquiler","Plurifamiliar","Torrefiel - C/ del Dr. Navarro Gil","46019","Valencia","Valencia","Rascanya","Torrefiel","39.4960103","-0.3734879","1","Particular","","No","No","No","No","No","No","No","No","","https://www.milanuncios.com/anuncios/r517449605.htm","2024-06-21","","","No","","","No","No contactado","1082","4","1","67","1050","15","11","Muy alta"
"milanuncios","399805790","Alquiler","Unifamiliar","ave - Av. de Giorgeta","46007","Valencia","Valencia","Jesús","La Raïosa","39.4584878","-0.384095","1","Particular","","No","No","No","No","No","No","No","No","","https://www.milanuncios.com/anuncios/r399805790.htm","2021-05-08","","","No","","","No","No contactado","1083","5","3","180","50","","1151","Muy alta"
"milanuncios","517526561","Alquiler","Plurifamiliar","Zaidía","46009","Valencia","Valencia","La Saïdia","Morvedre","39.486638","-0.377882","3","Particular","","No","Sí","No","No","No","No","No","No","","https://www.milanuncios.com/anuncios/r517526561.htm","2024-06-23","","","No","","","No","No contactado","1084","3","1","90","1100","12","9","Muy alta"
"milanuncios","517449605","Alquiler","Plurifamiliar","Torrefiel - C/ del Dr. Navarro Gil","46019","Valencia","Valencia","Rascanya","Torrefiel","39.4960103","-0.3734879","1","Particular","","No","No","No","No","No","No","No","No","","https://www.milanuncios.com/anuncios/r517449605.htm","2024-06-21","","","No","","","No","No contactado","1085","4","1","67","1050","15","11","Muy alta"
"milanuncios","517526561","Alquiler","Plurifamiliar","Zaidía","46009","Valencia","Valencia","La Saïdia","Morvedre","39.486638","-0.377882","3","Particular","","No","Sí","No","No","No","No","No","No","","https://www.milanuncios.com/anuncios/r517526561.htm","2024-06-23","","","No","","","No","No contactado","1086","3","1","90","1100","12","9","Muy alta"
"milanuncios","517467215","Alquiler","Plurifamiliar","Valencia","46019","Valencia","Valencia","Rascanya","Torrefiel","39.4991769782","-0.3705111632","3","Profesional","NOVA ALBORAIA SL","No","Sí","No","No","No","No","No","No","https://images.habimg.com/imgh/016f8b7b-5049-4fab-8c5e-c3a44cc80a07G.jpg","https://www.milanuncios.com/anuncios/r517467215.htm","2024-06-22","962644709","novaalboraia4a80@realestate.com","No","","","No","No contactado","1087","1","1","49","750","15","10","Muy alta"
"milanuncios","517467215","Alquiler","Plurifamiliar","Valencia","46019","Valencia","Valencia","Rascanya","Torrefiel","39.4991769782","-0.3705111632","3","Profesional","NOVA ALBORAIA SL","No","Sí","No","No","No","No","No","No","https://images.habimg.com/imgh/016f8b7b-5049-4fab-8c5e-c3a44cc80a07G.jpg","https://www.milanuncios.com/anuncios/r517467215.htm","2024-06-22","962644709","novaalboraia4a80@realestate.com","No","","","No","No contactado","1088","1","1","49","750","15","10","Muy alta"
"milanuncios","519556162","Alquiler","Plurifamiliar","Campanar - C. del Marqués de Sant Joan","46015","Valencia","Valencia","Campanar","Campanar - La Fe","39.4786682129","-0.3948324025","2","Particular","","No","No","Sí","No","No","No","No","No","","https://www.milanuncios.com/anuncios/r519556162.htm","2024-07-16","","","No","","","No","No contactado","1089","1","2","60","300","5","14","Muy alta"
"milanuncios","516547874","Alquiler","Plurifamiliar","València","46022","Valencia","Valencia","Poblats Marítims","Beteró","39.4717056943","-0.3368113057","","Profesional","Inmobiliaria Fran López","No","Sí","No","No","No","No","No","No","https://images.habimg.com/imgh/1e7e6149-8348-4c26-b180-ae3980719285G.jpg","https://www.milanuncios.com/anuncios/r516547874.htm","2024-06-13","962949864","inmobiliariafranlopezdaa9@realestate.com","No","","","No","No contactado","1090","4","1","120","1200","10","47","Muy alta"
"milanuncios","518866120","Alquiler","Plurifamiliar","València","46001","Valencia","Valencia","Ciutat Vella","El Mercat","39.4744221943","-0.3778357057","","Profesional","SERINFO 1998  S L","No","No","No","No","No","No","No","No","https://images.habimg.com/imgh/ab5489f9-d1d7-43cf-875f-5194662a31d8G.jpg","https://www.milanuncios.com/anuncios/r518866120.htm","2024-07-10","962641584","serinfo2d96@realestate.com","No","","","No","No contactado","1091","","1","45","800","17","20","Muy alta"
"milanuncios","514923861","Alquiler","Unifamiliar","El Perellonet - Carrer de l''Escotilla","46012","Valencia","Valencia","El Perellonet","","39.279274","-0.2788238","2","Particular","","No","Sí","No","No","Sí","No","No","No","","https://www.milanuncios.com/anuncios/r514923861.htm","2024-05-29","","","No","","","No","No contactado","1092","2","1","60","550","9","34","Muy alta"
"milanuncios","514923861","Alquiler","Unifamiliar","El Perellonet - Carrer de l''Escotilla","46012","Valencia","Valencia","El Perellonet","","39.279274","-0.2788238","2","Particular","","No","Sí","No","No","Sí","No","No","No","","https://www.milanuncios.com/anuncios/r514923861.htm","2024-05-29","","","No","","","No","No contactado","1093","2","1","60","550","9","34","Muy alta"
"milanuncios","514354796","Alquiler","Plurifamiliar","Valencia Capital - C/ Gayano Lluch","46025","Valencia","Valencia","Rascanya","Torrefiel","39.4916245509","-0.3807227476","","Profesional","Solvia Inmobiliaria","No","Sí","No","No","No","No","No","No","https://images.habimg.com/imgh/41124-img51419-475937945G.jpg","https://www.milanuncios.com/anuncios/r514354796.htm","2024-05-23","910304295","solviainmobiliariaaeed@realestate.com","No","","","No","No contactado","1094","3","1","67","915","13","50","Muy alta"
"milanuncios","518572405","Alquiler","Plurifamiliar","València","46025","Valencia","Valencia","Benicalap","Barrio de Benicalap","39.4921786614","-0.3916842386","","Profesional","Inmobiliaria Alturesmer","No","No","No","No","No","No","No","No","https://images.habimg.com/imgh/10c7e267-1b1c-492b-b5ec-76c81c88ebb8G.jpg","https://www.milanuncios.com/anuncios/r518572405.htm","2024-07-06","962940247","inmobiliariaalturesmercbb1@realestate.com","No","","","No","No contactado","1095","3","1","67","890","13","19","Muy alta"
"milanuncios","516665158","Alquiler","Plurifamiliar","València","46019","Valencia","Valencia","Rascanya","Torrefiel","39.4934758781","-0.3749441219","","Profesional","RENTA GARANTIZADA SA","No","No","No","No","No","No","No","No","https://images.habimg.com/imgh/02a3f6b7-c20f-419a-a985-afb313c80f73G.jpg","https://www.milanuncios.com/anuncios/r516665158.htm","2024-06-14","914895346","rentagarantizadasa4a92@realestate.com","No","","","No","No contactado","1096","2","1","92","890","9","27","Muy alta"
"Fotocasa","","Alquiler","Plurifamiliar","Piso en Alquiler en  Carrer d'Emili Baró, 66, Sant Llorenç - Zona Alfahuir","46020","Valencia","Valencia","Rascanya","Sant Llorenç - Zona Alfahuir","39.4890416","-0.3602422","","Particular","amparodepablo","No","Sí","No","No","No","No","No","No","https://static.fotocasa.es/images/anuncio/2024/07/29/183952558/4010809282.jpg?rule=feeds_1920x1080","https://www.fotocasa.es/Building/Building_Detail.aspx?ai=183952558&tti=1","2024-07-29","685838313","amparodepablo@practic.es","No","Muy bueno","","No","No contactado","1097","4","2","118","1300","11","1","Muy alta"
"habitaclia","375","Alquiler","Plurifamiliar","¡Descubre tu nuevo hogar en la vibrante calle Bilbao, Primado Reig! PISO VACIO (SOLO ENCIMERA CAMPANA)","","Valencia","Valencia","La Saïdia","Sant Antoni","39.4875565","-0.3733815","1","Profesional","Inmocity","Sí","Sí","Sí","No","No","No","No","No","https://images.habimg.com/imgh/3ad929e6-433a-4dfd-b4dd-a784386f42daG.jpg","https://www.habitaclia.com/i45205000000407","2024-07-25","633021067","info@inmocityweb.com","No","Muy bueno","","No","No contactado","1098","4","2","100","1300","13","5","Alta"
"milanuncios","519685549","Alquiler","Plurifamiliar","València","46021","Valencia","Valencia","Camins al Grau","Albors","39.4677469943","-0.3526993057","","Profesional","ANUBIS KOOP SL","No","Sí","No","No","No","No","No","No","https://images.habimg.com/imgh/3440bed6-5795-494b-9f2d-64c010bff87aG.jpg","https://www.milanuncios.com/anuncios/r519685549.htm","2024-07-16","962644316","primergrupomarenostrumbab7@realestate.com","No","","","No","No contactado","1099","3","2","85","1200","14","14","Alta"
"habitaclia","234234523525","Alquiler","Plurifamiliar","Alquiler Avinguda del Doctor Peset Aleixandre","","Valencia","Valencia","Benicalap","Barrio de Benicalap","39.4902977072","-0.3834616928","1","Profesional","LIVE 4 LIFE","No","No","No","No","No","No","No","No","https://images.habimg.com/imgh/03b4b38c-783d-476a-9cc6-e1c06b3e4ebeG.jpg","https://www.habitaclia.com/i28825000009581","2024-07-22","637692405","administracion@l4l.es","No","Muy bueno","","No","No contactado","1100","3","1","80","1000","12","8","Muy alta"
"Fotocasa","","Alquiler","Plurifamiliar","Piso en Alquiler en  Plaça de la Reina, 9, La Seu","46001","Valencia","Valencia","Ciutat Vella","La Seu","39.4743594","-0.37601","","Particular","javierrivaya","No","No","No","No","No","No","No","No","https://static.fotocasa.es/images/anuncio/2024/07/15/183842478/3969687657.jpg?rule=feeds_1920x1080","https://www.fotocasa.es/Building/Building_Detail.aspx?ai=183842478&tti=1","2024-07-15","626213662","javierrivaya@gmail.com","No","Muy bueno","","No","No contactado","1101","4","3","150","2990","19","15","Muy alta"
"habitaclia","21-58963","Alquiler","Plurifamiliar","","","Valencia","Valencia","Algirós","Ciutat Jardí","39.4745218072","-0.3438834928","3","Profesional","LLAVE 90 BLASCO IBAÑEZ","No","Sí","No","No","No","No","No","No","https://images.habimg.com/imgh/03ceaddc-71dc-411b-9ab0-1b541801a8fbG.jpg","https://www.habitaclia.com/i9999000000379","2024-05-30","963285285","sdiaz@llave90.com","No","Muy bueno","","No","No contactado","1102","4","2","109","1500","13","61","Alta"
"Fotocasa","","Alquiler","Plurifamiliar","Piso en Alquiler en  Carrer d'Emili Baró, 66, Sant Llorenç - Zona Alfahuir","46020","Valencia","Valencia","Rascanya","Sant Llorenç - Zona Alfahuir","39.4890416","-0.3602422","","Particular","amparodepablo","No","Sí","No","No","No","No","No","No","https://static.fotocasa.es/images/anuncio/2024/07/29/183952558/4010809282.jpg?rule=feeds_1920x1080","https://www.fotocasa.es/Building/Building_Detail.aspx?ai=183952558&tti=1","2024-07-29","685838313","amparodepablo@practic.es","No","Muy bueno","","No","No contactado","1103","4","2","118","1300","11","1","Muy alta"
"milanuncios","520429504","Alquiler","Plurifamiliar","Poblats Maritims","46011","Valencia","Valencia","Poblats Marítims","El Grau","39.4614105943","-0.3340972057","Bajos","Particular","","No","Sí","No","No","Sí","No","No","No","","https://www.milanuncios.com/anuncios/r520429504.htm","2024-07-24","","","No","","","No","No contactado","1104","3","3","84","1800","21","6","Alta"
"habitaclia","01629","Alquiler","Plurifamiliar","Piso de un dormitorio, muy luminoso,  con mobiliario a estrenar,  frente al jardín del  rio Turia !!","","Valencia","Valencia","Camins al Grau","Penya - Roja - Avda. Francia","39.4551051072","-0.3418042928","3","Profesional","INMOBILIARIA TRAFALGAR","Sí","Sí","No","No","No","No","No","No","https://images.habimg.com/imgh/1014f587-bc48-4e56-bf04-f13289e1722eG.jpg","https://www.habitaclia.com/i8144000001083","2024-07-04","963816909","i.trafalgar.359@inmovilla.com","No","Muy bueno","","No","No contactado","1105","1","1","58","1200","20","26","Alta"
"milanuncios","520286904","Alquiler","Plurifamiliar","València","46006","Valencia","Valencia","L'Eixample","Russafa","39.4615609943","-0.3733935057","2","Profesional","SERINFO 1998  S L","No","No","No","No","No","No","No","No","https://images.habimg.com/imgh/081c873d-9253-48cd-9cc6-be0ab08ff8b7G.jpg","https://www.milanuncios.com/anuncios/r520286904.htm","2024-07-23","962641584","serinfo2d96@realestate.com","No","","","No","No contactado","1106","2","1","70","975","13","7","Alta"
"Fotocasa","E023-ECAE","Alquiler","Plurifamiliar","Piso en Alquiler en  Carrer d'Eduard Boscà, Penya - Roja - Avda. Francia","46023","Valencia","Valencia","Camins al Grau","Penya - Roja - Avda. Francia","39.46470469","-0.35757461","1º","Profesional","PRIMER GRUPO MARE NOSTRUM","Sí","Sí","Sí","Sí","Sí","Sí","Sí","Sí","https://static.fotocasa.es/images/ads/9c834fbb-05b3-43d7-b3ba-364320ad3099?rule=feeds_1920x1080","https://www.fotocasa.es/Building/Building_Detail.aspx?ai=183941025&tti=2","2024-07-26","962644316","marenostrum@primergrupo.com","No","Muy bueno","","No","No contactado","1107","4","2","98","1400","14","4","Alta"
"habitaclia","L-387-X","Alquiler","Plurifamiliar","Piso en Zaidia","","Valencia","Valencia","La Saïdia","Morvedre","39.4882044722","-0.3726312278","4","Profesional","LAX INMOBILIARIA VALENCIA","Sí","Sí","No","No","No","No","No","No","https://images.habimg.com/imgh/1e927039-5aa2-4050-8ec7-a04c31a95f46G.jpg","https://www.habitaclia.com/i49834000000080","2024-06-27","695956916","info@laxinmobiliaria.com","No","Muy bueno","","No","No contactado","1108","2","1","65","1050","16","33","Alta"
"milanuncios","515645219","Alquiler","Plurifamiliar","València","46006","Valencia","Valencia","L'Eixample","Russafa","39.4615550775","-0.3738022905","","Profesional","Mioara Daniela Lupu Suare","No","No","No","No","No","No","No","No","https://images.habimg.com/imgh/0b0f8adb-aa95-4c77-ab58-a4a7c4ab09cbG.jpg","https://www.milanuncios.com/anuncios/r515645219.htm","2024-06-05","962949184","area46inmobiliaria0de2@realestate.com","No","","","No","No contactado","1109","1","1","61","1000","16","55","Alta"
"milanuncios","479709082","Alquiler","Plurifamiliar","València","46021","Valencia","Valencia","Algirós","Ciutat Jardí","39.4704227943","-0.3494072057","","Profesional","Valencia Ma Casa","Sí","Sí","No","No","No","No","No","No","https://images.habimg.com/imgh/1443139c-a31b-447f-b69a-d05a565e78c3G.jpg","https://www.milanuncios.com/anuncios/r479709082.htm","2023-03-08","962940167","valenciamacasa388d@realestate.com","No","","","No","No contactado","1110","4","1","100","1300","13","510","Alta"
"milanuncios","519505127","Alquiler","Plurifamiliar","València","46021","Valencia","Valencia","Algirós","La Bega Baixa - Plaza Xúquer","39.4763160943","-0.3474635057","1","Profesional","IPISOS","No","Sí","No","No","No","No","No","No","https://images.habimg.com/imgh/053b8807-8863-49e0-a731-cd2b83fe3179G.jpg","https://www.milanuncios.com/anuncios/r519505127.htm","2024-07-15","962949187","ipisosb78b@realestate.com","No","","","No","No contactado","1111","4","2","106","1600","15","15","Alta"
"milanuncios","520186339","Alquiler","Plurifamiliar","València","46025","Valencia","Valencia","Benicalap","Barrio de Benicalap","39.4897625086","-0.3901227749","","Profesional","SOLVIA SERVICIOS INMOBILIARIOS SL","No","Sí","No","No","No","No","No","No","https://images.habimg.com/imgh/0ac59b59-89c4-4ebc-b1d8-ce8157da5618G.jpg","https://www.milanuncios.com/anuncios/r520186339.htm","2024-07-22","954201025","solviaserviciosinmobiliariossl43a1@realestate.com","No","","","No","No contactado","1112","2","2","77","920","11","8","Alta"
"milanuncios","520375201","Alquiler","Plurifamiliar","València","46011","Valencia","Valencia","Poblats Marítims","El Cabanyal - El Canyamelar","39.4658480943","-0.3303272057","2","Profesional","Mayor Realty Services  Sociedad Limitada","No","Sí","No","No","No","No","No","No","https://images.habimg.com/imgh/0d12cb82-24ef-493c-8955-6f1d1b0f21b8G.jpg","https://www.milanuncios.com/anuncios/r520375201.htm","2024-07-24","963551699","franciscamayor11b0@realestate.com","No","","","No","No contactado","1113","4","2","111","1100","9","6","Alta"
"habitaclia","I-00L0OP-W-02WC2T","Alquiler","Plurifamiliar","Luminosa reforma a estrenar en Campanar","","Valencia","Valencia","Campanar","Campanar - La Fe","39.4840216072","-0.3950193928","7","Profesional","Engel & Völkers","Sí","Sí","No","No","No","No","No","No","https://images.habimg.com/imgh/01463212-5181-4102-ad78-2f9aa7f76274G.jpg","https://www.habitaclia.com/i5953003369134","2024-07-05","963517897","valencia@engelvoelkers.com","No","Muy bueno","","No","No contactado","1114","4","2","116","1700","14","25","Alta"
"milanuncios","399805790","Alquiler","Unifamiliar","ave - Av. de Giorgeta","46007","Valencia","Valencia","Jesús","La Raïosa","39.4584878","-0.384095","1","Particular","","No","No","No","No","No","No","No","No","","https://www.milanuncios.com/anuncios/r399805790.htm","2021-05-08","","","No","","","No","No contactado","1115","5","3","180","50","","1179","Muy alta"
"milanuncios","479722298","Alquiler","Plurifamiliar","València","46020","Valencia","Valencia","Benimaclet","Barrio de Benimaclet","39.4804827943","-0.3565272057","","Profesional","Valencia Ma Casa","Sí","Sí","No","No","No","No","No","No","https://images.habimg.com/imgh/0caeec98-02d1-46d8-ab9d-162e4a0408b5G.jpg","https://www.milanuncios.com/anuncios/r479722298.htm","2023-03-08","962940167","valenciamacasa388d@realestate.com","No","","","No","No contactado","1116","3","2","100","1200","12","510","Alta"
"habitaclia","00535VMC","Alquiler","Plurifamiliar","","","Valencia","Valencia","Ciutat Vella","La Xerea","39.4772460722","-0.3694139278","0","Profesional","VALENCIA MA CASA","Sí","Sí","No","No","No","No","No","No","https://images.habimg.com/imgh/0ae50f45-e18a-423c-bbff-0e2dc09880b3G.jpg","https://www.habitaclia.com/i32361000003295","2024-02-13","960714992<br> 655121880","info@valenciamacasa.com","No","Muy bueno","","No","No contactado","1117","3","1","75","1400","18","168","Alta"
"habitaclia","JL120","Alquiler","Plurifamiliar","","","Valencia","Valencia","Benimaclet","Barrio de Benimaclet","39.4851810786","-0.3540950214","3","Profesional","TEMPOCASA ZAIDÍA","Sí","Sí","No","No","No","No","No","No","https://images.habimg.com/imgh/026cd65e-49e2-4efc-a0aa-a1c01a0075baG.jpg","https://www.habitaclia.com/i33020000000219","2024-06-24","695967496","andrea.lapaglia@tempocasa.com","No","Muy bueno","","No","No contactado","1118","2","2","85","1200","14","8","Alta"
"habitaclia","04723","Alquiler","Plurifamiliar","CÓMODA VIVIENDA EN ALQUILER MUY BIEN UBICADA","","Valencia","Valencia","L'Eixample","Russafa","39.4620816486","-0.3672311814","2","Profesional","Casas del Mediterráneo Central","Sí","Sí","No","No","No","No","No","No","https://images.habimg.com/imgh/2373919d-8800-47d3-86ee-c15ad2537762G.jpg","https://www.habitaclia.com/i50160000000104","2024-06-04","960660660","cristina@casasdelmediterraneo.com","No","Muy bueno","","No","No contactado","1119","2","1","60","1200","20","28","Alta"
"habitaclia","4553635","Alquiler","Plurifamiliar","Ciutat Universitària / Carrer de Gorgos","","Valencia","Valencia","El Pla del Real","Ciutat Universitària","39.478","-0.35412","0","Particular","","No","Sí","Sí","No","No","No","No","No","https://images.habimg.com/imgh/500-img4553635-469026163G.jpg","https://www.habitaclia.com/i500004553635","2024-03-06","607715610","tallerorigensl@gmail.com","No","Muy bueno","","No","No contactado","1120","4","2","127","1800","14","118","Alta"
"milanuncios","517912233","Alquiler","Plurifamiliar","Malvarrosa - C/ de la Séquia de la Cade","46011","Valencia","Valencia","Poblats Marítims","La Malva-rosa","39.4750781","-0.3261256","Entresuelo","Particular","","No","Sí","No","No","No","No","No","No","","https://www.milanuncios.com/anuncios/r517912233.htm","2024-06-27","","","No","","","No","No contactado","1121","2","1","100","2000","20","4","Alta"
"habitaclia","E076-01216","Alquiler","Plurifamiliar","Esta preciosa vivienda se encuentra en el barrio del Carmen","","Valencia","Valencia","Ciutat Vella","El Carme","39.4775014836","-0.3812457606","1","Profesional","Primer Grupo Turia","No","Sí","No","No","No","No","No","No","https://images.habimg.com/imgh/03f5d48a-046f-4470-9deb-6216ef951c0bG.jpg","https://www.habitaclia.com/i12140000000502","2024-06-12","960712509","ofranco@primergrupo.com,i.primergrupoturia.4823@inmovilla.com","No","Muy bueno","","No","No contactado","1122","4","1","91","1900","20","20","Alta"
"milanuncios","513848464","Alquiler","Plurifamiliar","Valencia","46019","Valencia","Valencia","Rascanya","Sant Llorenç - Zona Alfahuir","39.4973718012","-0.3604706988","","Profesional","Celine Alfonso","Sí","Sí","No","No","No","No","No","No","https://images.habimg.com/imgh/00a9ca75-e359-46c6-9b1c-29ad58b4e6a3G.jpg","https://www.milanuncios.com/anuncios/r513848464.htm","2024-05-17","965090929","homealmaea58@realestate.com","No","","","No","No contactado","1123","1","1","70","990","14","46","Alta"
"habitaclia","JL120","Alquiler","Plurifamiliar","","","Valencia","Valencia","Benimaclet","Barrio de Benimaclet","39.4851810786","-0.3540950214","3","Profesional","TEMPOCASA ZAIDÍA","Sí","Sí","No","No","No","No","No","No","https://images.habimg.com/imgh/026cd65e-49e2-4efc-a0aa-a1c01a0075baG.jpg","https://www.habitaclia.com/i33020000000219","2024-06-24","695967496","andrea.lapaglia@tempocasa.com","No","Muy bueno","","No","No contactado","1124","2","2","85","1200","14","8","Alta"
"habitaclia","A002RM","Alquiler","Plurifamiliar","Piso en Alquiler en Av Blasco Ibáñez","","Valencia","Valencia","Algirós","Ciutat Jardí","39.4736932465","-0.3469282505","2","Profesional","Spaces&Places","Sí","Sí","No","No","No","No","No","No","https://images.habimg.com/imgh/060f7084-a3dd-42d8-ba76-638f7492cafdG.jpg","https://www.habitaclia.com/i47584000000342","2024-06-26","635919795","info@spacesplaces.es","No","Muy bueno","","No","No contactado","1125","1","1","61","1000","16","6","Alta"
"milanuncios","481168613","Alquiler","Plurifamiliar","València","46018","Valencia","Valencia","L'Olivereta","Nou Moles","39.4761820012","-0.3941785988","","Profesional","ESPERANZA HERRERO GESTIÓN INMOBILIARIA","Sí","Sí","No","No","No","No","No","No","https://images.habimg.com/imgh/055f1afc-c665-48fc-9099-fe4a742a791fG.jpg","https://www.milanuncios.com/anuncios/r481168613.htm","2023-03-21","962648517","esperanzaherreroabogadayagented82e7@realestate.com","No","","","No","No contactado","1126","3","1","96","1100","11","469","Alta"
"habitaclia","04723","Alquiler","Plurifamiliar","CÓMODA VIVIENDA EN ALQUILER MUY BIEN UBICADA","","Valencia","Valencia","L'Eixample","Russafa","39.4620816486","-0.3672311814","2","Profesional","Casas del Mediterráneo Central","Sí","Sí","No","No","No","No","No","No","https://images.habimg.com/imgh/2373919d-8800-47d3-86ee-c15ad2537762G.jpg","https://www.habitaclia.com/i50160000000104","2024-06-04","960660660","cristina@casasdelmediterraneo.com","No","Muy bueno","","No","No contactado","1127","2","1","60","1200","20","28","Alta"
"milanuncios","517936480","Alquiler","Plurifamiliar","València","46009","Valencia","Valencia","La Saïdia","Tormos","39.4932336012","-0.3739619988","","Profesional","VICENTE GARCÍA  JOSE ANGEL","Sí","Sí","No","No","No","No","No","No","https://images.habimg.com/imgh/043b6506-ec25-4ca2-ba76-0aa7d2507fe3G.jpg","https://www.milanuncios.com/anuncios/r517936480.htm","2024-06-28","961281558","alameda10dt69e2@realestate.com","No","","","No","No contactado","1128","3","1","90","975","10","4","Alta"
"habitaclia","5877-JO433","Alquiler","Plurifamiliar","ValenciaPiso","","Valencia","Valencia","Patraix","Vara de Quart","39.4629486865","-0.4023848135","3","Profesional","EMPIRE HOUSE","No","Sí","Sí","No","No","No","No","No","https://images.habimg.com/imgh/14a96db8-f484-4b5a-9bfa-e927432b29c8G.jpg","https://www.habitaclia.com/i50283000000228","2024-05-06","629224408","info@empirehouse.es","No","Muy bueno","","No","No contactado","1129","4","2","120","1200","10","57","Alta"
"milanuncios","513848464","Alquiler","Plurifamiliar","Valencia","46019","Valencia","Valencia","Rascanya","Sant Llorenç - Zona Alfahuir","39.4973718012","-0.3604706988","","Profesional","Celine Alfonso","Sí","Sí","No","No","No","No","No","No","https://images.habimg.com/imgh/00a9ca75-e359-46c6-9b1c-29ad58b4e6a3G.jpg","https://www.milanuncios.com/anuncios/r513848464.htm","2024-05-17","965090929","homealmaea58@realestate.com","No","","","No","No contactado","1130","1","1","70","990","14","46","Alta"
"habitaclia","BC2208","Alquiler","Plurifamiliar","PRECIOSA VIVIENDA CON GARAJE Y PISCINA EN SANT PAU","","Valencia","Valencia","Campanar","Sant Pau - Zona Palau de Congresos - Nou Campanar","39.4860411865","-0.4035896135","1","Profesional","BENICASA 2002 SERVICIOS INMOBILIARIOS","Sí","Sí","Sí","No","No","No","No","No","https://images.habimg.com/imgh/1485daaa-273a-4abe-8443-dd8fde63a723G.jpg","https://www.habitaclia.com/i41070000001493","2024-06-21","963656620","serviciosinmobiliariosbc2002@outlook.es","No","Muy bueno","","No","No contactado","1131","2","1","85","1595","18","11","Alta"
"habitaclia","00535VMC","Alquiler","Plurifamiliar","","","Valencia","Valencia","Ciutat Vella","La Xerea","39.4749617865","-0.3716982135","3","Profesional","VALENCIA MA CASA","Sí","Sí","No","No","No","No","No","No","https://images.habimg.com/imgh/0ae50f45-e18a-423c-bbff-0e2dc09880b3G.jpg","https://www.habitaclia.com/i32361000003295","2024-02-13","960714992<br> 655121880","info@valenciamacasa.com","No","Muy bueno","","No","No contactado","1132","3","1","75","1300","17","140","Alta"
"habitaclia","612342","Alquiler","Plurifamiliar","","","Valencia","Valencia","Benicalap","Barrio de Benicalap","39.4927992865","-0.3917473135","0","Profesional","Uniplaces","No","No","No","No","No","No","No","No","https://images.habimg.com/imgh/0df941ed-b131-417a-a478-6b83046118dcG.jpg","https://www.habitaclia.com/i50824000000164","2024-05-06","691111788","sofia.fonseca@uniplaces.com","No","Muy bueno","","No","No contactado","1133","","1","20","825","41","57","Alta"
"habitaclia","Algiros","Alquiler","Plurifamiliar","Excelente piso en alquiler a estrenar!!!","","Valencia","Valencia","Algirós","Ciutat Jardí","39.4734753786","-0.3407967214","0","Profesional","Piso España Real Estate","No","Sí","Sí","No","No","No","No","No","https://images.habimg.com/imgh/04bf28e5-c027-45d0-a69a-70b89be6cee4G.jpg","https://www.habitaclia.com/i47668000000082","2024-06-25","622316136","rominag.brancieri@gmail.com","No","Muy bueno","","No","No contactado","1134","2","2","80","1900","23","7","Alta"
"habitaclia","612342","Alquiler","Plurifamiliar","","","Valencia","Valencia","Benicalap","Barrio de Benicalap","39.4927992865","-0.3917473135","0","Profesional","Uniplaces","No","No","No","No","No","No","No","No","https://images.habimg.com/imgh/0df941ed-b131-417a-a478-6b83046118dcG.jpg","https://www.habitaclia.com/i50824000000164","2024-05-06","691111788","sofia.fonseca@uniplaces.com","No","Muy bueno","","No","No contactado","1135","","1","20","825","41","57","Alta"
"habitaclia","A002RM","Alquiler","Plurifamiliar","Piso en Alquiler en Av Blasco Ibáñez","","Valencia","Valencia","Algirós","Ciutat Jardí","39.4736932465","-0.3469282505","2","Profesional","Spaces&Places","Sí","Sí","No","No","No","No","No","No","https://images.habimg.com/imgh/060f7084-a3dd-42d8-ba76-638f7492cafdG.jpg","https://www.habitaclia.com/i47584000000342","2024-06-26","635919795","info@spacesplaces.es","No","Muy bueno","","No","No contactado","1136","1","1","61","1000","16","6","Alta"
"milanuncios","514487727","Alquiler","Plurifamiliar","Cabañal - C/ de Carles Ros","46011","Valencia","Valencia","Poblats Marítims","El Cabanyal - El Canyamelar","39.4708034","-0.3295597","3","Particular","","No","No","No","No","Sí","No","No","No","","https://www.milanuncios.com/anuncios/r514487727.htm","2024-05-24","","","No","","","No","No contactado","1137","3","1","70","2500","35","39","Alta"
"habitaclia","1400","Alquiler","Plurifamiliar","Piso en alquiler con 3 dormitorios y 2 baños, totalmente amueblado.","","Valencia","Valencia","Camins al Grau","Aiora","39.4636343973","-0.3512056027","0","Profesional","ARK & KASA","Sí","Sí","No","No","No","No","No","No","https://images.habimg.com/imgh/0109c806-96d7-42d5-a3c5-df4bf05866e4G.jpg","https://www.habitaclia.com/i49068000000094","2024-07-17","961014150","valencia@ark-kasa.com","No","Muy bueno","","No","No contactado","1138","3","2","95","1200","12","2","Alta"
"milanuncios","515424136","Alquiler","Plurifamiliar","València","46009","Valencia","Valencia","La Saïdia","Morvedre","39.4854941112","-0.3729897488","","Profesional","Spaces Places","Sí","Sí","No","No","No","No","No","No","https://images.habimg.com/imgh/054b9c8d-4ec3-487f-987e-fc92781a4649G.jpg","https://www.milanuncios.com/anuncios/r515424136.htm","2024-06-03","962470278","spacesplaces120d@realestate.com","No","","","No","No contactado","1139","3","2","130","1350","10","29","Alta"
"milanuncios","512094948","Alquiler","Plurifamiliar","València","46008","Valencia","Valencia","Extramurs","Arrancapins","39.4721052012","-0.3860137988","","Profesional","Alquila Tu Hogar","No","Sí","No","No","No","No","No","No","https://images.habimg.com/imgh/11b2b0e2-f038-4a16-aee5-9a44353caca0G.jpg","https://www.milanuncios.com/anuncios/r512094948.htm","2024-04-26","919452978","alquilatuhogarf3c3@realestate.com","No","","","No","No contactado","1140","3","1","99","995","10","67","Alta"
"milanuncios","519772902","Alquiler","Plurifamiliar","València","46022","Valencia","Valencia","Algirós","L'Illa Perduda","39.4668244394","-0.3430765644","","Profesional","SANCHEZ VILLORA  JOSE","Sí","Sí","No","No","No","No","No","No","https://images.habimg.com/imgh/0a97818c-7ab9-4008-a148-3a1aaab82829G.jpg","https://www.milanuncios.com/anuncios/r519772902.htm","2024-07-17","960965601","piramidesef19@realestate.com","No","","","No","No contactado","1141","4","2","115","1400","12","8","Alta"
"milanuncios","517936480","Alquiler","Plurifamiliar","València","46009","Valencia","Valencia","La Saïdia","Tormos","39.4932336012","-0.3739619988","","Profesional","VICENTE GARCÍA  JOSE ANGEL","Sí","Sí","No","No","No","No","No","No","https://images.habimg.com/imgh/043b6506-ec25-4ca2-ba76-0aa7d2507fe3G.jpg","https://www.milanuncios.com/anuncios/r517936480.htm","2024-06-28","961281558","alameda10dt69e2@realestate.com","No","","","No","No contactado","1142","3","1","90","975","10","4","Alta"
"habitaclia","XABIA-RA06B","Alquiler","Plurifamiliar","Vivienda bien equipada para estudiantes","","Valencia","Valencia","El Pla del Real","Ciutat Universitària","39.4787405","-0.3564856","0","Profesional","FORO INMOBILIARIO VIVEROS","No","Sí","No","No","No","No","No","No","https://images.habimg.com/imgh/0262718e-e2e7-4277-a81d-efd4ad42e706G.jpg","https://www.habitaclia.com/i14469000001804","2024-07-02","963614831","info@foroinmobiliarioviveros.com","No","Muy bueno","","No","No contactado","1143","4","2","136","1500","11","6","Alta"
"milanuncios","519185008","Alquiler","Plurifamiliar","Valencia","46020","Valencia","Valencia","Benimaclet","Barrio de Benimaclet","39.4876943231","-0.3629328769","","Profesional","TECNOCASA BENIMACLET   ESTUDIO DESARROLLO BENIMACL","No","Sí","No","No","No","No","No","No","https://images.habimg.com/imgh/23b13741-32ec-45a7-b633-021686a62eb4G.jpg","https://www.milanuncios.com/anuncios/r519185008.htm","2024-07-11","962471287","tecnocasabenimacletestudiodesardaaf@realestate.com","No","","","No","No contactado","1144","3","1","78","1200","15","15","Alta"
"milanuncios","519357458","Alquiler","Plurifamiliar","València","46015","Valencia","Valencia","Benicalap","Barrio de Benicalap","39.4924011744","-0.3928189667","1","Profesional","TOTAL HABITAT","Sí","Sí","No","No","No","No","Sí","No","https://images.habimg.com/imgh/078a860d-d22e-4ae0-a8b1-9630322921f3G.jpg","https://www.milanuncios.com/anuncios/r519357458.htm","2024-07-13","961046750","totalhabitat3788@realestate.com","No","","","No","No contactado","1145","3","1","91","1100","12","7","Alta"
"milanuncios","517795443","Alquiler","Plurifamiliar","València","46015","Valencia","Valencia","Campanar","Campanar - La Fe","39.4836236012","-0.3977055988","","Profesional","EMIFAVAL INMOBILIARIA  S L IBERCASA","No","Sí","No","Sí","No","No","No","No","https://images.habimg.com/imgh/03a06074-f252-4fb1-9a65-dd596b548c13G.jpg","https://www.milanuncios.com/anuncios/r517795443.htm","2024-06-26","962470815","ibercasaf813@realestate.com","No","","","No","No contactado","1146","5","2","148","1300","8","6","Alta"
"habitaclia","21-58912","Alquiler","Plurifamiliar","","","Valencia","Valencia","Poblats Marítims","Beteró","39.4732362","-0.3348555","1","Profesional","LLAVE 90 BLASCO IBAÑEZ","Sí","No","No","No","No","No","No","No","https://images.habimg.com/imgh/01e392ea-78a8-4759-a757-543e861ce124G.jpg","https://www.habitaclia.com/i9999000000403","2024-07-23","963285285","sdiaz@llave90.com","No","Muy bueno","","No","No contactado","1147","3","1","95","1000","10","2","Alta"
"habitaclia","244","Alquiler","Plurifamiliar","","","Valencia","Valencia","Poblats Marítims","El Cabanyal - El Canyamelar","39.4695465","-0.3335473","0","Profesional","IPISOS","Sí","No","No","No","No","No","No","No","https://images.habimg.com/imgh/05c76633-4f23-422a-bb95-229f4734ff86G.jpg","https://www.habitaclia.com/i12419000000209","2023-11-07","961931086","armandosuero@ipisos-realestate.com","No","Muy bueno","","No","No contactado","1148","1","1","70","950","13","238","Alta"
"milanuncios","513691741","Alquiler","Plurifamiliar","Pont de fusta - C. de Rafael Comenge","46010","Valencia","Valencia","La Saïdia","Trinitat","39.4823942","-0.3691109","1","Particular","","No","Sí","Sí","No","No","No","No","No","","https://www.milanuncios.com/anuncios/r513691741.htm","2024-05-15","","","No","","","No","No contactado","1149","1","1","70","950","13","48","Alta"
"habitaclia","Alquiler de Piso en calle de Xbia","Alquiler","Plurifamiliar","Alquiler de Piso en calle de Xàbia","","Valencia","Valencia","El Pla del Real","Ciutat Universitària","39.4787392786","-0.3565654214","7","Profesional","Casa Creativa Inmobiliaria","Sí","Sí","No","No","No","No","No","No","https://images.habimg.com/imgh/0f927946-a538-4ae5-b4d8-076b57d320eeG.jpg","https://www.habitaclia.com/i31145004424616","2024-06-27","960154124","info@casacreativainmobiliaria.com","No","Muy bueno","","No","No contactado","1150","1","1","60","980","16","5","Alta"
"milanuncios","512094948","Alquiler","Plurifamiliar","València","46008","Valencia","Valencia","Extramurs","Arrancapins","39.4721052012","-0.3860137988","","Profesional","Alquila Tu Hogar","No","Sí","No","No","No","No","No","No","https://images.habimg.com/imgh/11b2b0e2-f038-4a16-aee5-9a44353caca0G.jpg","https://www.milanuncios.com/anuncios/r512094948.htm","2024-04-26","919452978","alquilatuhogarf3c3@realestate.com","No","","","No","No contactado","1151","3","1","99","995","10","67","Alta"
"habitaclia","00535VMC","Alquiler","Plurifamiliar","","","Valencia","Valencia","Ciutat Vella","La Xerea","39.4749617865","-0.3716982135","3","Profesional","VALENCIA MA CASA","Sí","Sí","No","No","No","No","No","No","https://images.habimg.com/imgh/0ae50f45-e18a-423c-bbff-0e2dc09880b3G.jpg","https://www.habitaclia.com/i32361000003295","2024-02-13","960714992<br> 655121880","info@valenciamacasa.com","No","Muy bueno","","No","No contactado","1152","3","1","75","1300","17","140","Alta"
"habitaclia","01440VMC","Alquiler","Plurifamiliar","","","Valencia","Valencia","Algirós","L'Illa Perduda","39.4703217865","-0.3394882135","0","Profesional","VALENCIA MA CASA","Sí","Sí","No","No","No","No","No","No","https://images.habimg.com/imgh/22033dac-44de-484a-96e6-2501c094ca2eG.jpg","https://www.habitaclia.com/i32361000003057","2023-11-19","960714992<br> 655121880","info@valenciamacasa.com","No","Muy bueno","","No","No contactado","1153","3","1","100","1000","10","226","Alta"
"milanuncios","479718612","Alquiler","Plurifamiliar","València","46010","Valencia","Valencia","El Pla del Real","Exposició","39.4787341012","-0.3647778988","","Profesional","Valencia Ma Casa","Sí","Sí","No","No","No","No","No","No","https://images.habimg.com/imgh/5734d32c-6672-4020-899b-937d4e1580b3G.jpg","https://www.milanuncios.com/anuncios/r479718612.htm","2023-03-08","962940167","valenciamacasa388d@realestate.com","No","","","No","No contactado","1154","4","2","130","1400","10","482","Alta"
"habitaclia","E076-01216","Alquiler","Plurifamiliar","Esta preciosa vivienda se encuentra en el barrio del Carmen","","Valencia","Valencia","Ciutat Vella","El Carme","39.4775014836","-0.3812457606","1","Profesional","Primer Grupo Turia","No","Sí","No","No","No","No","No","No","https://images.habimg.com/imgh/03f5d48a-046f-4470-9deb-6216ef951c0bG.jpg","https://www.habitaclia.com/i12140000000502","2024-06-12","960712509","ofranco@primergrupo.com,i.primergrupoturia.4823@inmovilla.com","No","Muy bueno","","No","No contactado","1155","4","1","91","1900","20","20","Alta"
"milanuncios","517795443","Alquiler","Plurifamiliar","València","46015","Valencia","Valencia","Campanar","Campanar - La Fe","39.4836236012","-0.3977055988","","Profesional","EMIFAVAL INMOBILIARIA  S L IBERCASA","No","Sí","No","Sí","No","No","No","No","https://images.habimg.com/imgh/03a06074-f252-4fb1-9a65-dd596b548c13G.jpg","https://www.milanuncios.com/anuncios/r517795443.htm","2024-06-26","962470815","ibercasaf813@realestate.com","No","","","No","No contactado","1156","5","2","148","1300","8","6","Alta"
"habitaclia","5877-JO433","Alquiler","Plurifamiliar","ValenciaPiso","","Valencia","Valencia","Patraix","Vara de Quart","39.4629486865","-0.4023848135","3","Profesional","EMPIRE HOUSE","No","Sí","Sí","No","No","No","No","No","https://images.habimg.com/imgh/14a96db8-f484-4b5a-9bfa-e927432b29c8G.jpg","https://www.habitaclia.com/i50283000000228","2024-05-06","629224408","info@empirehouse.es","No","Muy bueno","","No","No contactado","1157","4","2","120","1200","10","57","Alta"
"habitaclia","Alquiler de Piso en calle de Xbia","Alquiler","Plurifamiliar","Alquiler de Piso en calle de Xàbia","","Valencia","Valencia","El Pla del Real","Ciutat Universitària","39.4787392786","-0.3565654214","7","Profesional","Casa Creativa Inmobiliaria","Sí","Sí","No","No","No","No","No","No","https://images.habimg.com/imgh/0f927946-a538-4ae5-b4d8-076b57d320eeG.jpg","https://www.habitaclia.com/i31145004424616","2024-06-27","960154124","info@casacreativainmobiliaria.com","No","Muy bueno","","No","No contactado","1158","1","1","60","980","16","5","Alta"
"milanuncios","479718612","Alquiler","Plurifamiliar","València","46010","Valencia","Valencia","El Pla del Real","Exposició","39.4787341012","-0.3647778988","","Profesional","Valencia Ma Casa","Sí","Sí","No","No","No","No","No","No","https://images.habimg.com/imgh/5734d32c-6672-4020-899b-937d4e1580b3G.jpg","https://www.milanuncios.com/anuncios/r479718612.htm","2023-03-08","962940167","valenciamacasa388d@realestate.com","No","","","No","No contactado","1159","4","2","130","1400","10","482","Alta"
"milanuncios","506718803","Alquiler","Plurifamiliar","València","46011","Valencia","Valencia","Poblats Marítims","El Cabanyal - El Canyamelar","39.4687501012","-0.3287998988","","Profesional","Valencia Ma Casa","Sí","No","No","No","No","No","No","No","https://images.habimg.com/imgh/4ba59fbf-c760-4fb9-aee3-f48f5d9b26ecG.jpg","https://www.milanuncios.com/anuncios/r506718803.htm","2024-02-16","962940167","valenciamacasa388d@realestate.com","No","","","No","No contactado","1160","1","1","30","850","28","137","Alta"
"milanuncios","515424136","Alquiler","Plurifamiliar","València","46009","Valencia","Valencia","La Saïdia","Morvedre","39.4854941112","-0.3729897488","","Profesional","Spaces Places","Sí","Sí","No","No","No","No","No","No","https://images.habimg.com/imgh/054b9c8d-4ec3-487f-987e-fc92781a4649G.jpg","https://www.milanuncios.com/anuncios/r515424136.htm","2024-06-03","962470278","spacesplaces120d@realestate.com","No","","","No","No contactado","1161","3","2","130","1350","10","29","Alta"
"habitaclia","4553635","Alquiler","Plurifamiliar","Ciutat Universitària / Carrer de Gorgos","","Valencia","Valencia","El Pla del Real","Ciutat Universitària","39.478","-0.35412","0","Particular","","No","Sí","Sí","No","No","No","No","No","https://images.habimg.com/imgh/500-img4553635-469026163G.jpg","https://www.habitaclia.com/i500004553635","2024-03-06","607715610","tallerorigensl@gmail.com","No","Muy bueno","","No","No contactado","1162","4","2","127","1800","14","118","Alta"
"Fotocasa","MOVA-VI-7-74","Alquiler","Plurifamiliar","Piso en Alquiler en El Saler","46012","Valencia","Valencia","El Saler","","39.386175609","-0.331594391","7º","Profesional","Zittus Managemet","No","No","No","No","No","No","No","No","https://static.fotocasa.es/images/anuncio/2024/07/03/183739250/3939877087.jpg?rule=feeds_1920x1080","https://www.fotocasa.es/Building/Building_Detail.aspx?ai=183739250&tti=2","2024-07-03","960990294","aimi-valencia@zittus.com","No","Muy bueno","","No","No contactado","1163","2","2","78","1340","17","20","Alta"
"milanuncios","518920954","Alquiler","Plurifamiliar","València","46015","Valencia","Valencia","Campanar","Campanar - La Fe","39.4830776389","-0.3945203658","4","Profesional","TOTAL HABITAT","Sí","Sí","No","No","No","No","No","No","https://images.habimg.com/imgh/1345eeb8-77a7-4115-ae1e-ce9549b99d6cG.jpg","https://www.milanuncios.com/anuncios/r518920954.htm","2024-07-10","961046750","totalhabitat3788@realestate.com","No","","","No","No contactado","1164","1","1","64","950","14","10","Alta"
"habitaclia","2326","Alquiler","Plurifamiliar","Amueblado para entrar en Pérez Galdós","","Valencia","Valencia","L'Olivereta","Nou Moles","39.4679992786","-0.3911690214","8","Profesional","ANTONIO SERRA INMOBILIARIA","Sí","Sí","No","No","No","No","No","No","https://images.habimg.com/imgh/006412f4-ac1b-428d-a3f2-7779e84745f6G.jpg","https://www.habitaclia.com/i13561000000339","2024-05-16","961.101.750","antonioserra.com@gmail.com","No","Muy bueno","","No","No contactado","1165","3","1","80","1150","14","47","Alta"
"habitaclia","15515855877","Alquiler","Plurifamiliar","Piso Calle Chiva 3","","Valencia","Valencia","Patraix","Barrio de Patraix","39.4651856786","-0.3905490214","5","Profesional","LIVE 4 LIFE","Sí","Sí","Sí","No","No","No","No","No","https://images.habimg.com/imgh/124a1da0-4127-4bfb-b1e9-76dd5a0db68dG.jpg","https://www.habitaclia.com/i28825000009350","2024-06-25","637692405","administracion@l4l.es","No","Muy bueno","","No","No contactado","1166","4","2","120","1400","11","7","Alta"
"milanuncios","513186910","Alquiler","Plurifamiliar","València","46022","Valencia","Valencia","Algirós","Ciutat Jardí","39.4751630712","-0.3415666798","","Profesional","VALENCIA BIENES RAICES","No","Sí","No","No","No","No","No","No","https://images.habimg.com/imgh/06682b62-ca96-4602-a94b-5d18c0fd7b9bG.jpg","https://www.milanuncios.com/anuncios/r513186910.htm","2024-05-10","962640476","bienesyraices25a5@realestate.com","No","","","No","No contactado","1167","4","2","104","1700","16","53","Alta"
"habitaclia","00607VMC","Alquiler","Plurifamiliar","","","Valencia","Valencia","Camins al Grau","Aiora","39.4647117865","-0.3478682135","0","Profesional","VALENCIA MA CASA","Sí","Sí","No","No","No","No","No","No","https://images.habimg.com/imgh/19fa23af-94a4-4415-9611-4e438d509a24G.jpg","https://www.habitaclia.com/i32361000003280","2024-02-10","960714992<br> 655121880","info@valenciamacasa.com","No","Muy bueno","","No","No contactado","1168","2","2","115","950","8","143","Alta"
"milanuncios","515715477","Alquiler","Plurifamiliar","València","46008","Valencia","Valencia","Extramurs","Zona Botánico","39.4739907679","-0.3840377321","2","Profesional","SERINFO 1998  S L","No","No","No","No","No","No","No","No","https://images.habimg.com/imgh/12c12d94-282e-44a7-b8cc-7a187acc07b7G.jpg","https://www.milanuncios.com/anuncios/r515715477.htm","2024-06-06","962641584","serinfo2d96@realestate.com","No","","","No","No contactado","1169","1","1","60","900","15","36","Alta"
"habitaclia","3968","Alquiler","Plurifamiliar","ALQUILER PARA SEPTIEMBRE- Piso de un dormitorio, amueblado y recién reformado, ubicado en el Cabanyal (Valencia).","","Valencia","Valencia","Poblats Marítims","El Cabanyal - El Canyamelar","39.4703059333","-0.3318442667","0","Profesional","AREA MARITIMA","Sí","No","No","No","No","No","No","No","https://images.habimg.com/imgh/155150e1-7685-400c-8a1a-309e88400a93G.jpg","https://www.habitaclia.com/i8303004430891","2024-05-15","963.720.911","info@areamaritima.com","No","Muy bueno","","No","No contactado","1170","1","1","40","800","20","58","Alta"
"Fotocasa","e023-eBI","Alquiler","Plurifamiliar","Piso en Alquiler en  Avinguda de Blasco Ibáñez, L'Amistat","46021","Valencia","Valencia","Algirós","L'Amistat","39.4737341271","-0.3493963729","3º","Profesional","PRIMER GRUPO MARE NOSTRUM","Sí","Sí","Sí","Sí","Sí","Sí","Sí","Sí","","https://www.fotocasa.es/Building/Building_Detail.aspx?ai=183752044&tti=2","2024-07-04","962644316","marenostrum@primergrupo.com","No","Muy bueno","","No","No contactado","1171","4","2","120","1400","11","4","Alta"
"habitaclia","00607VMC","Alquiler","Plurifamiliar","","","Valencia","Valencia","Camins al Grau","Aiora","39.4647117865","-0.3478682135","0","Profesional","VALENCIA MA CASA","Sí","Sí","No","No","No","No","No","No","https://images.habimg.com/imgh/19fa23af-94a4-4415-9611-4e438d509a24G.jpg","https://www.habitaclia.com/i32361000003280","2024-02-10","960714992<br> 655121880","info@valenciamacasa.com","No","Muy bueno","","No","No contactado","1172","2","2","115","950","8","143","Alta"
"milanuncios","513186910","Alquiler","Plurifamiliar","València","46022","Valencia","Valencia","Algirós","Ciutat Jardí","39.4751630712","-0.3415666798","","Profesional","VALENCIA BIENES RAICES","No","Sí","No","No","No","No","No","No","https://images.habimg.com/imgh/06682b62-ca96-4602-a94b-5d18c0fd7b9bG.jpg","https://www.milanuncios.com/anuncios/r513186910.htm","2024-05-10","962640476","bienesyraices25a5@realestate.com","No","","","No","No contactado","1173","4","2","104","1700","16","53","Alta"
"habitaclia","BC2208","Alquiler","Plurifamiliar","PRECIOSA VIVIENDA CON GARAJE Y PISCINA EN SANT PAU","","Valencia","Valencia","Campanar","Sant Pau - Zona Palau de Congresos - Nou Campanar","39.4860411865","-0.4035896135","1","Profesional","BENICASA 2002 SERVICIOS INMOBILIARIOS","Sí","Sí","Sí","No","No","No","No","No","https://images.habimg.com/imgh/1485daaa-273a-4abe-8443-dd8fde63a723G.jpg","https://www.habitaclia.com/i41070000001493","2024-06-21","963656620","serviciosinmobiliariosbc2002@outlook.es","No","Muy bueno","","No","No contactado","1174","2","1","85","1595","18","11","Alta"
"habitaclia","10002611","Alquiler","Plurifamiliar","PISO EN CAMINO REAL","","Valencia","Valencia","Jesús","Camí Real","39.4386637192","-0.3894848768","0","Profesional","Icon Inmobiliaria","No","Sí","No","No","No","No","No","No","https://images.habimg.com/imgh/0eaa1a43-e4cb-43fe-b567-768010729ad2G.jpg","https://www.habitaclia.com/i32900000000962","2024-05-29","650953413","info@iconinmobiliaria.es","No","Muy bueno","","No","No contactado","1175","2","1","73","1200","16","37","Alta"
"milanuncios","513691741","Alquiler","Plurifamiliar","Pont de fusta - C. de Rafael Comenge","46010","Valencia","Valencia","La Saïdia","Trinitat","39.4823942","-0.3691109","1","Particular","","No","Sí","Sí","No","No","No","No","No","","https://www.milanuncios.com/anuncios/r513691741.htm","2024-05-15","","","No","","","No","No contactado","1176","1","1","70","950","13","48","Alta"
"habitaclia","15515855877","Alquiler","Plurifamiliar","Piso Calle Chiva 3","","Valencia","Valencia","Patraix","Barrio de Patraix","39.4651856786","-0.3905490214","5","Profesional","LIVE 4 LIFE","Sí","Sí","Sí","No","No","No","No","No","https://images.habimg.com/imgh/124a1da0-4127-4bfb-b1e9-76dd5a0db68dG.jpg","https://www.habitaclia.com/i28825000009350","2024-06-25","637692405","administracion@l4l.es","No","Muy bueno","","No","No contactado","1177","4","2","120","1400","11","7","Alta"
"habitaclia","Algiros","Alquiler","Plurifamiliar","Excelente piso en alquiler a estrenar!!!","","Valencia","Valencia","Algirós","Ciutat Jardí","39.4734753786","-0.3407967214","0","Profesional","Piso España Real Estate","No","Sí","Sí","No","No","No","No","No","https://images.habimg.com/imgh/04bf28e5-c027-45d0-a69a-70b89be6cee4G.jpg","https://www.habitaclia.com/i47668000000082","2024-06-25","622316136","rominag.brancieri@gmail.com","No","Muy bueno","","No","No contactado","1178","2","2","80","1900","23","7","Alta"
"habitaclia","01440VMC","Alquiler","Plurifamiliar","","","Valencia","Valencia","Algirós","L'Illa Perduda","39.4703217865","-0.3394882135","0","Profesional","VALENCIA MA CASA","Sí","Sí","No","No","No","No","No","No","https://images.habimg.com/imgh/22033dac-44de-484a-96e6-2501c094ca2eG.jpg","https://www.habitaclia.com/i32361000003057","2023-11-19","960714992<br> 655121880","info@valenciamacasa.com","No","Muy bueno","","No","No contactado","1179","3","1","100","1000","10","226","Alta"
"milanuncios","506718803","Alquiler","Plurifamiliar","València","46011","Valencia","Valencia","Poblats Marítims","El Cabanyal - El Canyamelar","39.4687501012","-0.3287998988","","Profesional","Valencia Ma Casa","Sí","No","No","No","No","No","No","No","https://images.habimg.com/imgh/4ba59fbf-c760-4fb9-aee3-f48f5d9b26ecG.jpg","https://www.milanuncios.com/anuncios/r506718803.htm","2024-02-16","962940167","valenciamacasa388d@realestate.com","No","","","No","No contactado","1180","1","1","30","850","28","137","Alta"
"habitaclia","244","Alquiler","Plurifamiliar","","","Valencia","Valencia","Poblats Marítims","El Cabanyal - El Canyamelar","39.4695465","-0.3335473","0","Profesional","IPISOS","Sí","No","No","No","No","No","No","No","https://images.habimg.com/imgh/05c76633-4f23-422a-bb95-229f4734ff86G.jpg","https://www.habitaclia.com/i12419000000209","2023-11-07","961931086","armandosuero@ipisos-realestate.com","No","Muy bueno","","No","No contactado","1181","1","1","70","950","13","238","Alta"
"habitaclia","2326","Alquiler","Plurifamiliar","Amueblado para entrar en Pérez Galdós","","Valencia","Valencia","L'Olivereta","Nou Moles","39.4679992786","-0.3911690214","8","Profesional","ANTONIO SERRA INMOBILIARIA","Sí","Sí","No","No","No","No","No","No","https://images.habimg.com/imgh/006412f4-ac1b-428d-a3f2-7779e84745f6G.jpg","https://www.habitaclia.com/i13561000000339","2024-05-16","961.101.750","antonioserra.com@gmail.com","No","Muy bueno","","No","No contactado","1182","3","1","80","1150","14","47","Alta"
"milanuncios","514487727","Alquiler","Plurifamiliar","Cabañal - C/ de Carles Ros","46011","Valencia","Valencia","Poblats Marítims","El Cabanyal - El Canyamelar","39.4708034","-0.3295597","3","Particular","","No","No","No","No","Sí","No","No","No","","https://www.milanuncios.com/anuncios/r514487727.htm","2024-05-24","","","No","","","No","No contactado","1183","3","1","70","2500","35","39","Alta"
"milanuncios","516672164","Alquiler","Plurifamiliar","València","46020","Valencia","Valencia","Benimaclet","Barrio de Benimaclet","39.487177668","-0.355508032","3","Profesional","Yourentaflat S L","No","Sí","No","No","No","No","No","No","https://images.habimg.com/imgh/05ae6c51-ed19-4a60-8a80-eed58fb794c0G.jpg","https://www.milanuncios.com/anuncios/r516672164.htm","2024-06-14","962949801","live4life7722@realestate.com","No","","","No","No contactado","1184","4","2","120","1600","13","24","Alta"
"habitaclia","383c1fe524c8","Alquiler","Plurifamiliar","SE ALQUILA PISO PARA ESTUDIANTES EN EL BARRIO DE L´AMISTAD","","Valencia","Valencia","Algirós","L'Amistat","39.472912","-0.3516228","1","Particular","","No","Sí","No","No","No","No","No","No","https://images.habimg.com/imgh/276b3971-2f05-478b-8f43-54ed9e1357cbG.jpg","https://www.habitaclia.com/i500006001147","2024-07-08","","","No","Muy bueno","","No","No contactado","1185","4","2","115","1600","13","18","Alta"
"habitaclia","18571","Alquiler","Plurifamiliar","ALQUILER VIVIENDA EN VALENCIA","","Valencia","Valencia","Benicalap","Barrio de Benicalap","39.4912244886","-0.3868894114","0","Profesional","SERINFO","Sí","Sí","No","No","No","No","No","No","https://images.habimg.com/imgh/12652e1a-d13e-49c9-a395-6165ca666e70G.jpg","https://www.habitaclia.com/i11736002354501","2024-07-10","961134218","atencion@serinfovalencia.com","No","Muy bueno","","No","No contactado","1186","3","1","70","900","12","1","Alta"
"Fotocasa","VQ772","Alquiler","Plurifamiliar","Piso en Alquiler en Jaume Roig","46010","Valencia","Valencia","El Pla del Real","Jaume Roig","39.4816067879","-0.3596071121","4º","Profesional","Callaghan Inmobiliaria","Sí","Sí","No","No","No","Sí","No","No","https://static.fotocasa.es/images/ads/479bbfff-ae51-45fe-8a3b-78fcdaa77e78?rule=feeds_1920x1080","https://www.fotocasa.es/Building/Building_Detail.aspx?ai=183866965&tti=2","2024-07-17","961282196","i.callaghaninmobiliaria.9083.3@inmovilla.com","No","Muy bueno","","No","No contactado","1187","3","2","110","1500","13","8","Alta"
"milanuncios","517565659","Alquiler","Plurifamiliar","València","46023","Valencia","Valencia","El Pla del Real","Mestalla","39.4674141179","-0.3569945821","","Profesional","Expercasa Burjassot","No","Sí","No","No","No","No","No","No","https://images.habimg.com/imgh/0975a8d0-43ba-4558-bc3d-5177e8f8ac29G.jpg","https://www.milanuncios.com/anuncios/r517565659.htm","2024-06-24","962946402","expercasaburjassotfa84@realestate.com","No","","","No","No contactado","1188","3","1","98","1200","12","24","Alta"
"milanuncios","481168613","Alquiler","Plurifamiliar","València","46018","Valencia","Valencia","L'Olivereta","Nou Moles","39.4761820012","-0.3941785988","","Profesional","ESPERANZA HERRERO GESTIÓN INMOBILIARIA","Sí","Sí","No","No","No","No","No","No","https://images.habimg.com/imgh/055f1afc-c665-48fc-9099-fe4a742a791fG.jpg","https://www.milanuncios.com/anuncios/r481168613.htm","2023-03-21","962648517","esperanzaherreroabogadayagented82e7@realestate.com","No","","","No","No contactado","1189","3","1","96","1100","11","469","Alta"
"milanuncios","517497036","Alquiler","Plurifamiliar","Zaidía - C/ de l''Actor Mora","46009","Valencia","Valencia","La Saïdia","Morvedre","39.4865289","-0.3765527","4","Particular","","No","Sí","No","No","No","No","No","No","","https://www.milanuncios.com/anuncios/r517497036.htm","2024-06-22","","","No","","","No","No contactado","1190","3","1","85","1100","12","10","Muy alta"
"milanuncios","517497036","Alquiler","Plurifamiliar","Zaidía - C/ de l''Actor Mora","46009","Valencia","Valencia","La Saïdia","Morvedre","39.4865289","-0.3765527","4","Particular","","No","Sí","No","No","No","No","No","No","","https://www.milanuncios.com/anuncios/r517497036.htm","2024-06-22","","","No","","","No","No contactado","1191","3","1","85","1100","12","10","Muy alta"
"milanuncios","517222974","Alquiler","Plurifamiliar","Patraix - Carrer de Juan de Garay","46017","Valencia","Valencia","Patraix","Favara","39.4542961121","-0.3940944076","3","Particular","","No","Sí","No","No","No","No","No","No","","https://www.milanuncios.com/anuncios/r517222974.htm","2024-06-19","","","No","","","No","No contactado","1192","2","1","50","850","17","18","Muy alta"
"milanuncios","518222645","Alquiler","Plurifamiliar","València","46020","Valencia","Valencia","Benimaclet","Barrio de Benimaclet","39.48735806","-0.35729534","","Profesional","INMOBILIARIA LAURIA","Sí","No","No","No","No","No","No","No","https://images.habimg.com/imgh/08cf5352-24a1-49a9-a391-e6be8d3f174cG.jpg","https://www.milanuncios.com/anuncios/r518222645.htm","2024-07-02","960968667","inmobiliarialauria9d4a@realestate.com","No","","","No","No contactado","1193","3","1","93","1000","10","13","Muy alta"
"milanuncios","518495942","Alquiler","Unifamiliar","Barrio Benicalap - C. de la Florista","46015","Valencia","Valencia","Benicalap","Barrio de Benicalap","39.4940807","-0.3959071","1","Particular","","No","No","No","No","No","No","No","No","","https://www.milanuncios.com/anuncios/r518495942.htm","2024-07-04","","","No","","","No","No contactado","1194","1","1","180","110","","26","Muy alta"
"milanuncios","518232714","Alquiler","Plurifamiliar","València","46009","Valencia","Valencia","La Saïdia","Sant Antoni","39.4869166943","-0.3748171057","7","Profesional","IPISOS","Sí","Sí","No","No","No","No","No","No","https://images.habimg.com/imgh/025f7636-aa17-4ef8-8fcd-c37518f43d53G.jpg","https://www.milanuncios.com/anuncios/r518232714.htm","2024-07-02","962949187","ipisosb78b@realestate.com","No","","","No","No contactado","1195","2","2","82","1100","13","28","Muy alta"
"milanuncios","519979827","Alquiler","Plurifamiliar","València","46018","Valencia","Valencia","L'Olivereta","Tres Forques","39.4687217943","-0.4053492057","","Profesional","Alquila Tu Hogar","No","Sí","No","No","No","No","No","No","https://images.habimg.com/imgh/0b0ec195-19c1-4829-8916-63f2c28839adG.jpg","https://www.milanuncios.com/anuncios/r519979827.htm","2024-07-19","910925087","alquilatuhogard90a@realestate.com","No","","","No","No contactado","1196","3","1","88","930","10","11","Muy alta"
"habitaclia","1235","Alquiler","Plurifamiliar","ÁTICO EN VARA DE QUART","","Valencia","Valencia","Ciutat Vella","Sant Francesc","39.4721622222","-0.3748722778","6","Profesional","Hola Inmobiliaria","Sí","Sí","No","No","No","No","No","No","https://images.habimg.com/imgh/0403c5aa-9f45-4fe7-a51a-dc8602fd6db0G.jpg","https://www.habitaclia.com/i51936000000058","2024-07-10","633040498","mlstrategicsl@gmail.com","No","Muy bueno","","No","No contactado","1197","1","2","110","1200","10","20","Muy alta"
"milanuncios","479720291","Alquiler","Plurifamiliar","València","46022","Valencia","Valencia","Algirós","Ciutat Jardí","39.4691627943","-0.3485872057","","Profesional","Valencia Ma Casa","Sí","Sí","No","No","No","No","No","No","https://images.habimg.com/imgh/006d6494-57b1-4fa7-bbf5-b902a18df8daG.jpg","https://www.milanuncios.com/anuncios/r479720291.htm","2023-03-08","962940167","valenciamacasa388d@realestate.com","No","","","No","No contactado","1198","4","2","110","1400","12","510","Muy alta"
"habitaclia","483-02487","Alquiler","Plurifamiliar","ValenciaPiso","","Valencia","Valencia","Poblats Marítims","El Cabanyal - El Canyamelar","39.4734900072","-0.3304419928","1","Profesional","PRINCESA INMOBILIARIA","No","No","No","No","No","No","No","No","https://images.habimg.com/imgh/319e9a6b-6374-4c67-9b95-b6085e618502G.jpg","https://www.habitaclia.com/i8049003989293","2024-07-25","960 963 418","info@inmoprincesa.es","No","Muy bueno","","No","No contactado","1199","1","1","30","750","25","5","Muy alta"
"habitaclia","568CA","Alquiler","Plurifamiliar","DISPONIBLE AGOSTO. Maravillosa vivienda en Beteró, a 3 minutos de Avenida Blasco Ibáñez","","Valencia","Valencia","Poblats Marítims","Beteró","39.4746028722","-0.3326830278","0","Profesional","RUBIO Y ASOCIADOS INMOBILIARIA","Sí","Sí","No","No","No","No","No","No","https://images.habimg.com/imgh/136acf55-d790-463f-bd58-e8609e3b9b5eG.jpg","https://www.habitaclia.com/i18046003102371","2024-07-18","960217106","campoamor@rubioyasociados.com","No","Muy bueno","","No","No contactado","1200","4","2","100","1400","14","12","Muy alta"
"milanuncios","519634268","Alquiler","Plurifamiliar","València","46011","Valencia","Valencia","Poblats Marítims","La Malva-rosa","39.4797352943","-0.3297159057","","Profesional","","No","Sí","No","No","No","No","No","No","https://images.habimg.com/imgh/34a15723-85a1-409e-9608-36b6c925eb7cG.jpg","https://www.milanuncios.com/anuncios/r519634268.htm","2024-07-16","","","No","","","No","No contactado","1201","3","1","75","1000","13","14","Muy alta"
"milanuncios","520200528","Alquiler","Plurifamiliar","València","46025","Valencia","Valencia","Benicalap","Barrio de Benicalap","39.4895078943","-0.3842515057","","Profesional","Yourentaflat S L","No","No","No","No","No","No","No","No","https://images.habimg.com/imgh/03b4b38c-783d-476a-9cc6-e1c06b3e4ebeG.jpg","https://www.milanuncios.com/anuncios/r520200528.htm","2024-07-22","962949758","live4life7722@realestate.com","No","","","No","No contactado","1202","3","1","80","1000","12","8","Muy alta"
"milanuncios","518306621","Alquiler","Plurifamiliar","El Perellonet","46012","Valencia","Valencia","El Perellonet","","39.2907889541","-0.2849957049","","Profesional","Inmaculada Rocafort   Jf","Sí","Sí","No","No","No","No","Sí","No","https://images.habimg.com/imgh/00457707-9820-4481-85c9-39812999b264G.jpg","https://www.milanuncios.com/anuncios/r518306621.htm","2024-07-03","662667310","inmaculadarocafortjfb425@realestate.com","No","","","No","No contactado","1203","7","2","120","4299","35","27","Muy alta"
"milanuncios","517869580","Alquiler","Plurifamiliar","València","46018","Valencia","Valencia","L'Olivereta","Nou Moles","39.4733960012","-0.3940355988","1","Profesional","Yourentaflat S L","Sí","Sí","No","No","No","No","No","No","https://images.habimg.com/imgh/12dfa22e-4387-40d0-a2e7-4aeea1ed51a4G.jpg","https://www.milanuncios.com/anuncios/r517869580.htm","2024-06-27","955444401","live4life7722@realestate.com","No","","","No","No contactado","1204","3","1","72","1100","15","5","Muy alta"
"milanuncios","518966797","Alquiler","Plurifamiliar","València","46021","Valencia","Valencia","El Pla del Real","Mestalla","39.4689106633","-0.3549787167","Bajos","Profesional","Ml Strategic Properties S L","No","Sí","No","No","No","No","No","No","https://images.habimg.com/imgh/0d5d47ac-2e0a-47ed-a85b-cb00969139dcG.jpg","https://www.milanuncios.com/anuncios/r518966797.htm","2024-07-10","962646172","holainmobiliariaab2f@realestate.com","No","","","No","No contactado","1205","4","2","80","1500","18","12","Muy alta"
"habitaclia","25","Alquiler","Plurifamiliar","PISO PARA ESTUDIANTES","","Valencia","Valencia","Benimàmet","","39.4990386081","-0.4206876245","0","Profesional","Homelife Valencia Real Estate","No","Sí","No","No","No","No","No","No","https://images.habimg.com/imgh/26df3fde-57c6-4cd9-8be8-3dd2d2e6e0d0G.jpg","https://www.habitaclia.com/i43075000000055","2024-06-27","630503458","jtorres@homelifevalencia.com","No","Muy bueno","","No","No contactado","1206","3","2","101","900","8","8","Muy alta"
"Fotocasa","","Alquiler","Plurifamiliar","Ático en Alquiler en  Plaça de l'Ajuntament, 3, Sant Francesc","46002","Valencia","Valencia","Ciutat Vella","Sant Francesc","39.4709083","-0.3770525","","Particular","alexseguiroig5","No","No","No","No","No","No","No","No","","https://www.fotocasa.es/Building/Building_Detail.aspx?ai=183711513&tti=1","2024-06-29","677383365","alexseguiroig5@gmail.com","No","Muy bueno","","No","No contactado","1207","1","1","50","795","15","3","Muy alta"
"milanuncios","517941104","Alquiler","Plurifamiliar","Benicalap - Carrer del Garbí","46015","Valencia","Valencia","Benicalap","Barrio de Benicalap","39.4921438","-0.3949208","3","Particular","","No","Sí","No","No","No","No","No","No","","https://www.milanuncios.com/anuncios/r517941104.htm","2024-06-28","","","No","","","No","No contactado","1208","1","1","40","700","17","4","Muy alta"
"milanuncios","479721270","Alquiler","Plurifamiliar","València","46021","Valencia","Valencia","Algirós","La Bega Baixa - Plaza Xúquer","39.4766101012","-0.3466198988","2","Profesional","Valencia Ma Casa","Sí","Sí","No","No","No","No","No","No","https://images.habimg.com/imgh/05b27929-fd70-44a3-928e-48846c55f8c5G.jpg","https://www.milanuncios.com/anuncios/r479721270.htm","2023-03-08","962940167","valenciamacasa388d@realestate.com","No","","","No","No contactado","1209","4","2","100","1300","13","482","Muy alta"
"milanuncios","517941104","Alquiler","Plurifamiliar","Benicalap - Carrer del Garbí","46015","Valencia","Valencia","Benicalap","Barrio de Benicalap","39.4921438","-0.3949208","3","Particular","","No","Sí","No","No","No","No","No","No","","https://www.milanuncios.com/anuncios/r517941104.htm","2024-06-28","","","No","","","No","No contactado","1210","1","1","40","700","17","4","Muy alta"
"Fotocasa","","Alquiler","Plurifamiliar","Piso en Alquiler en  Carrer de Sarrión, 12, Tormos","46009","Valencia","Valencia","La Saïdia","Tormos","39.4879117","-0.3778333","","Particular","carminajul67","No","Sí","No","No","No","No","No","No","https://static.fotocasa.es/images/anuncio/2024/06/29/183709432/3931457410.jpg?rule=feeds_1920x1080","https://www.fotocasa.es/Building/Building_Detail.aspx?ai=183709432&tti=1","2024-06-29","637598972","carminajul67@gmail.com","No","Muy bueno","","No","No contactado","1211","3","1","90","1200","13","3","Muy alta"
"Fotocasa","","Alquiler","Plurifamiliar","Piso en Alquiler en  Carrer de Sarrión, 12, Tormos","46009","Valencia","Valencia","La Saïdia","Tormos","39.4879117","-0.3778333","","Particular","carminajul67","No","Sí","No","No","No","No","No","No","https://static.fotocasa.es/images/anuncio/2024/06/29/183709432/3931457410.jpg?rule=feeds_1920x1080","https://www.fotocasa.es/Building/Building_Detail.aspx?ai=183709432&tti=1","2024-06-29","637598972","carminajul67@gmail.com","No","Muy bueno","","No","No contactado","1212","3","1","90","1200","13","3","Muy alta"
"Fotocasa","","Alquiler","Plurifamiliar","Ático en Alquiler en  Plaça de l'Ajuntament, 3, Sant Francesc","46002","Valencia","Valencia","Ciutat Vella","Sant Francesc","39.4709083","-0.3770525","","Particular","alexseguiroig5","No","No","No","No","No","No","No","No","","https://www.fotocasa.es/Building/Building_Detail.aspx?ai=183711513&tti=1","2024-06-29","677383365","alexseguiroig5@gmail.com","No","Muy bueno","","No","No contactado","1213","1","1","50","795","15","3","Muy alta"
"milanuncios","479721270","Alquiler","Plurifamiliar","València","46021","Valencia","Valencia","Algirós","La Bega Baixa - Plaza Xúquer","39.4766101012","-0.3466198988","2","Profesional","Valencia Ma Casa","Sí","Sí","No","No","No","No","No","No","https://images.habimg.com/imgh/05b27929-fd70-44a3-928e-48846c55f8c5G.jpg","https://www.milanuncios.com/anuncios/r479721270.htm","2023-03-08","962940167","valenciamacasa388d@realestate.com","No","","","No","No contactado","1214","4","2","100","1300","13","482","Muy alta"
"milanuncios","517869580","Alquiler","Plurifamiliar","València","46018","Valencia","Valencia","L'Olivereta","Nou Moles","39.4733960012","-0.3940355988","1","Profesional","Yourentaflat S L","Sí","Sí","No","No","No","No","No","No","https://images.habimg.com/imgh/12dfa22e-4387-40d0-a2e7-4aeea1ed51a4G.jpg","https://www.milanuncios.com/anuncios/r517869580.htm","2024-06-27","955444401","live4life7722@realestate.com","No","","","No","No contactado","1215","3","1","72","1100","15","5","Muy alta"
"milanuncios","517136530","Alquiler","Plurifamiliar","València","46022","Valencia","Valencia","Algirós","L'Illa Perduda","39.4721816781","-0.3384798419","","Profesional","AYORA REAL ESTATE SL","Sí","Sí","No","No","No","No","No","No","https://images.habimg.com/imgh/2404df7e-1d7a-4ae2-a682-220a8dcb24d1G.jpg","https://www.milanuncios.com/anuncios/r517136530.htm","2024-06-18","962645802","everlyhomeislaperdida59e3@realestate.com","No","","","No","No contactado","1216","2","1","81","1000","12","23","Muy alta"
"milanuncios","513691741","Alquiler","Plurifamiliar","Pont de fusta - C. de Rafael Comenge","46010","Valencia","Valencia","La Saïdia","Trinitat","39.4823942","-0.3691109","1","Particular","","No","Sí","Sí","No","No","No","No","No","","https://www.milanuncios.com/anuncios/r513691741.htm","2024-05-15","","","No","","","No","No contactado","1217","1","1","70","950","13","63","Muy alta"
"habitaclia","4574318","Alquiler","Plurifamiliar","Piso reformado integralmente.","46022","Valencia","Valencia","Camins al Grau","Aiora","39.4680983","-0.3493162","0","Particular","","Sí","Sí","No","No","No","No","No","No","https://images.habimg.com/imgh/500-img4574318-478164204G.jpg","https://www.habitaclia.com/i500004574318","2024-06-21","638952939","oriol@ballesteros.cat","No","Muy bueno","","No","No contactado","1218","3","1","70","1150","16","11","Muy alta"
"milanuncios","518162524","Alquiler","Plurifamiliar","Ayora - C/ dels Sants Just i Pastor","46022","Valencia","Valencia","Camins al Grau","Aiora","39.4686218","-0.3447327","7","Particular","","No","Sí","No","No","No","No","No","No","","https://www.milanuncios.com/anuncios/r518162524.htm","2024-07-01","","","No","","","No","No contactado","1219","3","1","95","1200","12","13","Muy alta"
"habitaclia","4574318","Alquiler","Plurifamiliar","Piso reformado integralmente.","46022","Valencia","Valencia","Camins al Grau","Aiora","39.4680983","-0.3493162","0","Particular","","Sí","Sí","No","No","No","No","No","No","https://images.habimg.com/imgh/500-img4574318-478164204G.jpg","https://www.habitaclia.com/i500004574318","2024-06-21","638952939","oriol@ballesteros.cat","No","Muy bueno","","No","No contactado","1220","3","1","70","1150","16","11","Muy alta"
"milanuncios","513000057","Alquiler","Plurifamiliar","València","46024","Valencia","Valencia","Poblats Marítims","Natzaret","39.4506914307","-0.3299571296","","Profesional","Finaer","Sí","No","No","No","No","No","No","No","https://images.habimg.com/imgh/0d501c83-1833-4c9a-8e48-535e0e4b877bG.jpg","https://www.milanuncios.com/anuncios/r513000057.htm","2024-05-08","696587039","inmobiliariascongarantiafinaere6e5@realestate.com","No","","","No","No contactado","1221","2","2","100","1400","14","55","Muy alta"
"milanuncios","513585853","Alquiler","Plurifamiliar","València","46021","Valencia","Valencia","Camins al Grau","Aiora","39.4683456608","-0.3489247308","","Profesional","ALAMEDA INMOBILIARIA C B","Sí","Sí","No","No","No","No","No","No","https://images.habimg.com/imgh/0eb3fc70-8ac4-45e6-a361-76213b466bb1G.jpg","https://www.milanuncios.com/anuncios/r513585853.htm","2024-05-14","961282115","alamedainmobiliaria4cd0@realestate.com","No","","","No","No contactado","1222","2","1","53","925","17","62","Muy alta"
"milanuncios","513000057","Alquiler","Plurifamiliar","València","46024","Valencia","Valencia","Poblats Marítims","Natzaret","39.4506914307","-0.3299571296","","Profesional","Finaer","Sí","No","No","No","No","No","No","No","https://images.habimg.com/imgh/0d501c83-1833-4c9a-8e48-535e0e4b877bG.jpg","https://www.milanuncios.com/anuncios/r513000057.htm","2024-05-08","696587039","inmobiliariascongarantiafinaere6e5@realestate.com","No","","","No","No contactado","1223","2","2","100","1400","14","55","Muy alta"
"milanuncios","517861022","Alquiler","Plurifamiliar","València","46022","Valencia","Valencia","Algirós","Ciutat Jardí","39.4717318533","-0.3476988087","2","Profesional","Inmocuattro Patraix S L","No","Sí","No","No","No","No","No","No","https://images.habimg.com/imgh/030356e0-128f-416d-a710-f22cf59bdad1G.jpg","https://www.milanuncios.com/anuncios/r517861022.htm","2024-06-27","963783104","inmocuattrovalenciaf1d6@realestate.com","No","","","No","No contactado","1224","3","1","89","1000","11","20","Muy alta"
"milanuncios","516963818","Alquiler","Plurifamiliar","València","46019","Valencia","Valencia","Rascanya","Torrefiel","39.4983091012","-0.3732447988","1","Profesional","VICENTE GARCÍA  JOSE ANGEL","Sí","Sí","No","No","No","No","No","No","https://images.habimg.com/imgh/0906dc68-13f1-452b-8595-636e55258e3eG.jpg","https://www.milanuncios.com/anuncios/r516963818.htm","2024-06-17","961281558","alameda10dt69e2@realestate.com","No","","","No","No contactado","1225","4","2","104","1300","12","15","Muy alta"
"Fotocasa","","Alquiler","Plurifamiliar","Piso en Alquiler en  Carrer de Vicent Brull, 52, El Cabanyal - El Canyamelar","46011","Valencia","Valencia","Poblats Marítims","El Cabanyal - El Canyamelar","39.465057","-0.3327006","","Particular","satalirent","Sí","No","No","No","No","No","No","No","https://static.fotocasa.es/images/anuncio/2024/05/30/183439328/3884373016.jpg?rule=feeds_1920x1080","https://www.fotocasa.es/Building/Building_Detail.aspx?ai=183439328&tti=1","2024-05-30","961152392","satalirent@gmail.com","No","Muy bueno","","No","No contactado","1226","3","1","70","1600","22","33","Muy alta"
"Fotocasa","","Alquiler","Plurifamiliar","Piso en Alquiler en  Carrer de Vicent Brull, 52, El Cabanyal - El Canyamelar","46011","Valencia","Valencia","Poblats Marítims","El Cabanyal - El Canyamelar","39.465057","-0.3327006","","Particular","satalirent","Sí","No","No","No","No","No","No","No","https://static.fotocasa.es/images/anuncio/2024/05/30/183439328/3884373016.jpg?rule=feeds_1920x1080","https://www.fotocasa.es/Building/Building_Detail.aspx?ai=183439328&tti=1","2024-05-30","961152392","satalirent@gmail.com","No","Muy bueno","","No","No contactado","1227","3","1","70","1600","22","33","Muy alta"
"milanuncios","516963818","Alquiler","Plurifamiliar","València","46019","Valencia","Valencia","Rascanya","Torrefiel","39.4983091012","-0.3732447988","1","Profesional","VICENTE GARCÍA  JOSE ANGEL","Sí","Sí","No","No","No","No","No","No","https://images.habimg.com/imgh/0906dc68-13f1-452b-8595-636e55258e3eG.jpg","https://www.milanuncios.com/anuncios/r516963818.htm","2024-06-17","961281558","alameda10dt69e2@realestate.com","No","","","No","No contactado","1228","4","2","104","1300","12","15","Muy alta"
"milanuncios","519415812","Alquiler","Plurifamiliar","Cabañal - C/ d''Escalante","46011","Valencia","Valencia","Poblats Marítims","El Cabanyal - El Canyamelar","39.4735772","-0.329582","4","Particular","","No","No","No","Sí","Sí","No","No","No","","https://www.milanuncios.com/anuncios/r519415812.htm","2024-07-13","","","No","","","No","No contactado","1229","3","1","71","1100","15","16","Muy alta"
"habitaclia","MDA-CRCHIL","Alquiler","Plurifamiliar","Loft en complejo moderno con piscina y garaje","","Valencia","Valencia","Patraix","Vara de Quart","39.4604506272","-0.412413512","1","Profesional","Myodomo","Sí","Sí","Sí","No","No","No","No","No","https://images.habimg.com/imgh/2793c478-86c5-4ea0-b268-16284b99c5aaG.jpg","https://www.habitaclia.com/i29838000000261","2024-07-01","622397413","milatishchenko@hotmail.com","No","Muy bueno","","No","No contactado","1230","","1","84","1050","12","29","Muy alta"
"milanuncios","514035041","Alquiler","Plurifamiliar","Ruzafa - C. de Cuba","46006","Valencia","Valencia","L'Eixample","Russafa","39.4604371","-0.3759712","6","Particular","","No","Sí","No","No","Sí","No","No","No","","https://www.milanuncios.com/anuncios/r514035041.htm","2024-05-19","","","Sí","","","No","No contactado","1231","1","1","65","900","13","61","Muy alta"
"habitaclia","324","Alquiler","Plurifamiliar","EXCELENTE VIVIENDA EN CL. ALVARO DE BAZÁN!!!","","Valencia","Valencia","El Pla del Real","Jaume Roig","39.4806994786","-0.3611664214","4","Profesional","IPISOS","No","Sí","No","No","No","No","No","No","https://images.habimg.com/imgh/061d4eda-b124-4d4c-89eb-b6e76e4a0681G.jpg","https://www.habitaclia.com/i12419000000300","2024-06-11","961931086","armandosuero@ipisos-realestate.com","No","Muy bueno","","No","No contactado","1232","4","2","124","1400","11","21","Muy alta"
"habitaclia","324","Alquiler","Plurifamiliar","EXCELENTE VIVIENDA EN CL. ALVARO DE BAZÁN!!!","","Valencia","Valencia","El Pla del Real","Jaume Roig","39.4806994786","-0.3611664214","4","Profesional","IPISOS","No","Sí","No","No","No","No","No","No","https://images.habimg.com/imgh/061d4eda-b124-4d4c-89eb-b6e76e4a0681G.jpg","https://www.habitaclia.com/i12419000000300","2024-06-11","961931086","armandosuero@ipisos-realestate.com","No","Muy bueno","","No","No contactado","1233","4","2","124","1400","11","21","Muy alta"
"habitaclia","0285201","Alquiler","Plurifamiliar","Junto Plaza Obispo Amigó y Abastos","","Valencia","Valencia","Extramurs","Arrancapins","39.4667127865","-0.3864772135","0","Profesional","DONPISO","Sí","Sí","No","No","No","No","No","No","https://images.habimg.com/imgh/885-img3218967-478201334G.jpg","https://www.habitaclia.com/i885003218967","2024-06-24","933069090","info@donpiso.com","No","Muy bueno","","No","No contactado","1234","2","1","90","1300","14","8","Muy alta"
"habitaclia","1771","Alquiler","Plurifamiliar","","","Valencia","Valencia","La Saïdia","Tormos","39.491320926","-0.375874674","4","Profesional","ALAMEDA 10DT","Sí","Sí","No","No","No","No","No","No","https://images.habimg.com/imgh/0d5f4593-801b-4e16-89bb-088255c5294aG.jpg","https://www.habitaclia.com/i43366000000907","2024-07-17","690062272","info@alameda10dt.com","No","Muy bueno","","No","No contactado","1235","3","1","90","975","10","12","Muy alta"
"habitaclia","0285201","Alquiler","Plurifamiliar","Junto Plaza Obispo Amigó y Abastos","","Valencia","Valencia","Extramurs","Arrancapins","39.4667127865","-0.3864772135","0","Profesional","DONPISO","Sí","Sí","No","No","No","No","No","No","https://images.habimg.com/imgh/885-img3218967-478201334G.jpg","https://www.habitaclia.com/i885003218967","2024-06-24","933069090","info@donpiso.com","No","Muy bueno","","No","No contactado","1236","2","1","90","1300","14","8","Muy alta"
"milanuncios","514989404","Alquiler","Plurifamiliar","València","46022","Valencia","Valencia","Algirós","L'Illa Perduda","39.4717087012","-0.3393645988","2","Profesional","SERINFO 1998  S L","No","Sí","No","No","No","No","No","No","https://images.habimg.com/imgh/2a4088e3-0eaf-46b0-bf1c-e50eb2b92771G.jpg","https://www.milanuncios.com/anuncios/r514989404.htm","2024-05-30","962641584","serinfo2d96@realestate.com","No","","","No","No contactado","1237","2","1","65","875","13","33","Muy alta"
"milanuncios","514989404","Alquiler","Plurifamiliar","València","46022","Valencia","Valencia","Algirós","L'Illa Perduda","39.4717087012","-0.3393645988","2","Profesional","SERINFO 1998  S L","No","Sí","No","No","No","No","No","No","https://images.habimg.com/imgh/2a4088e3-0eaf-46b0-bf1c-e50eb2b92771G.jpg","https://www.milanuncios.com/anuncios/r514989404.htm","2024-05-30","962641584","serinfo2d96@realestate.com","No","","","No","No contactado","1238","2","1","65","875","13","33","Muy alta"
"habitaclia","2692","Alquiler","Plurifamiliar","","","Valencia","Valencia","L'Olivereta","Tres Forques","39.4676175223","-0.4041854777","0","Profesional","RENTA GARANTIZADA SA","Sí","No","No","No","No","No","No","No","https://images.habimg.com/imgh/06ba68ad-c90f-4318-b355-dc1f7edd8f93G.jpg","https://www.habitaclia.com/i15991003985303","2024-06-10","915350773","inma@rentagarantizada.es","No","Muy bueno","","No","No contactado","1239","1","1","45","590","13","29","Muy alta"
"milanuncios","517994704","Alquiler","Plurifamiliar","València","46015","Valencia","Valencia","Benicalap","Barrio de Benicalap","39.4946027024","-0.3981488976","","Profesional","ALQUILER SEGURO CENTRAL","Sí","Sí","No","No","No","No","No","No","https://images.habimg.com/imgh/057a37d6-ed00-42bf-8a79-49dbdb1f6a6dG.jpg","https://www.milanuncios.com/anuncios/r517994704.htm","2024-06-28","919453756","alquilerseguro96f0@realestate.com","No","","","No","No contactado","1240","2","1","65","795","12","12","Muy alta"
"Fotocasa","","Alquiler","Plurifamiliar","Ático en Alquiler en  Carrer de la Creu Roja, 2, Xirivella","46014","Valencia","Valencia","Barrio de la Luz","","39.4625802","-0.4136915","","Particular","dwv7m5xdwx","Sí","Sí","Sí","No","Sí","No","No","No","https://static.fotocasa.es/images/anuncio/2024/07/24/183915992/3994175562.jpg?rule=feeds_1920x1080","https://www.fotocasa.es/Building/Building_Detail.aspx?ai=183915992&tti=1","2024-07-24","615373175","dwv7m5xdwx@privaterelay.appleid.com","No","Muy bueno","","No","No contactado","1241","1","2","110","1200","10","6","Muy alta"
"milanuncios","517693555","Alquiler","Plurifamiliar","Campanar - Av. de Campanar","46009","Valencia","Valencia","Campanar","Campanar - La Fe","39.4827739","-0.3922433","3","Particular","","No","No","No","No","No","No","No","No","","https://www.milanuncios.com/anuncios/r517693555.htm","2024-06-25","","","No","","","No","No contactado","1242","2","1","90","1040","11","17","Muy alta"
"milanuncios","517179527","Alquiler","Unifamiliar","Benicalap - Plaça d''Espanya","46007","Valencia","Valencia","Extramurs","La Roqueta","39.4655761719","-0.3814638853","2","Particular","","Sí","Sí","No","No","Sí","No","No","No","","https://www.milanuncios.com/anuncios/r517179527.htm","2024-06-18","","","No","","","No","No contactado","1243","2","1","80","85","1","14","Muy alta"
"milanuncios","517179527","Alquiler","Unifamiliar","Benicalap - Plaça d''Espanya","46007","Valencia","Valencia","Extramurs","La Roqueta","39.4655761719","-0.3814638853","2","Particular","","Sí","Sí","No","No","Sí","No","No","No","","https://www.milanuncios.com/anuncios/r517179527.htm","2024-06-18","","","No","","","No","No contactado","1244","2","1","80","85","1","14","Muy alta"
"Fotocasa","","Alquiler","Plurifamiliar","Piso en Alquiler en  Carrer de Vicent Brull, 52, El Cabanyal - El Canyamelar","46011","Valencia","Valencia","Poblats Marítims","El Cabanyal - El Canyamelar","39.465057","-0.3327006","","Particular","satalirent","Sí","No","No","No","No","No","No","No","https://static.fotocasa.es/images/anuncio/2024/05/30/183439328/3884373017.jpg?rule=feeds_1920x1080","https://www.fotocasa.es/Building/Building_Detail.aspx?ai=183439328&tti=1","2024-05-30","961152392","satalirent@gmail.com","No","Muy bueno","","No","No contactado","1245","3","1","70","1600","22","43","Muy alta"
"milanuncios","514907788","Alquiler","Plurifamiliar","Poblats Maritims - C. del Vaixell","46024","Valencia","Valencia","Poblats Marítims","El Grau","39.4604532","-0.3374507","2","Particular","","No","No","No","No","No","No","No","No","","https://www.milanuncios.com/anuncios/r514907788.htm","2024-05-29","","","No","","","No","No contactado","1246","1","1","9","500","55","34","Muy alta"
"milanuncios","514907788","Alquiler","Plurifamiliar","Poblats Maritims - C. del Vaixell","46024","Valencia","Valencia","Poblats Marítims","El Grau","39.4604532","-0.3374507","2","Particular","","No","No","No","No","No","No","No","No","","https://www.milanuncios.com/anuncios/r514907788.htm","2024-05-29","","","No","","","No","No contactado","1247","1","1","9","500","55","34","Muy alta"
"milanuncios","515772994","Alquiler","Plurifamiliar","València","46020","Valencia","Valencia","Benimaclet","Barrio de Benimaclet","39.4896358012","-0.3645255988","","Profesional","Inmolax S L","No","Sí","No","No","No","No","No","No","https://images.habimg.com/imgh/00c7f5f7-c34d-492f-8dfc-1f0898f980f9G.jpg","https://www.milanuncios.com/anuncios/r515772994.htm","2024-06-06","962470692","laxinmobiliariavalencia0975@realestate.com","No","","","No","No contactado","1248","3","1","100","1300","13","26","Muy alta"
"milanuncios","515772994","Alquiler","Plurifamiliar","València","46020","Valencia","Valencia","Benimaclet","Barrio de Benimaclet","39.4896358012","-0.3645255988","","Profesional","Inmolax S L","No","Sí","No","No","No","No","No","No","https://images.habimg.com/imgh/00c7f5f7-c34d-492f-8dfc-1f0898f980f9G.jpg","https://www.milanuncios.com/anuncios/r515772994.htm","2024-06-06","962470692","laxinmobiliariavalencia0975@realestate.com","No","","","No","No contactado","1249","3","1","100","1300","13","26","Muy alta"
"habitaclia","JL120","Alquiler","Plurifamiliar","","","Valencia","Valencia","Benimaclet","Barrio de Benimaclet","39.4853877333","-0.3538883667","0","Profesional","TEMPOCASA ZAIDÍA","Sí","Sí","No","No","No","No","No","No","https://images.habimg.com/imgh/026cd65e-49e2-4efc-a0aa-a1c01a0075baG.jpg","https://www.habitaclia.com/i33020000000219","2024-06-24","960084540","valenciazaidia@tempocasa.es","No","Muy bueno","","No","No contactado","1250","2","2","85","1100","12","18","Muy alta"
"milanuncios","491785071","Alquiler","Plurifamiliar","Campanar - Av. de Pius XII","46015","Valencia","Valencia","Benicalap","Barrio de Benicalap","39.4856755","-0.3954881","1","Particular","","No","Sí","Sí","Sí","Sí","No","No","No","","https://www.milanuncios.com/anuncios/r491785071.htm","2023-07-28","","","No","","","No","No contactado","1251","4","2","140","1400","10","340","Muy alta"
"milanuncios","491785071","Alquiler","Plurifamiliar","Campanar - Av. de Pius XII","46015","Valencia","Valencia","Benicalap","Barrio de Benicalap","39.4856755","-0.3954881","1","Particular","","No","Sí","Sí","Sí","Sí","No","No","No","","https://www.milanuncios.com/anuncios/r491785071.htm","2023-07-28","","","No","","","No","No contactado","1252","4","2","140","1400","10","340","Muy alta"
"habitaclia","401776","Alquiler","Plurifamiliar","","","Valencia","Valencia","Camins al Grau","Aiora","39.4665253865","-0.3484754135","0","Profesional","Uniplaces","Sí","Sí","No","No","No","No","No","No","https://images.habimg.com/imgh/066994ae-8321-4b69-a896-3d741e465cbeG.jpg","https://www.habitaclia.com/i50824000000560","2024-05-06","691111788","sofia.fonseca@uniplaces.com","No","Muy bueno","","No","No contactado","1253","4","1","80","1300","16","57","Muy alta"
"milanuncios","517159775","Alquiler","Plurifamiliar","València","46023","Valencia","Valencia","Camins al Grau","La Creu del Grau","39.4643617012","-0.3416982988","","Profesional","IPISOS","Sí","Sí","No","No","No","No","No","No","https://images.habimg.com/imgh/022cd30c-37c7-4dc5-8757-7cc398642c64G.jpg","https://www.milanuncios.com/anuncios/r517159775.htm","2024-06-18","962949187","ipisosb78b@realestate.com","No","","","No","No contactado","1254","3","1","79","1100","13","14","Muy alta"
"Fotocasa","","Alquiler","Plurifamiliar","Piso en Alquiler en Arrancapins","46001","Valencia","Valencia","Extramurs","Arrancapins","39.4648766143","-0.3787129896","5º","Particular","welaghz","No","No","No","No","No","No","No","No","","https://www.fotocasa.es/Building/Building_Detail.aspx?ai=183944059&tti=1","2024-07-27","615868706","welaghz@gmail.com","No","Muy bueno","","No","No contactado","1255","4","1","120","900","7","2","Muy alta"
"milanuncios","517459036","Alquiler","Plurifamiliar","Avenida de Francia - Av. de França","46023","Valencia","Valencia","Camins al Grau","Penya - Roja - Avda. Francia","39.461857","-0.3568625","9","Particular","","No","Sí","Sí","No","Sí","Sí","Sí","No","","https://www.milanuncios.com/anuncios/r517459036.htm","2024-06-21","","","No","","","No","No contactado","1256","2","2","80","1600","20","30","Muy alta"
"milanuncios","517159775","Alquiler","Plurifamiliar","València","46023","Valencia","Valencia","Camins al Grau","La Creu del Grau","39.4643617012","-0.3416982988","","Profesional","IPISOS","Sí","Sí","No","No","No","No","No","No","https://images.habimg.com/imgh/022cd30c-37c7-4dc5-8757-7cc398642c64G.jpg","https://www.milanuncios.com/anuncios/r517159775.htm","2024-06-18","962949187","ipisosb78b@realestate.com","No","","","No","No contactado","1257","3","1","79","1100","13","14","Muy alta"
"habitaclia","401776","Alquiler","Plurifamiliar","","","Valencia","Valencia","Camins al Grau","Aiora","39.4665253865","-0.3484754135","0","Profesional","Uniplaces","Sí","Sí","No","No","No","No","No","No","https://images.habimg.com/imgh/066994ae-8321-4b69-a896-3d741e465cbeG.jpg","https://www.habitaclia.com/i50824000000560","2024-05-06","691111788","sofia.fonseca@uniplaces.com","No","Muy bueno","","No","No contactado","1258","4","1","80","1300","16","57","Muy alta"
"milanuncios","517227415","Alquiler","Plurifamiliar","València","46022","Valencia","Valencia","Poblats Marítims","Beteró","39.4734445012","-0.3326776988","","Profesional","Yourentaflat S L","No","No","No","No","No","No","No","No","https://images.habimg.com/imgh/0f56d589-5013-4781-b569-062987f7c5f2G.jpg","https://www.milanuncios.com/anuncios/r517227415.htm","2024-06-19","955444401","live4life7722@realestate.com","No","","","No","No contactado","1259","2","1","67","900","13","13","Muy alta"
"milanuncios","517227415","Alquiler","Plurifamiliar","València","46022","Valencia","Valencia","Poblats Marítims","Beteró","39.4734445012","-0.3326776988","","Profesional","Yourentaflat S L","No","No","No","No","No","No","No","No","https://images.habimg.com/imgh/0f56d589-5013-4781-b569-062987f7c5f2G.jpg","https://www.milanuncios.com/anuncios/r517227415.htm","2024-06-19","955444401","live4life7722@realestate.com","No","","","No","No contactado","1260","2","1","67","900","13","13","Muy alta"
"habitaclia","200120010019285","Alquiler","Plurifamiliar","","","Valencia","Valencia","Benicalap","Barrio de Benicalap","39.4935188865","-0.3941731135","4","Profesional","Alquila Tu Hogar","No","No","No","No","No","No","No","No","https://images.habimg.com/imgh/01514557-98fc-41d4-8d7a-142029124e2aG.jpg","https://www.habitaclia.com/i38251000004767","2024-06-27","919440232","atencionalcliente@alquilatuhogar.com","No","Muy bueno","","No","No contactado","1261","3","1","65","885","13","5","Muy alta"
"habitaclia","200120010019285","Alquiler","Plurifamiliar","","","Valencia","Valencia","Benicalap","Barrio de Benicalap","39.4935188865","-0.3941731135","4","Profesional","Alquila Tu Hogar","No","No","No","No","No","No","No","No","https://images.habimg.com/imgh/01514557-98fc-41d4-8d7a-142029124e2aG.jpg","https://www.habitaclia.com/i38251000004767","2024-06-27","919440232","atencionalcliente@alquilatuhogar.com","No","Muy bueno","","No","No contactado","1262","3","1","65","885","13","5","Muy alta"
"milanuncios","515621612","Alquiler","Plurifamiliar","València","46002","Valencia","Valencia","Ciutat Vella","Sant Francesc","39.4730320616","-0.375677944","","Profesional","Umbra Real Estate S L","Sí","Sí","No","No","No","No","No","No","https://images.habimg.com/imgh/0273d153-3196-48f5-b89f-c0d048a6e448G.jpg","https://www.milanuncios.com/anuncios/r515621612.htm","2024-06-05","950195943","umbra42eb@realestate.com","No","","","No","No contactado","1263","1","1","62","1000","16","26","Muy alta"
"Fotocasa","334","Alquiler","Plurifamiliar","Piso en Alquiler en  Carrer del Botànic, El Botànic","46008","Valencia","Valencia","Extramurs","Zona Botánico","39.47411829","-0.38616811","Undefined","Profesional","IPISOS","Sí","Sí","Sí","Sí","No","Sí","Sí","Sí","https://static.fotocasa.es/images/ads/343b9ce8-598f-4604-9b0e-a43f1a070c3a?rule=feeds_1920x1080","https://www.fotocasa.es/Building/Building_Detail.aspx?ai=183867054&tti=2","2024-07-17","962949187","armandosuero@ipisos-realestate.com","No","Muy bueno","","No","No contactado","1264","1","1","55","1160","21","13","Muy alta"
"milanuncios","512878184","Alquiler","Plurifamiliar","València","46017","Valencia","Valencia","Jesús","L'Hort de Senabre","39.4538394943","-0.3922918057","","Profesional","FUTURSERVICE","No","Sí","No","No","No","No","Sí","No","https://images.habimg.com/imgh/093c3eeb-a100-479d-bd9c-18f614c44584G.jpg","https://www.milanuncios.com/anuncios/r512878184.htm","2024-05-07","962948913","futurservicef893@realestate.com","No","","","No","No contactado","1265","3","2","95","1150","12","84","Muy alta"
"milanuncios","513213843","Alquiler","Plurifamiliar","València","46011","Valencia","Valencia","Poblats Marítims","El Cabanyal - El Canyamelar","39.4722567943","-0.3293452057","","Profesional","THE SIMPLE RENT LUXURY PROPERTIES SL","Sí","Sí","No","No","No","No","No","No","https://images.habimg.com/imgh/4c765675-a761-4597-9d31-9ed3f025089bG.jpg","https://www.milanuncios.com/anuncios/r513213843.htm","2024-05-10","968910735","thesimplerent5092@realestate.com","No","","","No","No contactado","1266","1","1","60","975","16","81","Muy alta"
"Fotocasa","I-00L110-W-02SA30","Alquiler","Plurifamiliar","Piso en Alquiler en  Corona, El Carme","46003","Valencia","Valencia","Ciutat Vella","El Carme","39.47785089","-0.38109911","4º","Profesional","Engel & Völkers","Sí","Sí","Sí","Sí","No","Sí","Sí","Sí","https://static.fotocasa.es/images/ads/372ad62b-16fd-43e7-a29d-49fc043a0e66?rule=feeds_1920x1080","https://www.fotocasa.es/Building/Building_Detail.aspx?ai=183839947&tti=2","2024-07-15","962646083","Valencia@engelvoelkers.com","No","Muy bueno","","No","No contactado","1267","2","1","91","1300","14","15","Muy alta"
"habitaclia","283993","Alquiler","Plurifamiliar","AVENIDA DEL OESTE, CENTRO DE VALENCIA","","Valencia","Valencia","Ciutat Vella","Sant Francesc","39.4719747072","-0.3793758928","2","Profesional","INMOBILIARIA LAURIA","Sí","Sí","No","No","No","No","No","No","https://images.habimg.com/imgh/18a107d1-b213-4a7b-a5fb-2be2d240ed26G.jpg","https://www.habitaclia.com/i11611003810800","2024-07-22","963509287","aww@inbox.witei.com","No","Muy bueno","","No","No contactado","1268","3","2","102","1300","12","8","Muy alta"
"milanuncios","517137645","Alquiler","Unifamiliar","Marxalenes - Av. del Dr. Peset Aleixand","46025","Valencia","Valencia","Benicalap","Barrio de Benicalap","39.4895534","-0.3860991","3","Particular","","No","No","No","No","No","No","No","No","","https://www.milanuncios.com/anuncios/r517137645.htm","2024-06-18","","","No","","","No","No contactado","1269","1","1","90","250","2","14","Muy alta"
"milanuncios","517137645","Alquiler","Unifamiliar","Marxalenes - Av. del Dr. Peset Aleixand","46025","Valencia","Valencia","Benicalap","Barrio de Benicalap","39.4895534","-0.3860991","3","Particular","","No","No","No","No","No","No","No","No","","https://www.milanuncios.com/anuncios/r517137645.htm","2024-06-18","","","No","","","No","No contactado","1270","1","1","90","250","2","14","Muy alta"
"milanuncios","518161729","Alquiler","Plurifamiliar","Cuatro carreras","46006","Valencia","Valencia","Quatre Carreres","Mont-Olivet","39.4596429643","-0.3604735357","1","Particular","","No","Sí","No","No","Sí","No","No","No","","https://www.milanuncios.com/anuncios/r518161729.htm","2024-07-01","","","No","","","No","No contactado","1271","3","2","100","990","9","15","Muy alta"
"milanuncios","517988100","Alquiler","Plurifamiliar","Cabañal - Carrer de Nicolau de Montsoriu","46011","Valencia","Valencia","Poblats Marítims","El Cabanyal - El Canyamelar","39.473864","-0.3308651","3","Particular","","No","No","No","No","Sí","No","No","No","","https://www.milanuncios.com/anuncios/r517988100.htm","2024-06-28","","","No","","","No","No contactado","1272","2","1","60","899","14","18","Muy alta"
"milanuncios","487375036","Alquiler","Unifamiliar","Malvarrosa","46011","Valencia","Valencia","Poblats Marítims","La Malva-rosa","39.4833348012","-0.3264045988","4","Particular","","Sí","No","No","No","No","No","No","No","","https://www.milanuncios.com/anuncios/r487375036.htm","2023-05-30","","","No","","","No","No contactado","1273","2","2","65","80","1","399","Muy alta"
"milanuncios","487375036","Alquiler","Unifamiliar","Malvarrosa","46011","Valencia","Valencia","Poblats Marítims","La Malva-rosa","39.4833348012","-0.3264045988","4","Particular","","Sí","No","No","No","No","No","No","No","","https://www.milanuncios.com/anuncios/r487375036.htm","2023-05-30","","","No","","","No","No contactado","1274","2","2","65","80","1","399","Muy alta"
"Fotocasa","","Alquiler","Plurifamiliar","Apartamento en Alquiler en calle Carrer de Nàquera, 8, La Seu","46003","Valencia","Valencia","Ciutat Vella","La Seu","39.4785632","-0.3759484","","Particular","carlos.tolsa.onl","Sí","No","No","No","No","No","No","No","https://static.fotocasa.es/images/anuncio/2022/12/30/176274958/2728935319.jpg?rule=feeds_1920x1080","https://www.fotocasa.es/Building/Building_Detail.aspx?ai=176274958&tti=1","2022-12-30","623226801","carlos.tolsa.onl@gmail.com","Sí","Muy bueno","","No","No contactado","1275","1","1","55","1300","23","550","Muy alta"
"habitaclia","00272VMC","Alquiler","Plurifamiliar","","","Valencia","Valencia","Algirós","La Carrasca","39.4714717865","-0.3392782135","0","Profesional","VALENCIA MA CASA","Sí","Sí","No","No","No","No","No","No","https://images.habimg.com/imgh/00705df1-a517-4769-a6fe-3a7283618a46G.jpg","https://www.habitaclia.com/i32361000003380","2024-04-08","960714992<br> 655121880","info@valenciamacasa.com","No","Muy bueno","","No","No contactado","1276","3","2","100","1200","12","85","Muy alta"
"habitaclia","00051VMC","Alquiler","Plurifamiliar","","","Valencia","Valencia","Algirós","L'Amistat","39.4716917865","-0.3534082135","0","Profesional","VALENCIA MA CASA","Sí","No","No","No","No","No","No","No","https://images.habimg.com/imgh/1d116f4f-24b5-4613-9a7f-671b2c3317eaG.jpg","https://www.habitaclia.com/i32361000002845","2023-10-16","960714992<br> 655121880","info@valenciamacasa.com","No","Muy bueno","","No","No contactado","1277","3","1","70","1100","15","260","Muy alta"
"habitaclia","00051VMC","Alquiler","Plurifamiliar","","","Valencia","Valencia","Algirós","L'Amistat","39.4716917865","-0.3534082135","0","Profesional","VALENCIA MA CASA","Sí","No","No","No","No","No","No","No","https://images.habimg.com/imgh/1d116f4f-24b5-4613-9a7f-671b2c3317eaG.jpg","https://www.habitaclia.com/i32361000002845","2023-10-16","960714992<br> 655121880","info@valenciamacasa.com","No","Muy bueno","","No","No contactado","1278","3","1","70","1100","15","260","Muy alta"
"milanuncios","510105017","Alquiler","Plurifamiliar","Ruzafa - C/ dels Sapadors","46006","Valencia","Valencia","Quatre Carreres","Mont-Olivet","39.4574005","-0.3680062","Bajos","Particular","","No","No","No","No","Sí","No","No","No","","https://www.milanuncios.com/anuncios/r510105017.htm","2024-03-28","","","No","","","No","No contactado","1279","1","1","65","1200","18","107","Muy alta"
"milanuncios","515618496","Alquiler","Plurifamiliar","Universidades - C/ de l''Enginyer Fausto","46011","Valencia","Valencia","Poblats Marítims","La Malva-rosa","39.4803534","-0.3323792","3","Particular","","No","Sí","No","No","No","No","No","No","","https://www.milanuncios.com/anuncios/r515618496.htm","2024-06-05","","","No","","","No","No contactado","1280","2","1","61","1400","22","27","Muy alta"
"milanuncios","518263381","Alquiler","Plurifamiliar","València","46018","Valencia","Valencia","L'Olivereta","Nou Moles","39.470962468","-0.393590332","","Profesional","INMOBILIARIA CYR 2011  S L","No","Sí","No","No","No","No","No","No","https://images.habimg.com/imgh/127d72eb-90eb-4927-9eae-af7d71e6bd7fG.jpg","https://www.milanuncios.com/anuncios/r518263381.htm","2024-07-02","960969249","carminareiginmobiliariae239@realestate.com","No","","","No","No contactado","1281","4","1","135","1100","8","6","Muy alta"
"milanuncios","515618496","Alquiler","Plurifamiliar","Universidades - C/ de l''Enginyer Fausto","46011","Valencia","Valencia","Poblats Marítims","La Malva-rosa","39.4803534","-0.3323792","3","Particular","","No","Sí","No","No","No","No","No","No","","https://www.milanuncios.com/anuncios/r515618496.htm","2024-06-05","","","No","","","No","No contactado","1282","2","1","61","1400","22","27","Muy alta"
"milanuncios","515599341","Alquiler","Plurifamiliar","València","46018","Valencia","Valencia","Patraix","Barrio de Patraix","39.4694420012","-0.3919034988","5","Profesional","PRINCESA INMOBILIARIA","Sí","Sí","No","No","No","No","No","No","https://images.habimg.com/imgh/0cf274de-2342-43f3-a8f3-467a7eaf043dG.jpg","https://www.milanuncios.com/anuncios/r515599341.htm","2024-06-05","960963418","princesainmobiliariaaaaa@realestate.com","No","","","No","No contactado","1283","3","1","90","1250","13","27","Muy alta"
"milanuncios","510105017","Alquiler","Plurifamiliar","Ruzafa - C/ dels Sapadors","46006","Valencia","Valencia","Quatre Carreres","Mont-Olivet","39.4574005","-0.3680062","Bajos","Particular","","No","No","No","No","Sí","No","No","No","","https://www.milanuncios.com/anuncios/r510105017.htm","2024-03-28","","","No","","","No","No contactado","1284","1","1","65","1200","18","96","Muy alta"
"Fotocasa","","Alquiler","Plurifamiliar","Apartamento en Alquiler en calle Carrer de Nàquera, 8, La Seu","46003","Valencia","Valencia","Ciutat Vella","La Seu","39.4785632","-0.3759484","","Particular","carlos.tolsa.onl","Sí","No","No","No","No","No","No","No","https://static.fotocasa.es/images/anuncio/2022/12/30/176274958/2728935319.jpg?rule=feeds_1920x1080","https://www.fotocasa.es/Building/Building_Detail.aspx?ai=176274958&tti=1","2022-12-30","623226801","carlos.tolsa.onl@gmail.com","Sí","Muy bueno","","No","No contactado","1285","1","1","55","1300","23","550","Muy alta"
"milanuncios","515599341","Alquiler","Plurifamiliar","València","46018","Valencia","Valencia","Patraix","Barrio de Patraix","39.4694420012","-0.3919034988","5","Profesional","PRINCESA INMOBILIARIA","Sí","Sí","No","No","No","No","No","No","https://images.habimg.com/imgh/0cf274de-2342-43f3-a8f3-467a7eaf043dG.jpg","https://www.milanuncios.com/anuncios/r515599341.htm","2024-06-05","960963418","princesainmobiliariaaaaa@realestate.com","No","","","No","No contactado","1286","3","1","90","1250","13","27","Muy alta"
"habitaclia","5161a","Alquiler","Plurifamiliar","PISO EN CALLE BARRACA 4 HABITACIONES Y 2 BAÑOS NO SE ALQUILA A ESTUDIANTES","","Valencia","Valencia","Poblats Marítims","El Cabanyal - El Canyamelar","39.4666379072","-0.3295373928","2","Profesional","FRANCISCA MAYOR","No","Sí","No","No","No","No","No","No","https://images.habimg.com/imgh/0d12cb82-24ef-493c-8955-6f1d1b0f21b8G.jpg","https://www.habitaclia.com/i27876000001143","2024-07-24","963551699","inmobiliaria@franciscamayor.com,bmz@inbox.witei.com","No","Muy bueno","","No","No contactado","1287","4","2","111","1100","9","6","Muy alta"
"habitaclia","00272VMC","Alquiler","Plurifamiliar","","","Valencia","Valencia","Algirós","La Carrasca","39.4714717865","-0.3392782135","0","Profesional","VALENCIA MA CASA","Sí","Sí","No","No","No","No","No","No","https://images.habimg.com/imgh/00705df1-a517-4769-a6fe-3a7283618a46G.jpg","https://www.habitaclia.com/i32361000003380","2024-04-08","960714992<br> 655121880","info@valenciamacasa.com","No","Muy bueno","","No","No contactado","1288","3","2","100","1200","12","85","Muy alta"
"habitaclia","008","Alquiler","Plurifamiliar","CAMPANAR","","Valencia","Valencia","Campanar","Campanar - La Fe","39.4827739","-0.3922433","0","Profesional","WEHOME","Sí","Sí","No","No","No","No","No","No","https://images.habimg.com/imgh/00b4d0f9-4f18-42d9-939a-be8f17a8f3d9G.jpg","https://www.habitaclia.com/i47150000000010","2023-09-21","722549634","info@wehome.es","No","Muy bueno","","No","No contactado","1289","2","2","85","1100","12","303","Muy alta"
"habitaclia","I21702","Alquiler","Plurifamiliar","Piso en alquiler en Valencia Norte - Alboraya","","Valencia","Valencia","Rascanya","Sant Llorenç - Zona Alfahuir","39.490741498","-0.366750502","0","Profesional","The Simple Rent","Sí","Sí","No","No","No","No","No","No","https://images.habimg.com/imgh/778fa865-3ade-4ee1-a4d7-fe5d7b3d8d6dG.jpg","https://www.habitaclia.com/i26779000009687","2024-07-09","868975490","contacto@thesimplerent.com","No","Muy bueno","","No","No contactado","1290","2","1","65","1000","15","16","Muy alta"
"milanuncios","510105017","Alquiler","Plurifamiliar","Ruzafa - C/ dels Sapadors","46006","Valencia","Valencia","Quatre Carreres","Mont-Olivet","39.4574005","-0.3680062","Bajos","Particular","","No","No","No","No","Sí","No","No","No","","https://www.milanuncios.com/anuncios/r510105017.htm","2024-03-28","","","No","","","No","No contactado","1291","1","1","65","1200","18","96","Muy alta"
"milanuncios","519246137","Alquiler","Plurifamiliar","València","46001","Valencia","Valencia","Ciutat Vella","El Mercat","39.4738592943","-0.3783253057","","Profesional","HABITALE RIBARROJA","No","No","No","No","No","No","No","No","https://images.habimg.com/imgh/00f982e2-7ca3-444d-9788-37c4c42507dbG.jpg","https://www.milanuncios.com/anuncios/r519246137.htm","2024-07-12","962640428","habitaleribarroja5137@realestate.com","No","","","No","No contactado","1292","1","1","68","900","13","18","Muy alta"
"milanuncios","520478045","Alquiler","Plurifamiliar","Amistad - Carrer de Daoiz i Velarde","46021","Valencia","Valencia","Algirós","L'Amistat","39.4731211","-0.3501098","8","Particular","","No","Sí","No","No","Sí","No","No","No","","https://www.milanuncios.com/anuncios/r520478045.htm","2024-07-25","","","No","","","No","No contactado","1293","4","2","107","1400","13","5","Muy alta"
"Fotocasa","","Alquiler","Plurifamiliar","Piso en Alquiler en  Carrer de Quart, 52, El Carme","46001","Valencia","Valencia","Ciutat Vella","El Carme","39.4759305","-0.3830084","","Particular","davidgomezvila","Sí","Sí","No","No","Sí","No","No","No","https://static.fotocasa.es/images/anuncio/2024/07/28/183951386/4008852866.jpg?rule=feeds_1920x1080","https://www.fotocasa.es/Building/Building_Detail.aspx?ai=183951386&tti=1","2024-07-28","685832999","davidgomezvila@gmail.com","No","Muy bueno","","No","No contactado","1294","1","1","50","1500","30","2","Muy alta"
"milanuncios","520404882","Alquiler","Plurifamiliar","València","46026","Valencia","Valencia","Quatre Carreres","Malilla","39.4512138703","-0.3731644867","","Profesional","RINCON CORREA CLEMENCIA","No","Sí","No","No","No","No","No","No","https://images.habimg.com/imgh/2ef5af5c-3ccf-4f29-bc85-3f48f21e929aG.jpg","https://www.milanuncios.com/anuncios/r520404882.htm","2024-07-24","962471058","asesoriainmobiliariainternacion4960@realestate.com","No","","","No","No contactado","1295","3","1","79","975","12","6","Muy alta"
"milanuncios","479711291","Alquiler","Plurifamiliar","València","46021","Valencia","Valencia","El Pla del Real","Mestalla","39.4723927943","-0.3547572057","5","Profesional","Valencia Ma Casa","Sí","Sí","No","No","No","No","No","No","https://images.habimg.com/imgh/0784456c-c999-4385-958f-7ac61c3114f0G.jpg","https://www.milanuncios.com/anuncios/r479711291.htm","2023-03-08","962940167","valenciamacasa388d@realestate.com","No","","","No","No contactado","1296","3","1","85","1100","12","510","Muy alta"
"habitaclia","01218VMC","Alquiler","Plurifamiliar","","","Valencia","Valencia","Algirós","L'Illa Perduda","39.4724460722","-0.3397439278","0","Profesional","VALENCIA MA CASA","Sí","Sí","No","No","No","No","No","No","https://images.habimg.com/imgh/1187d8e5-d7e6-4839-a454-d9983d31e7efG.jpg","https://www.habitaclia.com/i32361000003169","2024-01-15","960714992<br> 655121880","info@valenciamacasa.com","No","Muy bueno","","No","No contactado","1297","3","2","120","1100","9","197","Muy alta"
"habitaclia","00812VMC","Alquiler","Plurifamiliar","","","Valencia","Valencia","Algirós","Ciutat Jardí","39.4747460722","-0.3403739278","0","Profesional","VALENCIA MA CASA","Sí","Sí","No","No","No","No","No","No","https://images.habimg.com/imgh/19aa54e5-ee3f-4d30-b2ba-557a33a58b2bG.jpg","https://www.habitaclia.com/i32361000003243","2024-02-04","960714992<br> 655121880","info@valenciamacasa.com","No","Muy bueno","","No","No contactado","1298","3","2","120","1000","8","177","Muy alta"
"habitaclia","5161a","Alquiler","Plurifamiliar","PISO EN CALLE BARRACA 4 HABITACIONES Y 2 BAÑOS NO SE ALQUILA A ESTUDIANTES","","Valencia","Valencia","Poblats Marítims","El Cabanyal - El Canyamelar","39.4666379072","-0.3295373928","2","Profesional","FRANCISCA MAYOR","No","Sí","No","No","No","No","No","No","https://images.habimg.com/imgh/0d12cb82-24ef-493c-8955-6f1d1b0f21b8G.jpg","https://www.habitaclia.com/i27876000001143","2024-07-24","963551699","inmobiliaria@franciscamayor.com,bmz@inbox.witei.com","No","Muy bueno","","No","No contactado","1299","4","2","111","1100","9","6","Muy alta"
"milanuncios","519867621","Alquiler","Plurifamiliar","Cuatro carreras - Carrer de Lluís Oliag","46006","Valencia","Valencia","Quatre Carreres","Mont-Olivet","39.4591555","-0.3680957","1","Particular","","No","No","No","No","No","No","No","No","","https://www.milanuncios.com/anuncios/r519867621.htm","2024-07-18","","","No","","","No","No contactado","1300","3","2","100","1100","11","12","Muy alta"
"milanuncios","518440134","Alquiler","Plurifamiliar","Patraix - Carrer d''Aiora","46018","Valencia","Valencia","Patraix","Barrio de Patraix","39.4659576","-0.3924586","3","Particular","","No","Sí","No","No","No","No","No","No","","https://www.milanuncios.com/anuncios/r518440134.htm","2024-07-04","","","No","","","No","No contactado","1301","3","2","120","1100","9","26","Muy alta"
"milanuncios","519258530","Alquiler","Plurifamiliar","València","46009","Valencia","Valencia","La Saïdia","Morvedre","39.4863382943","-0.3767626057","","Profesional","DOMINGUEZ PERIS  FERNANDO","Sí","Sí","No","No","No","No","No","No","https://images.habimg.com/imgh/0bd3a706-a9f6-4169-8f2d-ee7d2b1d4eb8G.jpg","https://www.milanuncios.com/anuncios/r519258530.htm","2024-07-12","962643527","indoper7dcb@realestate.com","No","","","No","No contactado","1302","4","1","72","1280","17","18","Muy alta"
"milanuncios","515605765","Alquiler","Plurifamiliar","València","46006","Valencia","Valencia","Quatre Carreres","Malilla","39.4565507682","-0.3744719688","","Profesional","Malilla Quatre Carreres Inmuebles S L","Sí","Sí","No","No","No","No","No","No","https://images.habimg.com/imgh/05cfa522-ac1e-47f2-9abb-ccd9deb27588G.jpg","https://www.milanuncios.com/anuncios/r515605765.htm","2024-06-05","960964253","habitalemalillaquatrecarrerres98a7@realestate.com","No","","","No","No contactado","1303","3","2","92","1000","10","27","Muy alta"
"milanuncios","515605765","Alquiler","Plurifamiliar","València","46006","Valencia","Valencia","Quatre Carreres","Malilla","39.4565507682","-0.3744719688","","Profesional","Malilla Quatre Carreres Inmuebles S L","Sí","Sí","No","No","No","No","No","No","https://images.habimg.com/imgh/05cfa522-ac1e-47f2-9abb-ccd9deb27588G.jpg","https://www.milanuncios.com/anuncios/r515605765.htm","2024-06-05","960964253","habitalemalillaquatrecarrerres98a7@realestate.com","No","","","No","No contactado","1304","3","2","92","1000","10","27","Muy alta"
"milanuncios","514989404","Alquiler","Plurifamiliar","València","46022","Valencia","Valencia","Algirós","L'Illa Perduda","39.468004965","-0.343068335","2","Profesional","SERINFO 1998  S L","No","Sí","No","No","No","No","No","No","https://images.habimg.com/imgh/2a4088e3-0eaf-46b0-bf1c-e50eb2b92771G.jpg","https://www.milanuncios.com/anuncios/r514989404.htm","2024-05-30","962641584","serinfo2d96@realestate.com","No","","","No","No contactado","1305","2","1","65","875","13","40","Muy alta"
"milanuncios","517401630","Alquiler","Plurifamiliar","Nou Moles - C/ de Llorca","46018","Valencia","Valencia","L'Olivereta","Nou Moles","39.4681503","-0.3921366","1","Particular","","No","Sí","No","No","Sí","No","No","No","","https://www.milanuncios.com/anuncios/r517401630.htm","2024-06-21","","","No","","","No","No contactado","1306","3","3","95","1500","15","11","Muy alta"
"milanuncios","517679446","Alquiler","Plurifamiliar","València","46019","Valencia","Valencia","Rascanya","Torrefiel","39.4977298012","-0.3715107988","1","Profesional","Inmolax S L","No","No","No","No","No","No","No","No","https://images.habimg.com/imgh/0d9dd245-ebb6-40b4-931a-5725c5e58e49G.jpg","https://www.milanuncios.com/anuncios/r517679446.htm","2024-06-25","962470692","laxinmobiliariavalencia0975@realestate.com","No","","","No","No contactado","1307","4","1","70","1050","15","7","Muy alta"
"habitaclia","4573894","Alquiler","Plurifamiliar","Barrio de Benimaclet / Carrer del Músic Hipòlit Ma","","Valencia","Valencia","Benimaclet","Barrio de Benimaclet","39.484647907","-0.3555302325","0","Particular","","No","Sí","No","No","No","No","No","No","https://images.habimg.com/imgh/500-img4573894-477891531G.jpg","https://www.habitaclia.com/i500004573894","2024-06-19","649895893","oshkar@yahoo.es","No","Muy bueno","","No","No contactado","1308","4","2","100","1500","15","13","Muy alta"
"habitaclia","4573894","Alquiler","Plurifamiliar","Barrio de Benimaclet / Carrer del Músic Hipòlit Ma","","Valencia","Valencia","Benimaclet","Barrio de Benimaclet","39.484647907","-0.3555302325","0","Particular","","No","Sí","No","No","No","No","No","No","https://images.habimg.com/imgh/500-img4573894-477891531G.jpg","https://www.habitaclia.com/i500004573894","2024-06-19","649895893","oshkar@yahoo.es","No","Muy bueno","","No","No contactado","1309","4","2","100","1500","15","13","Muy alta"
"milanuncios","517679446","Alquiler","Plurifamiliar","València","46019","Valencia","Valencia","Rascanya","Torrefiel","39.4977298012","-0.3715107988","1","Profesional","Inmolax S L","No","No","No","No","No","No","No","No","https://images.habimg.com/imgh/0d9dd245-ebb6-40b4-931a-5725c5e58e49G.jpg","https://www.milanuncios.com/anuncios/r517679446.htm","2024-06-25","962470692","laxinmobiliariavalencia0975@realestate.com","No","","","No","No contactado","1310","4","1","70","1050","15","7","Muy alta"
"milanuncios","517401630","Alquiler","Plurifamiliar","Nou Moles - C/ de Llorca","46018","Valencia","Valencia","L'Olivereta","Nou Moles","39.4681503","-0.3921366","1","Particular","","No","Sí","No","No","Sí","No","No","No","","https://www.milanuncios.com/anuncios/r517401630.htm","2024-06-21","","","No","","","No","No contactado","1311","3","3","95","1500","15","11","Muy alta"
"Fotocasa","","Alquiler","Plurifamiliar","Piso en Alquiler en La Bega Baixa - Plaza Xúquer","46001","Valencia","Valencia","Algirós","La Bega Baixa - Plaza Xúquer","39.4750958351","-0.3486194649","2º","Particular","juurur0","No","Sí","No","No","Sí","No","No","No","https://static.fotocasa.es/images/anuncio/2024/06/29/183711571/3931800655.jpg?rule=feeds_1920x1080","https://www.fotocasa.es/Building/Building_Detail.aspx?ai=183711571&tti=1","2024-06-29","626142918","juurur0@gmail.com","No","Muy bueno","","No","No contactado","1312","4","2","120","1600","13","3","Muy alta"
"Fotocasa","","Alquiler","Plurifamiliar","Piso en Alquiler en La Bega Baixa - Plaza Xúquer","46001","Valencia","Valencia","Algirós","La Bega Baixa - Plaza Xúquer","39.4750958351","-0.3486194649","2º","Particular","juurur0","No","Sí","No","No","Sí","No","No","No","https://static.fotocasa.es/images/anuncio/2024/06/29/183711571/3931800655.jpg?rule=feeds_1920x1080","https://www.fotocasa.es/Building/Building_Detail.aspx?ai=183711571&tti=1","2024-06-29","626142918","juurur0@gmail.com","No","Muy bueno","","No","No contactado","1313","4","2","120","1600","13","3","Muy alta"
"habitaclia","213896","Alquiler","Plurifamiliar","ROGER DE LAURIA,  CENTRO DE VALENCIA","","Valencia","Valencia","Ciutat Vella","Sant Francesc","39.4693280333","-0.3739075667","1","Profesional","INMOBILIARIA LAURIA","Sí","No","No","No","No","No","No","No","https://images.habimg.com/imgh/1947d064-936d-430e-b8c8-78b4dbfa000aG.jpg","https://www.habitaclia.com/i11611003810770","2024-06-05","963.509.287","aww@inbox.witei.com","No","Muy bueno","","No","No contactado","1314","1","1","65","1100","16","37","Alta"
"habitaclia","213612","Alquiler","Plurifamiliar","PLAZA DE LA REINA, CALLE AVELLANAS","","Valencia","Valencia","Ciutat Vella","La Seu","39.4727035973","-0.3762816027","3","Profesional","INMOBILIARIA LAURIA","Sí","Sí","No","No","No","No","No","No","https://images.habimg.com/imgh/0fe00173-290a-43d3-82ca-a476c0c3e5c1G.jpg","https://www.habitaclia.com/i11611003810790","2024-07-11","963509287","portales@lauria.es","No","Muy bueno","","No","No contactado","1315","2","1","100","1200","12","8","Alta"
"habitaclia","BC2220","Alquiler","Plurifamiliar","PRECIOSO APARTAMENTO EN PLA DEL REAL","","Valencia","Valencia","El Pla del Real","Mestalla","39.4685512067","-0.3588293933","4","Profesional","BENICASA 2002 SERVICIOS INMOBILIARIOS","No","Sí","Sí","No","No","No","No","No","https://images.habimg.com/imgh/06242b25-f261-4620-af95-2fa469f87217G.jpg","https://www.habitaclia.com/i41070000001487","2024-06-21","963656620","serviciosinmobiliariosbc2002@outlook.es","No","Muy bueno","","No","No contactado","1316","1","1","60","1200","20","31","Alta"
"milanuncios","519253314","Alquiler","Plurifamiliar","València","46007","Valencia","Valencia","Extramurs","Arrancapins","39.4663565604","-0.3858424396","2","Profesional","EV MMC SPAIN  S L U","Sí","Sí","No","No","No","No","No","No","https://images.habimg.com/imgh/020805a3-ebf9-4ed4-b3f9-310078b05b80G.jpg","https://www.milanuncios.com/anuncios/r519253314.htm","2024-07-12","961287313","engelvolkers809d@realestate.com","No","","","No","No contactado","1317","3","2","116","1650","14","11","Alta"
"habitaclia","10055567","Alquiler","Plurifamiliar","ALQUILAMOS PISO DE 4 DORMITORIOS CERCA DE LA UNIVERSIDAD!!","","Valencia","Valencia","Algirós","L'Illa Perduda","39.4694785267","-0.3424402133","5","Profesional","EVERLYHOME ISLA PERDIDA","No","Sí","No","No","No","No","No","No","https://images.habimg.com/imgh/19d02497-d193-4c2b-861f-faca0f3a8dfdG.jpg","https://www.habitaclia.com/i8723003781186","2024-06-21","960.031.311","oficina@everlyhome.es","No","Muy bueno","","No","No contactado","1318","4","1","116","1200","10","31","Alta"
"habitaclia","AT163","Alquiler","Plurifamiliar","Alquiler de Ático en Valencia","","Valencia","Valencia","L'Olivereta","Nou Moles","39.4718999599","-0.4021712401","6","Profesional","NEXT STEP PROPERTIES","Sí","Sí","No","No","Sí","No","No","No","https://images.habimg.com/imgh/0117a37a-b409-46b9-bc8e-063bf4c1b7ceG.jpg","https://www.habitaclia.com/i51821000000013","2024-07-15","645328514","nextstepsspain2024@gmail.com","No","Muy bueno","","No","No contactado","1319","2","2","70","1600","22","14","Alta"
"milanuncios","517284766","Alquiler","Plurifamiliar","Valencia Capital - Calle del Angel Vill","46013","Valencia","Valencia","Quatre Carreres","Na Rovella - Hermanos Maristas","39.44868","-0.36759","","Profesional","INMOPOLT GESTION INMOBILIARIA","Sí","Sí","No","No","Sí","Sí","No","No","https://images.habimg.com/imgh/35926-img1130-477993828G.jpg","https://www.milanuncios.com/anuncios/r517284766.htm","2024-06-19","968919537","inmopoltgestioninmobiliaria078c@realestate.com","No","","","No","No contactado","1320","3","2","100","2480","24","40","Alta"
"habitaclia","244","Alquiler","Plurifamiliar","","","Valencia","Valencia","Poblats Marítims","El Cabanyal - El Canyamelar","39.4695465","-0.3335473","0","Profesional","IPISOS","Sí","No","No","No","No","No","No","No","https://images.habimg.com/imgh/05c76633-4f23-422a-bb95-229f4734ff86G.jpg","https://www.habitaclia.com/i12419000000209","2023-11-07","961931086","armandosuero@ipisos-realestate.com","No","Muy bueno","","No","No contactado","1321","1","1","70","950","13","253","Alta"
"habitaclia","81888993","Alquiler","Plurifamiliar","Padre Anton Martín, Valencia","","Valencia","Valencia","Poblats Marítims","La Malva-rosa","39.4759712","-0.3287024","5","Profesional","LIVE 4 LIFE","No","Sí","No","No","No","No","No","No","https://images.habimg.com/imgh/06d35534-6212-479e-b434-ace57c8b6374G.jpg","https://www.habitaclia.com/i28825000009064","2024-03-26","637692405","administracion@l4l.es","No","Muy bueno","","No","No contactado","1322","3","1","80","1050","13","98","Alta"
"milanuncios","517274884","Alquiler","Plurifamiliar","València","46007","Valencia","Valencia","Jesús","La Raïosa","39.4571178012","-0.3813528988","3","Profesional","Alquila Tu Hogar","No","Sí","No","No","No","No","No","No","https://images.habimg.com/imgh/005e5ec8-5e42-4874-9cd3-f0025fdd552aG.jpg","https://www.milanuncios.com/anuncios/r517274884.htm","2024-06-19","910925087","alquilatuhogard90a@realestate.com","No","","","No","No contactado","1323","3","1","70","950","13","13","Alta"
"habitaclia","MI-01487","Alquiler","Plurifamiliar","Vivienda 3  2","","Valencia","Valencia","El Pla del Real","Ciutat Universitària","39.4769845274","-0.356797411","0","Profesional","MOSAICO INMUEBLES","Sí","Sí","No","No","No","No","No","No","https://images.habimg.com/imgh/24411b4d-6ead-421a-a31e-cdf8bc912427G.jpg","https://www.habitaclia.com/i44897000000034","2024-06-27","601167505","flleo@mosaicoinmuebles.com","No","Muy bueno","","No","No contactado","1324","3","2","100","1150","11","5","Alta"
"habitaclia","6625VA","Alquiler","Plurifamiliar","PISO EN ALQUILER DE 140 M2 EN L AVDA. GIOGETA","","Valencia","Valencia","Jesús","La Raïosa","39.4584519786","-0.3841308214","2","Profesional","INFOAREA","No","Sí","No","No","No","No","No","No","https://images.habimg.com/imgh/0948bbbe-57fe-40ed-8d88-8743436cdc42G.jpg","https://www.habitaclia.com/i9768002787905","2024-06-13","963.447.474","infoarea@infoarea.es","No","Muy bueno","","No","No contactado","1325","3","2","140","1300","9","19","Alta"
"milanuncios","517161439","Alquiler","Plurifamiliar","València","46018","Valencia","Valencia","Patraix","Barrio de Patraix","39.4681169012","-0.3900549988","5","Profesional","Ágora Inmobiliaria","Sí","Sí","No","No","No","No","No","No","https://images.habimg.com/imgh/17623217-9a77-47ca-952a-51db1ecab473G.jpg","https://www.milanuncios.com/anuncios/r517161439.htm","2024-06-18","962948542","agorainmobiliaria5a8c@realestate.com","No","","","No","No contactado","1326","4","2","100","1400","14","14","Alta"
"milanuncios","515116093","Alquiler","Plurifamiliar","Ruzafa - C/ dels Sapadors","46006","Valencia","Valencia","Quatre Carreres","Mont-Olivet","39.4564902","-0.3672842","6","Particular","","No","Sí","Sí","No","Sí","No","No","No","","https://www.milanuncios.com/anuncios/r515116093.htm","2024-05-31","","","No","","","No","No contactado","1327","3","1","135","2200","16","32","Alta"
"habitaclia","P3357","Alquiler","Plurifamiliar","Piso en alquiler con 3 dormitorios en Nou Moles","","Valencia","Valencia","L'Olivereta","Nou Moles","39.4710976865","-0.3963339135","0","Profesional","Person Inmobiliaria","Sí","Sí","No","No","No","No","No","No","https://images.habimg.com/imgh/00509eaf-6538-4335-9ac5-febf729af5c3G.jpg","https://www.habitaclia.com/i33945000001685","2024-05-27","722161141","info@personinmobiliaria.com","No","Muy bueno","","No","No contactado","1328","3","1","72","1100","15","36","Alta"
"habitaclia","018OS","Alquiler","Plurifamiliar","El piso AMUEBLADO de 4 habitaciones en calle CHIVA","","Valencia","Valencia","Patraix","Barrio de Patraix","39.4644491126","-0.3899046544","0","Profesional","Spaces&Places","Sí","Sí","No","No","No","No","No","No","https://images.habimg.com/imgh/004ae209-431f-4836-b364-dfd61466a5bdG.jpg","https://www.habitaclia.com/i47584000000335","2024-06-20","635919795","info@spacesplaces.es","No","Muy bueno","","No","No contactado","1329","4","2","100","1400","14","12","Alta"
"milanuncios","516514602","Alquiler","Plurifamiliar","València","46020","Valencia","Valencia","Benimaclet","Barrio de Benimaclet","39.4833981012","-0.3547143988","8","Profesional","SERINFO 1998  S L","Sí","Sí","No","No","No","No","No","No","https://images.habimg.com/imgh/1d4137da-8ad4-4024-9bfe-73bf1dd2f93eG.jpg","https://www.milanuncios.com/anuncios/r516514602.htm","2024-06-13","962641584","serinfo2d96@realestate.com","No","","","No","No contactado","1330","1","1","65","900","13","19","Alta"
"habitaclia","01714VMC","Alquiler","Plurifamiliar","","","Valencia","Valencia","El Pla del Real","Mestalla","39.4731817865","-0.3551282135","0","Profesional","VALENCIA MA CASA","Sí","Sí","No","No","No","No","No","No","https://images.habimg.com/imgh/13e3107f-51fe-4c0d-b5f0-afb613feaf7cG.jpg","https://www.habitaclia.com/i32361000002939","2023-10-30","960714992<br> 655121880","info@valenciamacasa.com","No","Muy bueno","","No","No contactado","1331","3","1","75","1000","13","246","Alta"
"milanuncios","513186910","Alquiler","Plurifamiliar","València","46022","Valencia","Valencia","Algirós","Ciutat Jardí","39.4722976724","-0.3444320786","","Profesional","VALENCIA BIENES RAICES","No","Sí","No","No","No","No","No","No","https://images.habimg.com/imgh/06682b62-ca96-4602-a94b-5d18c0fd7b9bG.jpg","https://www.milanuncios.com/anuncios/r513186910.htm","2024-05-10","962640476","bienesyraices25a5@realestate.com","No","","","No","No contactado","1332","4","2","104","1700","16","61","Alta"
"milanuncios","515364921","Alquiler","Plurifamiliar","València","46007","Valencia","Valencia","Extramurs","Arrancapins","39.4654353012","-0.3835235988","","Profesional","LOPEZ RUBIO  JUAN ANTONIO","No","Sí","No","No","No","No","No","No","https://images.habimg.com/imgh/04ebc3c6-9730-4f32-9411-14bd0652d2deG.jpg","https://www.milanuncios.com/anuncios/r515364921.htm","2024-06-03","960968348","llarhogarea0b@realestate.com","No","","","No","No contactado","1333","5","2","150","1800","12","29","Alta"
"habitaclia","02008VMC","Alquiler","Plurifamiliar","","","Valencia","Valencia","La Saïdia","Morvedre","39.4846917865","-0.3735582135","0","Profesional","VALENCIA MA CASA","Sí","Sí","No","No","No","No","No","No","https://images.habimg.com/imgh/038a8b0e-5516-4131-b3e3-e1b0d49d5d39G.jpg","https://www.habitaclia.com/i32361000002776","2023-10-11","960714992<br> 655121880","info@valenciamacasa.com","No","Muy bueno","","No","No contactado","1334","3","1","80","1100","13","265","Alta"
"habitaclia","01248VMC","Alquiler","Plurifamiliar","","","Valencia","Valencia","Poblats Marítims","La Malva-rosa","39.4809517865","-0.3284282135","0","Profesional","VALENCIA MA CASA","Sí","Sí","No","No","No","No","No","No","https://images.habimg.com/imgh/03e945d7-6140-4f45-bd5f-c9a7f1a09004G.jpg","https://www.habitaclia.com/i32361000002889","2023-10-23","960714992<br> 655121880","info@valenciamacasa.com","No","Muy bueno","","No","No contactado","1335","3","2","100","1000","10","253","Alta"
"milanuncios","517481920","Alquiler","Plurifamiliar","Eixample - C. de Puerto Rico","46006","Valencia","Valencia","L'Eixample","Russafa","39.461297","-0.3755972","4","Profesional","","No","Sí","No","Sí","Sí","Sí","Sí","No","","https://www.milanuncios.com/anuncios/r517481920.htm","2024-06-22","","","No","","","No","No contactado","1336","2","1","69","1050","15","10","Alta"
"milanuncios","479715896","Alquiler","Plurifamiliar","València","46010","Valencia","Valencia","El Pla del Real","Ciutat Universitària","39.4799601012","-0.3555498988","","Profesional","Valencia Ma Casa","Sí","Sí","No","No","No","No","No","No","https://images.habimg.com/imgh/7f8bc490-7274-4573-9de0-87f8e9ed3e1dG.jpg","https://www.milanuncios.com/anuncios/r479715896.htm","2023-03-08","962940167","valenciamacasa388d@realestate.com","No","","","No","No contactado","1337","4","2","110","1300","11","482","Alta"
"Fotocasa","0025OS","Alquiler","Plurifamiliar","Piso en Alquiler en  GUILLEM CASTRO, La Roqueta","46007","Valencia","Valencia","Extramurs","La Roqueta","39.4699009215","-0.3829737225","Bajos","Profesional","Spaces&Places","Sí","No","No","No","Sí","No","No","No","https://static.fotocasa.es/images/ads/9891bfd1-6c36-4ae9-a321-60c1fc121f8a?rule=feeds_1920x1080","https://www.fotocasa.es/Building/Building_Detail.aspx?ai=183721055&tti=2","2024-07-01","962470857","i.spacesandplaces.8869.37@inmovilla.com","No","Muy bueno","","No","No contactado","1338","3","2","104","3000","28","1","Alta"
"habitaclia","P3414","Alquiler","Plurifamiliar","Elegante piso amueblado, con reforma a estrenar en Pla del Remei","","Valencia","Valencia","L'Eixample","El Pla del Remei","39.4672280865","-0.3741821135","8","Profesional","Person Inmobiliaria","Sí","Sí","Sí","No","No","No","No","No","https://images.habimg.com/imgh/3011351b-2883-4c10-bc11-8f68a7c6d66eG.jpg","https://www.habitaclia.com/i33945000001727","2024-06-19","722161141","info@personinmobiliaria.com","No","Muy bueno","","No","No contactado","1339","1","2","52","1400","26","13","Alta"
"milanuncios","479717816","Alquiler","Plurifamiliar","València","46010","Valencia","Valencia","El Pla del Real","Mestalla","39.4715801012","-0.3581498988","3","Profesional","Valencia Ma Casa","Sí","Sí","No","No","No","No","No","No","https://images.habimg.com/imgh/444c98d1-d620-4931-98d3-6dc8c5e022b1G.jpg","https://www.milanuncios.com/anuncios/r479717816.htm","2023-03-08","962940167","valenciamacasa388d@realestate.com","No","","","No","No contactado","1340","2","1","80","1100","13","482","Alta"
"habitaclia","018OS","Alquiler","Plurifamiliar","El piso AMUEBLADO de 4 habitaciones en calle CHIVA","","Valencia","Valencia","Patraix","Barrio de Patraix","39.4644491126","-0.3899046544","0","Profesional","Spaces&Places","Sí","Sí","No","No","No","No","No","No","https://images.habimg.com/imgh/004ae209-431f-4836-b364-dfd61466a5bdG.jpg","https://www.habitaclia.com/i47584000000335","2024-06-20","635919795","info@spacesplaces.es","No","Muy bueno","","No","No contactado","1341","4","2","100","1400","14","12","Alta"
"habitaclia","81888993","Alquiler","Plurifamiliar","Padre Anton Martín, Valencia","","Valencia","Valencia","Poblats Marítims","La Malva-rosa","39.4759712","-0.3287024","5","Profesional","LIVE 4 LIFE","No","Sí","No","No","No","No","No","No","https://images.habimg.com/imgh/06d35534-6212-479e-b434-ace57c8b6374G.jpg","https://www.habitaclia.com/i28825000009064","2024-03-26","637692405","administracion@l4l.es","No","Muy bueno","","No","No contactado","1342","3","1","80","1050","13","98","Alta"
"habitaclia","P3414","Alquiler","Plurifamiliar","Elegante piso amueblado, con reforma a estrenar en Pla del Remei","","Valencia","Valencia","L'Eixample","El Pla del Remei","39.4672280865","-0.3741821135","8","Profesional","Person Inmobiliaria","Sí","Sí","Sí","No","No","No","No","No","https://images.habimg.com/imgh/3011351b-2883-4c10-bc11-8f68a7c6d66eG.jpg","https://www.habitaclia.com/i33945000001727","2024-06-19","722161141","info@personinmobiliaria.com","No","Muy bueno","","No","No contactado","1343","1","2","52","1400","26","13","Alta"
"habitaclia","00763VMC","Alquiler","Plurifamiliar","","","Valencia","Valencia","Algirós","L'Amistat","39.4733517865","-0.3489482135","0","Profesional","VALENCIA MA CASA","Sí","Sí","No","No","No","No","No","No","https://images.habimg.com/imgh/0507bd8a-9722-4cd5-92ea-c2efce3fe1c2G.jpg","https://www.habitaclia.com/i32361000003264","2024-02-04","960714992<br> 655121880","info@valenciamacasa.com","No","Muy bueno","","No","No contactado","1344","3","1","75","1100","14","149","Alta"
"milanuncios","517903071","Alquiler","Plurifamiliar","València","46021","Valencia","Valencia","Algirós","L'Amistat","39.4726998012","-0.3494278988","2","Profesional","VALENCIA BIENES RAICES","No","Sí","No","No","No","No","No","No","https://images.habimg.com/imgh/0872e68b-66bd-45a7-916d-fd1439732553G.jpg","https://www.milanuncios.com/anuncios/r517903071.htm","2024-06-27","962640476","bienesyraices25a5@realestate.com","No","","","No","No contactado","1345","4","1","97","1300","13","5","Alta"
"habitaclia","25","Alquiler","Plurifamiliar","PISO PARA ESTUDIANTES","","Valencia","Valencia","Benimàmet","","39.4997157764","-0.4200104562","0","Profesional","Homelife Valencia Real Estate","No","Sí","No","No","No","No","No","No","https://images.habimg.com/imgh/26df3fde-57c6-4cd9-8be8-3dd2d2e6e0d0G.jpg","https://www.habitaclia.com/i43075000000055","2024-06-27","630503458","infoinmovalencia@gmail.com","No","Muy bueno","","No","No contactado","1346","3","2","101","900","8","5","Alta"
"habitaclia","027406","Alquiler","Plurifamiliar","Piso en alquiler en La Creu del Grau","","Valencia","Valencia","Camins al Grau","La Creu del Grau","39.463662287","-0.3464800939","1","Profesional","KASABIBA","Sí","Sí","No","No","No","No","No","No","https://images.habimg.com/imgh/1252649b-b90e-4b33-8494-10223165fcfeG.jpg","https://www.habitaclia.com/i8448000009230","2024-06-27","963854700","kasabiba@kasabiba.com","No","Muy bueno","","No","No contactado","1347","3","1","90","1200","13","5","Alta"
"habitaclia","6625VA","Alquiler","Plurifamiliar","PISO EN ALQUILER DE 140 M2 EN L AVDA. GIOGETA","","Valencia","Valencia","Jesús","La Raïosa","39.4584519786","-0.3841308214","2","Profesional","INFOAREA","No","Sí","No","No","No","No","No","No","https://images.habimg.com/imgh/0948bbbe-57fe-40ed-8d88-8743436cdc42G.jpg","https://www.habitaclia.com/i9768002787905","2024-06-13","963.447.474","infoarea@infoarea.es","No","Muy bueno","","No","No contactado","1348","3","2","140","1300","9","19","Alta"
"habitaclia","00769-5","Alquiler","Plurifamiliar","Ref  00769 Se ALQUILA Vivienda en Campanar, 1 habitación, baño y terraza","","Valencia","Valencia","Campanar","Campanar - La Fe","39.4813881623","-0.3962098425","4","Profesional","TOTAL HABITAT","Sí","Sí","No","No","Sí","No","No","No","https://images.habimg.com/imgh/0f625e59-0270-4019-8816-f35064eeb4ffG.jpg","https://www.habitaclia.com/i51197000000117","2024-06-29","961046750","gestion@totalhabitat.es","No","Muy bueno","","No","No contactado","1349","1","1","64","950","14","3","Alta"
"milanuncios","515116093","Alquiler","Plurifamiliar","Ruzafa - C/ dels Sapadors","46006","Valencia","Valencia","Quatre Carreres","Mont-Olivet","39.4564902","-0.3672842","6","Particular","","No","Sí","Sí","No","Sí","No","No","No","","https://www.milanuncios.com/anuncios/r515116093.htm","2024-05-31","","","No","","","No","No contactado","1350","3","1","135","2200","16","32","Alta"
"habitaclia","02008VMC","Alquiler","Plurifamiliar","","","Valencia","Valencia","La Saïdia","Morvedre","39.4846917865","-0.3735582135","0","Profesional","VALENCIA MA CASA","Sí","Sí","No","No","No","No","No","No","https://images.habimg.com/imgh/038a8b0e-5516-4131-b3e3-e1b0d49d5d39G.jpg","https://www.habitaclia.com/i32361000002776","2023-10-11","960714992<br> 655121880","info@valenciamacasa.com","No","Muy bueno","","No","No contactado","1351","3","1","80","1100","13","265","Alta"
"habitaclia","01714VMC","Alquiler","Plurifamiliar","","","Valencia","Valencia","El Pla del Real","Mestalla","39.4731817865","-0.3551282135","0","Profesional","VALENCIA MA CASA","Sí","Sí","No","No","No","No","No","No","https://images.habimg.com/imgh/13e3107f-51fe-4c0d-b5f0-afb613feaf7cG.jpg","https://www.habitaclia.com/i32361000002939","2023-10-30","960714992<br> 655121880","info@valenciamacasa.com","No","Muy bueno","","No","No contactado","1352","3","1","75","1000","13","246","Alta"
"milanuncios","515424136","Alquiler","Plurifamiliar","València","46009","Valencia","Valencia","La Saïdia","Morvedre","39.4843117003","-0.3741721597","","Profesional","Spaces Places","Sí","Sí","No","No","No","No","No","No","https://images.habimg.com/imgh/054b9c8d-4ec3-487f-987e-fc92781a4649G.jpg","https://www.milanuncios.com/anuncios/r515424136.htm","2024-06-03","962470857","spacesplaces120d@realestate.com","No","","","No","No contactado","1353","3","2","130","1350","10","44","Alta"
"milanuncios","515364921","Alquiler","Plurifamiliar","València","46007","Valencia","Valencia","Extramurs","Arrancapins","39.4654353012","-0.3835235988","","Profesional","LOPEZ RUBIO  JUAN ANTONIO","No","Sí","No","No","No","No","No","No","https://images.habimg.com/imgh/04ebc3c6-9730-4f32-9411-14bd0652d2deG.jpg","https://www.milanuncios.com/anuncios/r515364921.htm","2024-06-03","960968348","llarhogarea0b@realestate.com","No","","","No","No contactado","1354","5","2","150","1800","12","29","Alta"
"habitaclia","105462444","Alquiler","Plurifamiliar","PISO EN ALQUILER ZONA PINTOR MAELLA Y AV DEL PUERTO 899 €-66MTS2","","Valencia","Valencia","Camins al Grau","La Creu del Grau","39.4637278161","-0.3463552438","9","Profesional","GRUPO MONALVA","No","Sí","No","No","No","No","No","No","https://images.habimg.com/imgh/015e64b2-b4c0-4f4e-aca4-a57441c4c244G.jpg","https://www.habitaclia.com/i26546000002651","2024-07-12","963448280","grupomonalvainmobiliaria@gmail.com","No","Muy bueno","","No","No contactado","1355","2","1","66","899","13","5","Alta"
"milanuncios","512094948","Alquiler","Plurifamiliar","València","46008","Valencia","Valencia","Extramurs","Arrancapins","39.468401465","-0.389717535","","Profesional","Alquila Tu Hogar","No","Sí","No","No","No","No","No","No","https://images.habimg.com/imgh/11b2b0e2-f038-4a16-aee5-9a44353caca0G.jpg","https://www.milanuncios.com/anuncios/r512094948.htm","2024-04-26","910926078","alquilatuhogarf3c3@realestate.com","No","","","No","No contactado","1356","3","1","99","995","10","74","Alta"
"habitaclia","12742","Alquiler","Plurifamiliar","SE ALQUILA PISO AMUEBLADO EN JAIME ROIG","","Valencia","Valencia","El Pla del Real","Exposició","39.4773988153","-0.3631258191","3","Profesional","ENTRE2 SERVICIOS INMOBILIARIOS","Sí","Sí","No","No","Sí","No","No","No","https://images.habimg.com/imgh/0495e264-5d9c-443f-ae50-50857d519199G.jpg","https://www.habitaclia.com/i9439001905510","2024-07-08","647427733","comercialentre2@gmail.com,i.entre2serviciosinmobiliarios.2017@inmovilla.com","No","Muy bueno","","No","No contactado","1357","4","2","140","1200","8","1","Alta"
"milanuncios","518966905","Alquiler","Plurifamiliar","València","46007","Valencia","Valencia","Patraix","Barrio de Patraix","39.461870855","-0.387368145","2","Profesional","Ml Strategic Properties S L","Sí","Sí","No","No","No","No","No","No","https://images.habimg.com/imgh/0af4d3e4-1d79-40b8-9e13-7c4f3f12022bG.jpg","https://www.milanuncios.com/anuncios/r518966905.htm","2024-07-10","962646172","holainmobiliariaab2f@realestate.com","No","","","No","No contactado","1358","3","2","100","1700","17","19","Alta"
"milanuncios","511283144","Alquiler","Plurifamiliar","Valencia","46012","Valencia","Valencia","El Saler","","39.3590315012","-0.3181822988","","Profesional","ALBORA GESTION TOTAL  S L","Sí","Sí","No","No","No","No","No","No","https://images.habimg.com/imgh/16271929-f840-4ce8-a0c0-dc9449f25e27G.jpg","https://www.milanuncios.com/anuncios/r511283144.htm","2024-04-15","962470835","tumikasa056d@realestate.com","No","","","No","No contactado","1359","3","2","100","2400","24","78","Alta"
"habitaclia","PT0064VCI","Alquiler","Plurifamiliar","PISO CON GARAJE Y TRASTERO","","Valencia","Valencia","Camins al Grau","Aiora","39.4647882084","-0.3468916612","0","Profesional","Carmina Reig Inmobiliaria","No","Sí","Sí","No","No","No","No","No","https://images.habimg.com/imgh/32857052-26ac-42b1-90f5-3c9ae1e38628G.jpg","https://www.habitaclia.com/i10990002226818","2024-06-17","963261717","i.carminareiginmobiliaria.2301@inmovilla.com","No","Muy bueno","","No","No contactado","1360","3","1","90","1500","16","15","Alta"
"milanuncios","516514602","Alquiler","Plurifamiliar","València","46020","Valencia","Valencia","Benimaclet","Barrio de Benimaclet","39.4833981012","-0.3547143988","8","Profesional","SERINFO 1998  S L","Sí","Sí","No","No","No","No","No","No","https://images.habimg.com/imgh/1d4137da-8ad4-4024-9bfe-73bf1dd2f93eG.jpg","https://www.milanuncios.com/anuncios/r516514602.htm","2024-06-13","962641584","serinfo2d96@realestate.com","No","","","No","No contactado","1361","1","1","65","900","13","19","Alta"
"milanuncios","517161439","Alquiler","Plurifamiliar","València","46018","Valencia","Valencia","Patraix","Barrio de Patraix","39.4681169012","-0.3900549988","5","Profesional","Ágora Inmobiliaria","Sí","Sí","No","No","No","No","No","No","https://images.habimg.com/imgh/17623217-9a77-47ca-952a-51db1ecab473G.jpg","https://www.milanuncios.com/anuncios/r517161439.htm","2024-06-18","962948542","agorainmobiliaria5a8c@realestate.com","No","","","No","No contactado","1362","4","2","100","1400","14","14","Alta"
"habitaclia","00763VMC","Alquiler","Plurifamiliar","","","Valencia","Valencia","Algirós","L'Amistat","39.4733517865","-0.3489482135","0","Profesional","VALENCIA MA CASA","Sí","Sí","No","No","No","No","No","No","https://images.habimg.com/imgh/0507bd8a-9722-4cd5-92ea-c2efce3fe1c2G.jpg","https://www.habitaclia.com/i32361000003264","2024-02-04","960714992<br> 655121880","info@valenciamacasa.com","No","Muy bueno","","No","No contactado","1363","3","1","75","1100","14","149","Alta"
"habitaclia","P3357","Alquiler","Plurifamiliar","Piso en alquiler con 3 dormitorios en Nou Moles","","Valencia","Valencia","L'Olivereta","Nou Moles","39.4710976865","-0.3963339135","0","Profesional","Person Inmobiliaria","Sí","Sí","No","No","No","No","No","No","https://images.habimg.com/imgh/00509eaf-6538-4335-9ac5-febf729af5c3G.jpg","https://www.habitaclia.com/i33945000001685","2024-05-27","722161141","info@personinmobiliaria.com","No","Muy bueno","","No","No contactado","1364","3","1","72","1100","15","36","Alta"
"habitaclia","25","Alquiler","Plurifamiliar","PISO PARA ESTUDIANTES","","Valencia","Valencia","Benimàmet","","39.4997157764","-0.4200104562","0","Profesional","Homelife Valencia Real Estate","No","Sí","No","No","No","No","No","No","https://images.habimg.com/imgh/26df3fde-57c6-4cd9-8be8-3dd2d2e6e0d0G.jpg","https://www.habitaclia.com/i43075000000055","2024-06-27","630503458","infoinmovalencia@gmail.com","No","Muy bueno","","No","No contactado","1365","3","2","101","900","8","5","Alta"
"Fotocasa","0025OS","Alquiler","Plurifamiliar","Piso en Alquiler en  GUILLEM CASTRO, La Roqueta","46007","Valencia","Valencia","Extramurs","La Roqueta","39.4699009215","-0.3829737225","Bajos","Profesional","Spaces&Places","Sí","No","No","No","Sí","No","No","No","https://static.fotocasa.es/images/ads/9891bfd1-6c36-4ae9-a321-60c1fc121f8a?rule=feeds_1920x1080","https://www.fotocasa.es/Building/Building_Detail.aspx?ai=183721055&tti=2","2024-07-01","962470857","i.spacesandplaces.8869.37@inmovilla.com","No","Muy bueno","","No","No contactado","1366","3","2","104","3000","28","1","Alta"
"habitaclia","00769-5","Alquiler","Plurifamiliar","Ref  00769 Se ALQUILA Vivienda en Campanar, 1 habitación, baño y terraza","","Valencia","Valencia","Campanar","Campanar - La Fe","39.4813881623","-0.3962098425","4","Profesional","TOTAL HABITAT","Sí","Sí","No","No","Sí","No","No","No","https://images.habimg.com/imgh/0f625e59-0270-4019-8816-f35064eeb4ffG.jpg","https://www.habitaclia.com/i51197000000117","2024-06-29","961046750","gestion@totalhabitat.es","No","Muy bueno","","No","No contactado","1367","1","1","64","950","14","3","Alta"
"milanuncios","517274884","Alquiler","Plurifamiliar","València","46007","Valencia","Valencia","Jesús","La Raïosa","39.4571178012","-0.3813528988","3","Profesional","Alquila Tu Hogar","No","Sí","No","No","No","No","No","No","https://images.habimg.com/imgh/005e5ec8-5e42-4874-9cd3-f0025fdd552aG.jpg","https://www.milanuncios.com/anuncios/r517274884.htm","2024-06-19","910925087","alquilatuhogard90a@realestate.com","No","","","No","No contactado","1368","3","1","70","950","13","13","Alta"
"milanuncios","517481920","Alquiler","Plurifamiliar","Eixample - C. de Puerto Rico","46006","Valencia","Valencia","L'Eixample","Russafa","39.461297","-0.3755972","4","Profesional","","No","Sí","No","Sí","Sí","Sí","Sí","No","","https://www.milanuncios.com/anuncios/r517481920.htm","2024-06-22","","","No","","","No","No contactado","1369","2","1","69","1050","15","10","Alta"
"habitaclia","MI-01487","Alquiler","Plurifamiliar","Vivienda 3  2","","Valencia","Valencia","El Pla del Real","Ciutat Universitària","39.4769845274","-0.356797411","0","Profesional","MOSAICO INMUEBLES","Sí","Sí","No","No","No","No","No","No","https://images.habimg.com/imgh/24411b4d-6ead-421a-a31e-cdf8bc912427G.jpg","https://www.habitaclia.com/i44897000000034","2024-06-27","601167505","flleo@mosaicoinmuebles.com","No","Muy bueno","","No","No contactado","1370","3","2","100","1150","11","5","Alta"
"habitaclia","PT0064VCI","Alquiler","Plurifamiliar","PISO CON GARAJE Y TRASTERO","","Valencia","Valencia","Camins al Grau","Aiora","39.4647882084","-0.3468916612","0","Profesional","Carmina Reig Inmobiliaria","No","Sí","Sí","No","No","No","No","No","https://images.habimg.com/imgh/32857052-26ac-42b1-90f5-3c9ae1e38628G.jpg","https://www.habitaclia.com/i10990002226818","2024-06-17","963261717","i.carminareiginmobiliaria.2301@inmovilla.com","No","Muy bueno","","No","No contactado","1371","3","1","90","1500","16","15","Alta"
"milanuncios","511283144","Alquiler","Plurifamiliar","Valencia","46012","Valencia","Valencia","El Saler","","39.3590315012","-0.3181822988","","Profesional","ALBORA GESTION TOTAL  S L","Sí","Sí","No","No","No","No","No","No","https://images.habimg.com/imgh/16271929-f840-4ce8-a0c0-dc9449f25e27G.jpg","https://www.milanuncios.com/anuncios/r511283144.htm","2024-04-15","962470835","tumikasa056d@realestate.com","No","","","No","No contactado","1372","3","2","100","2400","24","78","Alta"
"habitaclia","027406","Alquiler","Plurifamiliar","Piso en alquiler en La Creu del Grau","","Valencia","Valencia","Camins al Grau","La Creu del Grau","39.463662287","-0.3464800939","1","Profesional","KASABIBA","Sí","Sí","No","No","No","No","No","No","https://images.habimg.com/imgh/1252649b-b90e-4b33-8494-10223165fcfeG.jpg","https://www.habitaclia.com/i8448000009230","2024-06-27","963854700","kasabiba@kasabiba.com","No","Muy bueno","","No","No contactado","1373","3","1","90","1200","13","5","Alta"
"milanuncios","517690521","Alquiler","Plurifamiliar","València","46017","Valencia","Valencia","Jesús","Camí Real","39.4413171012","-0.3852312988","8","Profesional","CM PROPERTIES","No","Sí","No","No","No","No","No","No","https://images.habimg.com/imgh/15b22cbb-1aa3-4593-bdeb-8c9953be62cbG.jpg","https://www.milanuncios.com/anuncios/r517690521.htm","2024-06-25","962470759","cmproperties8e5d@realestate.com","No","","","No","No contactado","1374","2","1","70","1200","17","7","Alta"
"milanuncios","479715896","Alquiler","Plurifamiliar","València","46010","Valencia","Valencia","El Pla del Real","Ciutat Universitària","39.4799601012","-0.3555498988","","Profesional","Valencia Ma Casa","Sí","Sí","No","No","No","No","No","No","https://images.habimg.com/imgh/7f8bc490-7274-4573-9de0-87f8e9ed3e1dG.jpg","https://www.milanuncios.com/anuncios/r479715896.htm","2023-03-08","962940167","valenciamacasa388d@realestate.com","No","","","No","No contactado","1375","4","2","110","1300","11","482","Alta"
"habitaclia","0-1948","Alquiler","Unifamiliar","SE ALQUILA  DUPLEX CON PISCINA PRIVADA","","Valencia","Valencia","Patraix","Barrio de Patraix","39.4655776621","-0.388647251","0","Profesional","MY HOME VALENCIA INMOBILIARIA, SL.","Sí","No","Sí","No","Sí","Sí","No","No","https://images.habimg.com/imgh/080bf558-1512-4e80-923a-07713afe0607G.jpg","https://www.habitaclia.com/i19109000001322","2024-06-11","963492822","i.myhomevalencia.3954@inmovilla.com","No","Muy bueno","","No","No contactado","1376","2","2","92","1400","15","20","Alta"
"habitaclia","01248VMC","Alquiler","Plurifamiliar","","","Valencia","Valencia","Poblats Marítims","La Malva-rosa","39.4809517865","-0.3284282135","0","Profesional","VALENCIA MA CASA","Sí","Sí","No","No","No","No","No","No","https://images.habimg.com/imgh/03e945d7-6140-4f45-bd5f-c9a7f1a09004G.jpg","https://www.habitaclia.com/i32361000002889","2023-10-23","960714992<br> 655121880","info@valenciamacasa.com","No","Muy bueno","","No","No contactado","1377","3","2","100","1000","10","253","Alta"
"milanuncios","519527560","Alquiler","Plurifamiliar","València","46020","Valencia","Valencia","Benimaclet","Barrio de Benimaclet","39.4859283886","-0.3569368114","","Profesional","Seattle Realtor S L","No","No","No","No","No","No","No","No","https://images.habimg.com/imgh/14cc51c3-f897-4df1-b939-cd7429bd07ebG.jpg","https://www.milanuncios.com/anuncios/r519527560.htm","2024-07-15","932756098","seattlelproperties2538@realestate.com","No","","","No","No contactado","1378","3","1","80","1100","13","4","Alta"
"milanuncios","479717816","Alquiler","Plurifamiliar","València","46010","Valencia","Valencia","El Pla del Real","Mestalla","39.4715801012","-0.3581498988","3","Profesional","Valencia Ma Casa","Sí","Sí","No","No","No","No","No","No","https://images.habimg.com/imgh/444c98d1-d620-4931-98d3-6dc8c5e022b1G.jpg","https://www.milanuncios.com/anuncios/r479717816.htm","2023-03-08","962940167","valenciamacasa388d@realestate.com","No","","","No","No contactado","1379","2","1","80","1100","13","482","Alta"
"milanuncios","517690521","Alquiler","Plurifamiliar","València","46017","Valencia","Valencia","Jesús","Camí Real","39.4413171012","-0.3852312988","8","Profesional","CM PROPERTIES","No","Sí","No","No","No","No","No","No","https://images.habimg.com/imgh/15b22cbb-1aa3-4593-bdeb-8c9953be62cbG.jpg","https://www.milanuncios.com/anuncios/r517690521.htm","2024-06-25","962470759","cmproperties8e5d@realestate.com","No","","","No","No contactado","1380","2","1","70","1200","17","7","Alta"
"milanuncios","518791607","Alquiler","Plurifamiliar","València","46014","Valencia","Valencia","Patraix","Vara de Quart","39.4614218176","-0.4105109364","1","Profesional","GESTIÓN DE VIVIENDAS","Sí","Sí","No","No","No","No","Sí","No","https://images.habimg.com/imgh/08ec3841-d400-451f-92bd-9fee9387f145G.jpg","https://www.milanuncios.com/anuncios/r518791607.htm","2024-07-09","961280532","gestiondeviviendasffab@realestate.com","No","","","No","No contactado","1381","","1","84","1000","11","10","Alta"
"milanuncios","517903071","Alquiler","Plurifamiliar","València","46021","Valencia","Valencia","Algirós","L'Amistat","39.4726998012","-0.3494278988","2","Profesional","VALENCIA BIENES RAICES","No","Sí","No","No","No","No","No","No","https://images.habimg.com/imgh/0872e68b-66bd-45a7-916d-fd1439732553G.jpg","https://www.milanuncios.com/anuncios/r517903071.htm","2024-06-27","962640476","bienesyraices25a5@realestate.com","No","","","No","No contactado","1382","4","1","97","1300","13","5","Alta"
"habitaclia","01857VMC","Alquiler","Plurifamiliar","","","Valencia","Valencia","La Saïdia","Trinitat","39.4854157722","-0.3678834278","0","Profesional","VALENCIA MA CASA","Sí","Sí","No","No","No","No","No","No","https://images.habimg.com/imgh/0051b7f7-9d9c-4f81-b4a7-555f05039facG.jpg","https://www.habitaclia.com/i32361000002888","2023-10-23","960714992<br> 655121880","info@valenciamacasa.com","No","Muy bueno","","No","No contactado","1383","3","2","100","1200","12","281","Alta"
"habitaclia","00607VMC","Alquiler","Plurifamiliar","","","Valencia","Valencia","Camins al Grau","Aiora","39.4669960722","-0.3455839278","0","Profesional","VALENCIA MA CASA","Sí","Sí","No","No","No","No","No","No","https://images.habimg.com/imgh/19fa23af-94a4-4415-9611-4e438d509a24G.jpg","https://www.habitaclia.com/i32361000003280","2024-02-10","960714992<br> 655121880","info@valenciamacasa.com","No","Muy bueno","","No","No contactado","1384","2","2","115","950","8","171","Alta"
"habitaclia","01440VMC","Alquiler","Plurifamiliar","","","Valencia","Valencia","Algirós","L'Illa Perduda","39.4726060722","-0.3372039278","0","Profesional","VALENCIA MA CASA","Sí","Sí","No","No","No","No","No","No","https://images.habimg.com/imgh/22033dac-44de-484a-96e6-2501c094ca2eG.jpg","https://www.habitaclia.com/i32361000003057","2023-11-19","960714992<br> 655121880","info@valenciamacasa.com","No","Muy bueno","","No","No contactado","1385","3","1","100","1000","10","254","Alta"
"milanuncios","479717816","Alquiler","Plurifamiliar","València","46010","Valencia","Valencia","El Pla del Real","Mestalla","39.4690427943","-0.3606872057","3","Profesional","Valencia Ma Casa","Sí","Sí","No","No","No","No","No","No","https://images.habimg.com/imgh/444c98d1-d620-4931-98d3-6dc8c5e022b1G.jpg","https://www.milanuncios.com/anuncios/r479717816.htm","2023-03-08","962940167","valenciamacasa388d@realestate.com","No","","","No","No contactado","1386","2","1","80","1100","13","510","Alta"
"habitaclia","E076-01183","Alquiler","Plurifamiliar","Alquiler de apartamento en el centro de Valencia!!","","Valencia","Valencia","Ciutat Vella","Sant Francesc","39.4705262302","-0.3729765448","5","Profesional","Primer Grupo Turia","Sí","Sí","No","No","No","No","No","No","https://images.habimg.com/imgh/188708ce-565c-4b2d-80ee-911cb2a92738G.jpg","https://www.habitaclia.com/i12140000000468","2024-01-31","960712509","i.primergrupoturia.4823@inmovilla.com","No","Muy bueno","","No","No contactado","1387","1","1","63","1050","16","181","Alta"
"habitaclia","00213VMC","Alquiler","Plurifamiliar","","","Valencia","Valencia","El Pla del Real","Mestalla","39.4728168722","-0.3574028278","0","Profesional","VALENCIA MA CASA","Sí","Sí","No","No","No","No","No","No","https://images.habimg.com/imgh/01446f7e-255e-48a6-8e37-f17b62df9f7eG.jpg","https://www.habitaclia.com/i32361000003387","2024-04-13","960714992<br> 655121880","info@valenciamacasa.com","No","Muy bueno","","No","No contactado","1388","4","2","120","1500","12","108","Alta"
"milanuncios","479718612","Alquiler","Plurifamiliar","València","46010","Valencia","Valencia","El Pla del Real","Exposició","39.4761967943","-0.3673152057","","Profesional","Valencia Ma Casa","Sí","Sí","No","No","No","No","No","No","https://images.habimg.com/imgh/5734d32c-6672-4020-899b-937d4e1580b3G.jpg","https://www.milanuncios.com/anuncios/r479718612.htm","2023-03-08","962940167","valenciamacasa388d@realestate.com","No","","","No","No contactado","1389","4","2","130","1400","10","510","Alta"
"Fotocasa","12237580001bhuifw695063","Alquiler","Plurifamiliar","Piso en Alquiler en  De La Malva-Rosa, La Malva-rosa","46011","Valencia","Valencia","Poblats Marítims","La Malva-rosa","39.48182789","-0.32830671","1º","Profesional","LIVE 4 LIFE","Sí","Sí","Sí","Sí","No","Sí","Sí","Sí","https://static.fotocasa.es/images/ads/0b4f0000-1c86-464f-b2f7-ed53fad615f0?rule=feeds_1920x1080","https://www.fotocasa.es/Building/Building_Detail.aspx?ai=183956376&tti=2","2024-07-29","962949801","dxxk@inbox.witei.com","No","Muy bueno","","No","No contactado","1390","3","1","75","1100","14","1","Alta"
"habitaclia","21-58963","Alquiler","Plurifamiliar","","","Valencia","Valencia","Algirós","Ciutat Jardí","39.4745218072","-0.3438834928","3","Profesional","LLAVE 90 BLASCO IBAÑEZ","No","Sí","No","No","No","No","No","No","https://images.habimg.com/imgh/0c449f5d-a466-429e-8f86-8693ea8b1452G.jpg","https://www.habitaclia.com/i9999000000400","2024-07-10","963285285","sdiaz@llave90.com","No","Muy bueno","","No","No contactado","1391","4","2","109","1500","13","20","Alta"
"habitaclia","BC2204","Alquiler","Plurifamiliar","BONITO PISO EN ZONA MESTALLA","","Valencia","Valencia","El Pla del Real","Mestalla","39.4763209722","-0.3533391278","5","Profesional","BENICASA 2002 SERVICIOS INMOBILIARIOS","No","Sí","No","No","No","No","No","No","https://images.habimg.com/imgh/2a9f8cfe-a343-439f-a3dd-e4834648ae9dG.jpg","https://www.habitaclia.com/i41070000001495","2024-06-21","963656620","serviciosinmobiliariosbc2002@outlook.es","No","Muy bueno","","No","No contactado","1392","2","2","90","1350","15","39","Alta"
"milanuncios","508861992","Alquiler","Plurifamiliar","València","46011","Valencia","Valencia","Poblats Marítims","La Malva-rosa","39.474893793","-0.3293236612","","Profesional","Finaer","Sí","Sí","No","No","No","No","No","No","https://images.habimg.com/imgh/162d917d-620f-40f9-93a9-6ff1f057cff7G.jpg","https://www.milanuncios.com/anuncios/r508861992.htm","2024-03-11","962471295","inmobiliariascongarantiafinaere6e5@realestate.com","No","","","No","No contactado","1393","4","1","100","3000","30","141","Alta"
"habitaclia","331","Alquiler","Plurifamiliar","Piso en alquiler para estudiantes","","Valencia","Valencia","Algirós","La Bega Baixa - Plaza Xúquer","39.4769133","-0.3468663","1","Profesional","IPISOS","No","Sí","No","No","No","No","No","No","https://images.habimg.com/imgh/053b8807-8863-49e0-a731-cd2b83fe3179G.jpg","https://www.habitaclia.com/i12419000000321","2024-07-15","961931086","armandosuero@ipisos-realestate.com","No","Muy bueno","","No","No contactado","1394","4","2","106","1600","15","15","Alta"
"habitaclia","AV2403061","Alquiler","Plurifamiliar","Piso en alquiler en Benimàmet","","Valencia","Valencia","Benimàmet","","39.5036260722","-0.4205759278","0","Profesional","APROPERTIES REAL ESTATE - VALENCIA","Sí","Sí","Sí","No","No","No","No","No","https://images.habimg.com/imgh/4737-img3820518-471186314G.jpg","https://www.habitaclia.com/i4737003820518","2024-03-20","961285965","eva.martinez-fortun@aproperties.es","No","Muy bueno","","No","No contactado","1395","4","2","138","1750","12","132","Alta"
"habitaclia","00763-B","Alquiler","Plurifamiliar","00763 Se ALQUILA PISO ESTUDIANTES de 3 dormitorios, 1 baño, con patio y ascensor en Benicalap","","Valencia","Valencia","Benicalap","Barrio de Benicalap","39.4929932549","-0.3921087008","1","Profesional","TOTAL HABITAT","Sí","Sí","No","No","No","No","No","No","https://images.habimg.com/imgh/0caa4d5c-2e95-4190-9074-d7388c5e8b9eG.jpg","https://www.habitaclia.com/i51197000000186","2024-07-25","961046750","gestion@totalhabitat.es","No","Muy bueno","","No","No contactado","1396","3","1","85","1100","12","5","Alta"
"Fotocasa","I-00L148-W-02WHVH","Alquiler","Plurifamiliar","Piso en Alquiler en La Roqueta","46007","Valencia","Valencia","Extramurs","La Roqueta","39.4651659003","-0.3797560997","4º","Profesional","Engel & Völkers","Sí","Sí","Sí","Sí","No","Sí","Sí","Sí","https://static.fotocasa.es/images/ads/cad823d8-379a-4138-9d4c-641eea63dbd7?rule=feeds_1920x1080","https://www.fotocasa.es/Building/Building_Detail.aspx?ai=183863513&tti=2","2024-07-17","962646083","Valencia@engelvoelkers.com","No","Muy bueno","","No","No contactado","1397","3","2","98","1900","19","13","Alta"
"milanuncios","519537850","Alquiler","Plurifamiliar","ZAINIA","46009","Benipeixcar","Valencia","La Saïdia","Sant Antoni","39.4867889943","-0.3731382057","1","Particular","","No","Sí","Sí","No","No","No","No","No","","https://www.milanuncios.com/anuncios/r519537850.htm","2024-07-15","","","No","","","No","No contactado","1398","4","2","120","1300","10","15","Alta"
"habitaclia","04723","Alquiler","Plurifamiliar","CÓMODA VIVIENDA EN ALQUILER MUY BIEN UBICADA","","Valencia","Valencia","L'Eixample","Russafa","39.4623100772","-0.3670027528","2","Profesional","Casas del Mediterráneo Central","Sí","Sí","No","No","No","No","No","No","https://images.habimg.com/imgh/2373919d-8800-47d3-86ee-c15ad2537762G.jpg","https://www.habitaclia.com/i50160000000104","2024-06-04","960660660","cristina@casasdelmediterraneo.com","No","Muy bueno","","No","No contactado","1399","2","1","60","1200","20","56","Alta"
"Fotocasa","AV2407095","Alquiler","Plurifamiliar","Piso en Alquiler en  Carrer d'Eduard Boscà, Penya - Roja - Avda. Francia","46023","Valencia","Valencia","Camins al Grau","Penya - Roja - Avda. Francia","39.46404089","-0.35763911","1º","Profesional","APROPERTIES REAL ESTATE - VALENCIA","Sí","Sí","Sí","No","Sí","Sí","No","No","https://static.inmofactory.com/images/inmofactory/documents/1/109791/36015883/663112876.jpg?rule=feeds_1920x1080","https://www.fotocasa.es/Building/Building_Detail.aspx?ai=183900791&tti=2","2024-07-22","960179239","leadsapvalencia@aproperties.es","No","Muy bueno","","No","No contactado","1400","2","2","119","2200","18","8","Alta"
"milanuncios","514128580","Alquiler","Unifamiliar","Ciudad de las Artes y las Ciencias - C/","46013","Valencia","Valencia","Quatre Carreres","Ciutat de les Ciències i de les Arts - Justicia","39.4534032","-0.3591977","12","Particular","","Sí","Sí","No","No","Sí","No","No","No","","https://www.milanuncios.com/anuncios/r514128580.htm","2024-05-20","","","No","","","No","No contactado","1401","1","1","45","1200","26","71","Alta"
"milanuncios","517420021","Alquiler","Plurifamiliar","València","46020","Valencia","Valencia","Benimaclet","Barrio de Benimaclet","39.4877725562","-0.3605678109","","Profesional","ALAMEDA INMOBILIARIA C B","No","No","No","No","No","No","No","No","https://images.habimg.com/imgh/05205da7-b655-4d70-8cdc-a86c9a0a825fG.jpg","https://www.milanuncios.com/anuncios/r517420021.htm","2024-06-21","961282115","alamedainmobiliaria4cd0@realestate.com","No","","","No","No contactado","1402","4","2","92","1600","17","39","Alta"
"habitaclia","COS-01116","Alquiler","Plurifamiliar","Amplio y luminoso piso en alquiler en Ruzafa","","Valencia","Valencia","L'Eixample","Russafa","39.4581102368","-0.3736210754","2","Profesional","cosmohabitat","No","Sí","No","No","No","No","No","No","https://images.habimg.com/imgh/078a8451-eea7-492d-9b08-390ef8a5618eG.jpg","https://www.habitaclia.com/i31957000000950","2024-06-12","644027227","maria@cosmohabitat.com","No","Muy bueno","","No","No contactado","1403","4","2","145","1350","9","48","Alta"
"milanuncios","453533998","Alquiler","Unifamiliar","Benicalap - C/ del Pintor Matarana","46025","Valencia","Valencia","Benicalap","Barrio de Benicalap","39.4935587","-0.3926775","4","Particular","","No","No","No","No","No","No","No","No","","https://www.milanuncios.com/anuncios/r453533998.htm","2022-06-03","","","No","","","No","No contactado","1404","3","1","70","1300","18","788","Muy alta"
"milanuncios","481168613","Alquiler","Plurifamiliar","València","46018","Valencia","Valencia","L'Olivereta","Nou Moles","39.4736446943","-0.3967159057","","Profesional","ESPERANZA HERRERO GESTIÓN INMOBILIARIA","Sí","Sí","No","No","No","No","No","No","https://images.habimg.com/imgh/055f1afc-c665-48fc-9099-fe4a742a791fG.jpg","https://www.milanuncios.com/anuncios/r481168613.htm","2023-03-21","962648517","esperanzaherreroabogadayagented82e7@realestate.com","No","","","No","No contactado","1405","3","1","96","1100","11","497","Alta"
"milanuncios","518422990","Alquiler","Plurifamiliar","Benicalap","46007","Valencia","Valencia","Extramurs","La Roqueta","39.4634132385","-0.379211992","3","Particular","","No","No","No","No","No","No","No","No","","https://www.milanuncios.com/anuncios/r518422990.htm","2024-07-04","","","No","","","No","No contactado","1406","3","1","75","350","4","17","Muy alta"
"milanuncios","515614854","Alquiler","Unifamiliar","Playa - C/ de Gandia","46007","Valencia","Valencia","Extramurs","La Roqueta","39.4690239","-0.3832123","2","Particular","","Sí","Sí","No","No","Sí","No","No","No","","https://www.milanuncios.com/anuncios/r515614854.htm","2024-06-05","","","No","","","No","No contactado","1407","3","1","80","50","","27","Muy alta"
"milanuncios","515614854","Alquiler","Unifamiliar","Playa - C/ de Gandia","46007","Valencia","Valencia","Extramurs","La Roqueta","39.4690239","-0.3832123","2","Particular","","Sí","Sí","No","No","Sí","No","No","No","","https://www.milanuncios.com/anuncios/r515614854.htm","2024-06-05","","","No","","","No","No contactado","1408","3","1","80","50","","27","Muy alta"
"milanuncios","517178602","Alquiler","Unifamiliar","Gran Via - Plaça d''Espanya","46007","Valencia","Valencia","Extramurs","La Roqueta","39.4655761719","-0.3814638853","3","Particular","","Sí","Sí","No","No","Sí","No","No","No","","https://www.milanuncios.com/anuncios/r517178602.htm","2024-06-18","","","No","","","No","No contactado","1409","3","1","110","125","1","14","Muy alta"
"milanuncios","517178602","Alquiler","Unifamiliar","Gran Via - Plaça d''Espanya","46007","Valencia","Valencia","Extramurs","La Roqueta","39.4655761719","-0.3814638853","3","Particular","","Sí","Sí","No","No","Sí","No","No","No","","https://www.milanuncios.com/anuncios/r517178602.htm","2024-06-18","","","No","","","No","No contactado","1410","3","1","110","125","1","14","Muy alta"
"milanuncios","520418356","Alquiler","Plurifamiliar","Valencia","46015","Valencia","Valencia","Beniferri","","39.4936365943","-0.4048646057","1","Profesional","PROMOCIONES PAISAJE OLOCAU SL","No","Sí","No","No","No","No","No","No","https://images.habimg.com/imgh/0dc700ff-160b-402a-aa74-e1e98d4e6fdfG.jpg","https://www.milanuncios.com/anuncios/r520418356.htm","2024-07-24","962649735","tuilusioninmobiliaria23ff@realestate.com","No","","","No","No contactado","1411","3","1","94","900","9","6","Muy alta"
"milanuncios","487375036","Alquiler","Unifamiliar","Malvarrosa","46011","Valencia","Valencia","Poblats Marítims","La Malva-rosa","39.4807974943","-0.3289419057","4","Particular","","Sí","No","No","No","No","No","No","No","","https://www.milanuncios.com/anuncios/r487375036.htm","2023-05-30","","","No","","","No","No contactado","1412","2","2","65","80","1","427","Muy alta"
"Fotocasa","","Alquiler","Plurifamiliar","Piso en Alquiler en  Carrer de la Reina, 228, El Cabanyal - El Canyamelar","46011","Valencia","Valencia","Poblats Marítims","El Cabanyal - El Canyamelar","39.4722635","-0.3279574","","Particular","f.f.cortes","No","No","No","No","No","No","No","No","https://static.fotocasa.es/images/anuncio/2024/04/16/183018027/3831978279.jpg?rule=feeds_1920x1080","https://www.fotocasa.es/Building/Building_Detail.aspx?ai=183018027&tti=1","2024-04-16","680991911","f.f.cortes@hotmail.com","No","Muy bueno","","No","No contactado","1413","2","1","90","1600","17","105","Muy alta"
"milanuncios","517406745","Alquiler","Plurifamiliar","València","46022","Valencia","Valencia","Algirós","L'Illa Perduda","39.4706624143","-0.3412563257","","Profesional","AYORA REAL ESTATE SL","No","Sí","No","No","No","No","No","No","https://images.habimg.com/imgh/19d02497-d193-4c2b-861f-faca0f3a8dfdG.jpg","https://www.milanuncios.com/anuncios/r517406745.htm","2024-06-21","962645802","everlyhomeislaperdida59e3@realestate.com","No","","","No","No contactado","1414","4","1","116","1200","10","39","Muy alta"
"milanuncios","512769199","Alquiler","Plurifamiliar","València","46006","Valencia","Valencia","Quatre Carreres","Mont-Olivet","39.4630966322","-0.3627040388","","Profesional","SALICO SERVICIOS INMOBILIARIOS","Sí","Sí","No","No","No","No","No","No","https://images.habimg.com/imgh/0a3c0a98-b81f-46a9-a2c5-16a18ef692f9G.jpg","https://www.milanuncios.com/anuncios/r512769199.htm","2024-05-06","962644521","salicoserviciosinmobiliarios60de@realestate.com","No","","","No","No contactado","1415","3","2","108","1150","10","57","Muy alta"
"milanuncios","518602144","Alquiler","Plurifamiliar","València","46021","Valencia","Valencia","Algirós","L'Amistat","39.4723187018","-0.3520291782","","Profesional","Spaces Places","Sí","No","No","No","No","No","No","No","https://images.habimg.com/imgh/05a9ebe4-8fba-4e1e-8066-ae586636e7bdG.jpg","https://www.milanuncios.com/anuncios/r518602144.htm","2024-07-06","962470857","spacesplaces120d@realestate.com","No","","","No","No contactado","1416","5","2","115","1500","13","18","Muy alta"
"milanuncios","512769199","Alquiler","Plurifamiliar","València","46006","Valencia","Valencia","Quatre Carreres","Mont-Olivet","39.4630966322","-0.3627040388","","Profesional","SALICO SERVICIOS INMOBILIARIOS","Sí","Sí","No","No","No","No","No","No","https://images.habimg.com/imgh/0a3c0a98-b81f-46a9-a2c5-16a18ef692f9G.jpg","https://www.milanuncios.com/anuncios/r512769199.htm","2024-05-06","962644521","salicoserviciosinmobiliarios60de@realestate.com","No","","","No","No contactado","1417","3","2","108","1150","10","57","Muy alta"
"milanuncios","515493346","Alquiler","Plurifamiliar","València","46009","Valencia","Valencia","La Saïdia","Marxalenes","39.4857828231","-0.3819884769","","Profesional","Person Inmobiliaria","Sí","Sí","No","No","No","No","No","No","https://images.habimg.com/imgh/0f28c23a-0697-4299-8728-a463dbd565c8G.jpg","https://www.milanuncios.com/anuncios/r515493346.htm","2024-06-04","962647592","personinmobiliaria6e78@realestate.com","No","","","No","No contactado","1418","3","2","109","1250","11","52","Muy alta"
"milanuncios","514121559","Alquiler","Plurifamiliar","Hospital General - C/ d''Ador","46026","Valencia","Valencia","El Castellar i l'Oliverar","","39.4321124","-0.3615004","4","Particular","","No","No","No","No","No","No","No","No","","https://www.milanuncios.com/anuncios/r514121559.htm","2024-05-20","","","No","","","No","No contactado","1419","4","1","120","1000","8","43","Muy alta"
"milanuncios","514121559","Alquiler","Plurifamiliar","Hospital General - C/ d''Ador","46026","Valencia","Valencia","El Castellar i l'Oliverar","","39.4321124","-0.3615004","4","Particular","","No","No","No","No","No","No","No","No","","https://www.milanuncios.com/anuncios/r514121559.htm","2024-05-20","","","No","","","No","No contactado","1420","4","1","120","1000","8","43","Muy alta"
"milanuncios","514235633","Alquiler","Unifamiliar","Cabañal - C/ de Carles Ros","46011","Valencia","Valencia","Poblats Marítims","El Cabanyal - El Canyamelar","39.4708034","-0.3295597","3","Particular","","Sí","No","No","No","Sí","No","No","No","","https://www.milanuncios.com/anuncios/r514235633.htm","2024-05-21","","","No","","","No","No contactado","1421","3","1","68","150","2","42","Muy alta"
"milanuncios","514235633","Alquiler","Unifamiliar","Cabañal - C/ de Carles Ros","46011","Valencia","Valencia","Poblats Marítims","El Cabanyal - El Canyamelar","39.4708034","-0.3295597","3","Particular","","Sí","No","No","No","Sí","No","No","No","","https://www.milanuncios.com/anuncios/r514235633.htm","2024-05-21","","","No","","","No","No contactado","1422","3","1","68","150","2","42","Muy alta"
"habitaclia","4574318","Alquiler","Plurifamiliar","Piso reformado integralmente.","46022","Valencia","Valencia","Camins al Grau","Aiora","39.4680983","-0.3493162","0","Particular","","Sí","Sí","No","No","No","No","No","No","https://images.habimg.com/imgh/500-img4574318-480020743G.jpg","https://www.habitaclia.com/i500004574318","2024-06-21","638952939","oriol@ballesteros.cat","No","Muy bueno","","No","No contactado","1423","3","1","70","1150","16","38","Muy alta"
"milanuncios","518504987","Alquiler","Unifamiliar","Malvarrosa - C/ Berenguer Montoliu","46011","Valencia","Valencia","Poblats Marítims","La Malva-rosa","39.4804133","-0.3292046","4","Particular","","No","No","No","No","No","No","No","No","","https://www.milanuncios.com/anuncios/r518504987.htm","2024-07-05","","","No","","","No","No contactado","1424","1","1","9","250","27","18","Muy alta"
"habitaclia","4571535","Alquiler","Plurifamiliar","Luminoso piso recien pintado listo para ir a vivir","46023","Valencia","Valencia","Ciutat Vella","Sant Francesc","39.4699764","-0.3761627","2","Particular","","No","No","No","No","No","No","No","No","https://images.habimg.com/imgh/500-img4571535-476990346G.jpg","https://www.habitaclia.com/i500004571535","2024-06-05","634467935","aromadejazmines2004@gmail.com","No","Muy bueno","","No","No contactado","1425","2","2","95","1100","11","27","Muy alta"
"milanuncios","515954380","Alquiler","Plurifamiliar","Plaza Cedro","46022","Cova de la Terreta","Valencia","Algirós","Ciutat Jardí","39.4719345074","-0.3456642926","7","Particular","","No","No","No","No","No","No","No","No","","https://www.milanuncios.com/anuncios/r515954380.htm","2024-06-08","","","No","","","No","No contactado","1426","4","2","100","1200","12","22","Muy alta"
"milanuncios","511056683","Alquiler","Plurifamiliar","La Roqueta - Plaça d''Espanya","46007","Valencia","Valencia","Extramurs","La Roqueta","39.4658235","-0.3812176","7","Particular","","No","Sí","No","No","No","No","No","No","","https://www.milanuncios.com/anuncios/r511056683.htm","2024-04-12","","","No","","","No","No contactado","1427","5","2","150","2400","16","81","Muy alta"
"habitaclia","01032","Alquiler","Plurifamiliar","!!! ESTUDIANTES O PROFESIONALES !!!, Estupendo piso reformado, 4 habitaciones, delante del metro....","","Valencia","Valencia","Algirós","L'Amistat","39.4707238786","-0.3514038214","2","Profesional","VALENCIA BIENES RAICES","No","Sí","Sí","No","No","No","No","No","https://images.habimg.com/imgh/0872e68b-66bd-45a7-916d-fd1439732553G.jpg","https://www.habitaclia.com/i9679002238125","2024-06-27","963257576","agente1@valenciabienesraices.es","No","Muy bueno","","No","No contactado","1428","4","1","97","1300","13","5","Muy alta"
"habitaclia","4571535","Alquiler","Plurifamiliar","Luminoso piso recien pintado listo para ir a vivir","46023","Valencia","Valencia","Ciutat Vella","Sant Francesc","39.4699764","-0.3761627","2","Particular","","No","No","No","No","No","No","No","No","https://images.habimg.com/imgh/500-img4571535-476990346G.jpg","https://www.habitaclia.com/i500004571535","2024-06-05","634467935","aromadejazmines2004@gmail.com","No","Muy bueno","","No","No contactado","1429","2","2","95","1100","11","27","Muy alta"
"habitaclia","01032","Alquiler","Plurifamiliar","!!! ESTUDIANTES O PROFESIONALES !!!, Estupendo piso reformado, 4 habitaciones, delante del metro....","","Valencia","Valencia","Algirós","L'Amistat","39.4707238786","-0.3514038214","2","Profesional","VALENCIA BIENES RAICES","No","Sí","Sí","No","No","No","No","No","https://images.habimg.com/imgh/0872e68b-66bd-45a7-916d-fd1439732553G.jpg","https://www.habitaclia.com/i9679002238125","2024-06-27","963257576","agente1@valenciabienesraices.es","No","Muy bueno","","No","No contactado","1430","4","1","97","1300","13","5","Muy alta"
"habitaclia","UHVLC_2449","Alquiler","Plurifamiliar","IMPRESIONANTE ATICO EN L''EIXAMPLE","","Valencia","Valencia","L'Eixample","Zona Gran Via","39.4648531029","-0.367273907","0","Profesional","Urban Habitats","Sí","Sí","No","No","Sí","No","No","No","https://images.habimg.com/imgh/045a191e-b7ed-48ba-a36d-1a4ac530ce7eG.jpg","https://www.habitaclia.com/i45825000000019","2024-05-26","622282132","info@habitatsurban.com","No","Muy bueno","","No","No contactado","1431","3","2","95","1800","18","45","Muy alta"
"milanuncios","511056683","Alquiler","Plurifamiliar","La Roqueta - Plaça d''Espanya","46007","Valencia","Valencia","Extramurs","La Roqueta","39.4658235","-0.3812176","7","Particular","","No","Sí","No","No","No","No","No","No","","https://www.milanuncios.com/anuncios/r511056683.htm","2024-04-12","","","No","","","No","No contactado","1432","5","2","150","2400","16","81","Muy alta"
"Fotocasa","","Alquiler","Plurifamiliar","Piso en Alquiler en  Carrer de la Reina, 228, El Cabanyal - El Canyamelar","46011","Valencia","Valencia","Poblats Marítims","El Cabanyal - El Canyamelar","39.4722635","-0.3279574","","Particular","f.f.cortes","No","No","No","No","No","No","No","No","https://static.fotocasa.es/images/anuncio/2024/04/16/183018027/3831978256.jpg?rule=feeds_1920x1080","https://www.fotocasa.es/Building/Building_Detail.aspx?ai=183018027&tti=1","2024-04-16","680991911","f.f.cortes@hotmail.com","No","Muy bueno","","No","No contactado","1433","2","1","90","1600","17","77","Muy alta"
"milanuncios","491785071","Alquiler","Plurifamiliar","Campanar - Av. de Pius XII","46015","Valencia","Valencia","Benicalap","Barrio de Benicalap","39.4856755","-0.3954881","1","Particular","","No","Sí","Sí","Sí","Sí","No","No","No","","https://www.milanuncios.com/anuncios/r491785071.htm","2023-07-28","","","No","","","No","No contactado","1434","4","2","140","1400","10","347","Muy alta"
"habitaclia","GdV416","Alquiler","Plurifamiliar","ALQUILA ESPECTACULAR LOFT EN EL COMPLEJO ROS CASARES!!!","","Valencia","Valencia","Patraix","Vara de Quart","39.4599115687","-0.4120211853","1","Profesional","GESTIÓN DE VIVIENDAS","Sí","Sí","No","No","Sí","No","No","No","https://images.habimg.com/imgh/08ec3841-d400-451f-92bd-9fee9387f145G.jpg","https://www.habitaclia.com/i25955000002292","2024-07-09","686999488","gestiondeviviendas@hotmail.com","No","Muy bueno","","No","No contactado","1435","","1","84","1000","11","10","Muy alta"
"Fotocasa","","Alquiler","Plurifamiliar","Piso en Alquiler en  Carrer de la Reina, 228, El Cabanyal - El Canyamelar","46011","Valencia","Valencia","Poblats Marítims","El Cabanyal - El Canyamelar","39.4722635","-0.3279574","","Particular","f.f.cortes","No","No","No","No","No","No","No","No","https://static.fotocasa.es/images/anuncio/2024/04/16/183018027/3831978256.jpg?rule=feeds_1920x1080","https://www.fotocasa.es/Building/Building_Detail.aspx?ai=183018027&tti=1","2024-04-16","680991911","f.f.cortes@hotmail.com","No","Muy bueno","","No","No contactado","1436","2","1","90","1600","17","77","Muy alta"
"habitaclia","4506759","Alquiler","Plurifamiliar","Abstenerse inmobiliarias","46007","Valencia","Valencia","Patraix","Safranar","39.4554896718","-0.3994718868","1","Particular","","Sí","Sí","No","No","No","No","No","No","https://images.habimg.com/imgh/500-img4506759-387638145G.jpg","https://www.habitaclia.com/i500004506759","2023-07-20","632353983","m.planells@multicodemobile.com","No","Muy bueno","","No","No contactado","1437","1","1","62","975","15","362","Muy alta"
"milanuncios","515588643","Alquiler","Plurifamiliar","València","46018","Valencia","Valencia","Patraix","Barrio de Patraix","39.4648789935","-0.3919643875","","Profesional","Finaer","No","No","No","No","No","No","No","No","https://images.habimg.com/imgh/02d91c62-0bd7-475e-98c4-3d18cd52d81eG.jpg","https://www.milanuncios.com/anuncios/r515588643.htm","2024-06-05","962471295","inmobiliariascongarantiafinaere6e5@realestate.com","No","","","No","No contactado","1438","2","1","69","1200","17","55","Muy alta"
"Fotocasa","","Alquiler","Plurifamiliar","Apartamento en Alquiler en Sant Francesc","46001","Valencia","Valencia","Ciutat Vella","Sant Francesc","39.4672962294","-0.3783840074","6º","Particular","elisacastells","No","Sí","No","No","Sí","No","No","No","https://static.fotocasa.es/images/anuncio/2024/06/19/183626988/3907987906.jpg?rule=feeds_1920x1080","https://www.fotocasa.es/Building/Building_Detail.aspx?ai=183626988&tti=1","2024-06-19","687803945","elisacastells@hotmail.com","No","Muy bueno","","No","No contactado","1439","1","1","70","1700","24","41","Muy alta"
"milanuncios","512211042","Alquiler","Unifamiliar","Algirós - Carrer de las Palmas","46011","Valencia","Valencia","Poblats Marítims","La Malva-rosa","39.4820861816","-0.328917712","2","Particular","","Sí","Sí","No","No","Sí","No","No","No","","https://www.milanuncios.com/anuncios/r512211042.htm","2024-04-28","","","No","","","No","No contactado","1440","3","1","100","50","","93","Muy alta"
"milanuncios","519890796","Alquiler","Plurifamiliar","Tormos - Carrer del Poeta Ben Hafadja","46009","Valencia","Valencia","La Saïdia","Tormos","39.4882564","-0.3791621","4","Particular","","No","No","No","No","Sí","No","No","No","","https://www.milanuncios.com/anuncios/r519890796.htm","2024-07-18","","","No","","","No","No contactado","1441","2","1","55","790","14","12","Muy alta"
"milanuncios","518230268","Alquiler","Plurifamiliar","València","46008","Valencia","Valencia","Extramurs","La Petxina","39.473322417","-0.387390141","Bajos","Profesional","Inmo Real Estate Valencia  S L","Sí","No","No","No","No","No","No","No","https://images.habimg.com/imgh/0177ab13-1fba-4bd0-bb1d-53a26a95d5c3G.jpg","https://www.milanuncios.com/anuncios/r518230268.htm","2024-07-02","962647012","iconinmobiliariade76@realestate.com","No","","","No","No contactado","1442","2","2","66","450","6","13","Muy alta"
"milanuncios","517497954","Alquiler","Plurifamiliar","Camí Fondo - Av. de les Balears","46023","Valencia","Valencia","Camins al Grau","Penya - Roja - Avda. Francia","39.4612622","-0.3492393","3","Particular","","No","Sí","No","No","Sí","No","No","No","","https://www.milanuncios.com/anuncios/r517497954.htm","2024-06-22","","","No","","","No","No contactado","1443","1","2","22","380","17","10","Muy alta"
"milanuncios","517497954","Alquiler","Plurifamiliar","Camí Fondo - Av. de les Balears","46023","Valencia","Valencia","Camins al Grau","Penya - Roja - Avda. Francia","39.4612622","-0.3492393","3","Particular","","No","Sí","No","No","Sí","No","No","No","","https://www.milanuncios.com/anuncios/r517497954.htm","2024-06-22","","","No","","","No","No contactado","1444","1","2","22","380","17","10","Muy alta"
"milanuncios","518016877","Alquiler","Plurifamiliar","El Carmen - C. de la Blanqueria","46003","Valencia","Valencia","Ciutat Vella","El Carme","39.4805964","-0.3780303","5","Particular","","No","Sí","No","No","No","No","No","No","","https://www.milanuncios.com/anuncios/r518016877.htm","2024-06-29","","","No","","","No","No contactado","1445","","1","35","840","24","23","Muy alta"
"habitaclia","328","Alquiler","Plurifamiliar","EXCELENTE VIVIENDA EN CL. ALBOCACER!!!","","Valencia","Valencia","Benimaclet","Barrio de Benimaclet","39.4840941","-0.3576437","0","Profesional","IPISOS","No","Sí","No","No","Sí","No","No","No","https://images.habimg.com/imgh/062d7874-e7ce-4031-8f94-32d2e599fb83G.jpg","https://www.habitaclia.com/i12419000000322","2024-07-15","961931086","armandosuero@ipisos-realestate.com","No","Muy bueno","","No","No contactado","1446","3","1","80","1150","14","11","Muy alta"
"habitaclia","316","Alquiler","Plurifamiliar","EXCELENTE VIVIENDA EN CL. JULIO ANTONIO 10-1º","","Valencia","Valencia","Extramurs","La Roqueta","39.4657965786","-0.3803372214","0","Profesional","IPISOS","No","No","No","No","No","No","No","No","https://images.habimg.com/imgh/14967a1b-06eb-47a9-9afa-ecbd375752baG.jpg","https://www.habitaclia.com/i12419000000310","2024-06-27","961931086","armandosuero@ipisos-realestate.com","No","Muy bueno","","No","No contactado","1447","1","1","63","970","15","5","Muy alta"
"habitaclia","316","Alquiler","Plurifamiliar","EXCELENTE VIVIENDA EN CL. JULIO ANTONIO 10-1º","","Valencia","Valencia","Extramurs","La Roqueta","39.4657965786","-0.3803372214","0","Profesional","IPISOS","No","No","No","No","No","No","No","No","https://images.habimg.com/imgh/14967a1b-06eb-47a9-9afa-ecbd375752baG.jpg","https://www.habitaclia.com/i12419000000310","2024-06-27","961931086","armandosuero@ipisos-realestate.com","No","Muy bueno","","No","No contactado","1448","1","1","63","970","15","5","Muy alta"
"habitaclia","PIS0158","Alquiler","Plurifamiliar","Piso en calle de Ramiro de Maetzu","","Valencia","Valencia","Camins al Grau","Aiora","39.4668095205","-0.3491286031","0","Profesional","Inmobiliarias con garantía Finaer","Sí","Sí","No","No","No","No","No","No","https://images.habimg.com/imgh/044a6f8a-f220-4bd6-b0cc-5612e93c7da2G.jpg","https://www.habitaclia.com/i47750000000177","2024-06-19","0","inmoweb@finaer.es","No","Muy bueno","","No","No contactado","1449","3","2","90","1100","12","22","Muy alta"
"milanuncios","520203522","Alquiler","Plurifamiliar","Ausiàs March - Av. d''Ausiàs March","46026","Valencia","Valencia","Quatre Carreres","Fonteta de Sant Lluís","39.4460648","-0.3688868","2","Particular","","No","Sí","Sí","No","Sí","Sí","Sí","No","","https://www.milanuncios.com/anuncios/r520203522.htm","2024-07-22","","","No","","","No","No contactado","1450","1","1","50","950","19","8","Muy alta"
"Fotocasa","","Alquiler","Plurifamiliar","Piso en Alquiler en Sant Antoni","46700","Valencia","Valencia","La Saïdia","Sant Antoni","39.4857951003","-0.3741320997","1º","Particular","andoju123","No","Sí","Sí","No","No","No","No","No","","https://www.fotocasa.es/Building/Building_Detail.aspx?ai=183845833&tti=1","2024-07-15","653916055","andoju123@gmail.com","No","Muy bueno","","No","No contactado","1451","4","2","120","1300","10","15","Muy alta"
"milanuncios","517735618","Alquiler","Plurifamiliar","València","46008","Valencia","Valencia","Extramurs","Zona Botánico","39.47625636","-0.38495874","1","Profesional","MRH GESTIONES INMOBILIARIAS","Sí","No","No","No","No","No","No","No","https://images.habimg.com/imgh/19208e6d-e47e-492a-ad41-29ea9c959349G.jpg","https://www.milanuncios.com/anuncios/r517735618.htm","2024-06-26","962470837","mrhgestionesinmobiliariasaad1@realestate.com","No","","","No","No contactado","1452","1","1","55","725","13","19","Muy alta"
"milanuncios","518791690","Alquiler","Plurifamiliar","València","46022","Valencia","Valencia","Camins al Grau","Aiora","39.4678928543","-0.3486657157","","Profesional","Housfy Real Estate","No","Sí","No","No","No","No","No","No","https://images.habimg.com/imgh/003228ac-c64a-4a89-827d-febaf3b2b04cG.jpg","https://www.milanuncios.com/anuncios/r518791690.htm","2024-07-09","930441675","housfyf687@realestate.com","No","","","No","No contactado","1453","3","1","70","920","13","21","Muy alta"
"Fotocasa","","Alquiler","Plurifamiliar","Apartamento en Alquiler en calle Carrer de Nàquera, 8, La Seu","46003","Valencia","Valencia","Ciutat Vella","La Seu","39.4785632","-0.3759484","","Particular","carlos.tolsa.onl","Sí","No","No","No","No","No","No","No","https://static.fotocasa.es/images/anuncio/2022/12/30/176274958/2728936756.jpg?rule=feeds_1920x1080","https://www.fotocasa.es/Building/Building_Detail.aspx?ai=176274958&tti=1","2022-12-30","623226801","carlos.tolsa.onl@gmail.com","Sí","Muy bueno","","No","No contactado","1454","1","1","55","1300","23","578","Muy alta"
"habitaclia","00272VMC","Alquiler","Plurifamiliar","","","Valencia","Valencia","Algirós","La Carrasca","39.4737560722","-0.3369939278","0","Profesional","VALENCIA MA CASA","Sí","Sí","No","No","No","No","No","No","https://images.habimg.com/imgh/00705df1-a517-4769-a6fe-3a7283618a46G.jpg","https://www.habitaclia.com/i32361000003380","2024-04-08","960714992<br> 655121880","info@valenciamacasa.com","No","Muy bueno","","No","No contactado","1455","3","2","100","1200","12","113","Muy alta"
"milanuncios","520433049","Alquiler","Plurifamiliar","Zaidía - C/ de Luz Casanova","46009","Valencia","Valencia","La Saïdia","Sant Antoni","39.4889672","-0.3731252","5","Particular","","No","Sí","No","No","No","No","No","No","","https://www.milanuncios.com/anuncios/r520433049.htm","2024-07-24","","","No","","","No","No contactado","1456","3","2","100","1290","12","6","Muy alta"
"habitaclia","650","Alquiler","Plurifamiliar","","","Valencia","Valencia","Benimaclet","Camí de Vera","39.4827935","-0.3532504","6","Profesional","ALAMEDA 10DT","Sí","Sí","No","No","No","No","No","No","https://images.habimg.com/imgh/060e1383-0525-4eb3-8c6e-1ec9aff35f04G.jpg","https://www.habitaclia.com/i43366000000858","2024-07-02","690062272","info@alameda10dt.com","No","Muy bueno","","No","No contactado","1457","1","1","40","900","22","28","Muy alta"
"habitaclia","Alquiler Ramn y Cajal-Centro","Alquiler","Plurifamiliar","Se alquila piso G. V. Ramón y Cajal-Centro","","Valencia","Valencia","Extramurs","La Roqueta","39.4677377072","-0.3824904928","0","Profesional","Llarhogar","Sí","Sí","No","No","No","No","No","No","https://images.habimg.com/imgh/02695fac-65f5-429d-8f8d-bec1d9430dc0G.jpg","https://www.habitaclia.com/i11203004430264","2024-06-10","963.805.884","llarhogarjesus@gmail.com","No","Muy bueno","","No","No contactado","1458","2","2","115","1400","12","50","Muy alta"
"habitaclia","00051VMC","Alquiler","Plurifamiliar","","","Valencia","Valencia","Algirós","L'Amistat","39.4739760722","-0.3511239278","0","Profesional","VALENCIA MA CASA","Sí","No","No","No","No","No","No","No","https://images.habimg.com/imgh/1d116f4f-24b5-4613-9a7f-671b2c3317eaG.jpg","https://www.habitaclia.com/i32361000002845","2023-10-16","960714992<br> 655121880","info@valenciamacasa.com","No","Muy bueno","","No","No contactado","1459","3","1","70","1100","15","288","Muy alta"
"habitaclia","E023- CEB","Alquiler","Plurifamiliar","PISO CERCA DEL RIO CON TERRAZA GRANDE","","Valencia","Valencia","Camins al Grau","Penya - Roja - Avda. Francia","39.4651894072","-0.3571438928","0","Profesional","PRIMER GRUPO MARE NOSTRUM","No","Sí","No","No","Sí","No","No","No","https://images.habimg.com/imgh/3af246fc-8d0a-4207-bfa0-ab044bd6bf7cG.jpg","https://www.habitaclia.com/i28921000001003","2024-07-05","963931275","jjtarin@primergrupo.com","No","Muy bueno","","No","No contactado","1460","4","2","102","1400","13","25","Muy alta"
"milanuncios","510934606","Alquiler","Unifamiliar","El Perellonet - Carrer de l''Escotilla","46012","Valencia","Valencia","El Perellonet","","39.279274","-0.2788238","2","Particular","","Sí","Sí","No","No","Sí","No","No","No","","https://www.milanuncios.com/anuncios/r510934606.htm","2024-04-10","","","No","","","No","No contactado","1461","2","1","70","600","8","83","Muy alta"
"Fotocasa","PIS0702","Alquiler","Plurifamiliar","Piso en Alquiler en Torrefiel","46025","Valencia","Valencia","Rascanya","Torrefiel","39.4917132336","-0.381212029","3º","Profesional","Arrels Valencia","Sí","Sí","No","Sí","No","No","No","No","https://static.fotocasa.es/images/ads/5e376e61-e889-4eb6-b0c4-db27d2695762?rule=feeds_1920x1080","https://www.fotocasa.es/Building/Building_Detail.aspx?ai=183852048&tti=2","2024-07-16","962947856","info@arrelsvalencia.com","No","Muy bueno","","No","No contactado","1462","3","2","97","1210","12","2","Muy alta"
"milanuncios","518537038","Alquiler","Plurifamiliar","València","46020","Valencia","Valencia","Benimaclet","Barrio de Benimaclet","39.4889756231","-0.3601404769","","Profesional","TECNOCASA BENIMACLET   ESTUDIO DESARROLLO BENIMACL","Sí","Sí","No","No","No","No","No","No","https://images.habimg.com/imgh/116a70c7-5b52-4bd7-89c7-fa9ef4816065G.jpg","https://www.milanuncios.com/anuncios/r518537038.htm","2024-07-05","962471287","tecnocasabenimacletestudiodesardaaf@realestate.com","No","","","No","No contactado","1463","2","1","81","1000","12","21","Muy alta"
"milanuncios","517653681","Alquiler","Plurifamiliar","València","46022","Valencia","Valencia","Poblats Marítims","Beteró","39.4732887012","-0.3342934988","","Profesional","Yourentaflat S L","Sí","Sí","No","No","No","No","No","No","https://images.habimg.com/imgh/166cfd95-ca91-4737-bcf5-808ade0fabf7G.jpg","https://www.milanuncios.com/anuncios/r517653681.htm","2024-06-25","955444401","live4life7722@realestate.com","No","","","No","No contactado","1464","3","1","90","1000","11","7","Muy alta"
"habitaclia","1018","Alquiler","Plurifamiliar","","","Valencia","Valencia","La Saïdia","Trinitat","39.4876726521","-0.3658133809","0","Profesional","MARIA CEBRIAN GESTION INMOBILIARIA","No","No","No","No","No","No","No","No","https://images.habimg.com/imgh/0f0ad732-2036-4c60-a91f-99607308f6e5G.jpg","https://www.habitaclia.com/i49762000000028","2024-06-28","652226429","info@mariacebrianinmobiliaria.com","No","Muy bueno","","No","No contactado","1465","3","2","80","900","11","3","Muy alta"
"milanuncios","510934606","Alquiler","Unifamiliar","El Perellonet - Carrer de l''Escotilla","46012","Valencia","Valencia","El Perellonet","","39.279274","-0.2788238","2","Particular","","Sí","Sí","No","No","Sí","No","No","No","","https://www.milanuncios.com/anuncios/r510934606.htm","2024-04-10","","","No","","","No","No contactado","1466","2","1","70","600","8","83","Muy alta"
"habitaclia","105394815","Alquiler","Plurifamiliar","PISO EN ALQUILER ZONA PINTOR MAELLA 899 €-60 MTS2","","Valencia","Valencia","Camins al Grau","Penya - Roja - Avda. Francia","39.4604256223","-0.3479666777","0","Profesional","GRUPO MONALVA","No","Sí","No","No","No","No","No","No","https://images.habimg.com/imgh/15730ae6-ba07-464f-972b-b2c8c871cd81G.jpg","https://www.habitaclia.com/i26546000002640","2024-07-04","963448280","grupomonalvainmobiliaria@gmail.com","No","Muy bueno","","No","No contactado","1467","2","1","60","899","14","5","Muy alta"
"milanuncios","515207440","Alquiler","Plurifamiliar","València","46008","Valencia","Valencia","Extramurs","La Petxina","39.4753273319","-0.3872485614","","Profesional","AYORA REAL ESTATE SL","No","Sí","No","No","No","No","No","No","https://images.habimg.com/imgh/22709a1e-f1b4-4523-9691-917e726ae5ceG.jpg","https://www.milanuncios.com/anuncios/r515207440.htm","2024-06-01","962645802","everlyhomeislaperdida59e3@realestate.com","No","","","No","No contactado","1468","2","1","55","990","18","31","Muy alta"
"milanuncios","515207440","Alquiler","Plurifamiliar","València","46008","Valencia","Valencia","Extramurs","La Petxina","39.4753273319","-0.3872485614","","Profesional","AYORA REAL ESTATE SL","No","Sí","No","No","No","No","No","No","https://images.habimg.com/imgh/22709a1e-f1b4-4523-9691-917e726ae5ceG.jpg","https://www.milanuncios.com/anuncios/r515207440.htm","2024-06-01","962645802","everlyhomeislaperdida59e3@realestate.com","No","","","No","No contactado","1469","2","1","55","990","18","31","Muy alta"
"habitaclia","terol","Alquiler","Plurifamiliar","","","Valencia","Valencia","Extramurs","La Petxina","39.4747682786","-0.3924753214","0","Profesional","INMOPALLETER","Sí","Sí","No","No","No","No","No","No","https://images.habimg.com/imgh/005c1b83-34d8-43cb-af2c-738228eda772G.jpg","https://www.habitaclia.com/i9618004484149","2024-06-03","610194940","oficinapalleter13@gmail.com","No","Muy bueno","","No","No contactado","1470","2","1","89","1280","14","29","Muy alta"
"milanuncios","479724188","Alquiler","Plurifamiliar","València","46022","Valencia","Valencia","Camins al Grau","Aiora","39.4693801012","-0.3454398988","","Profesional","Valencia Ma Casa","Sí","Sí","No","No","No","No","No","No","https://images.habimg.com/imgh/103b968e-bc0c-49b4-8b6b-fc6010ca4b83G.jpg","https://www.milanuncios.com/anuncios/r479724188.htm","2023-03-08","962940167","valenciamacasa388d@realestate.com","No","","","No","No contactado","1471","3","2","90","1200","13","482","Muy alta"
"Fotocasa","","Alquiler","Plurifamiliar","Apartamento en Alquiler en El Perellonet","46001","Valencia","Valencia","El Perellonet","","39.3080092351","-0.2951078649","4º","Particular","santiagomonfortvillar","No","Sí","No","No","Sí","No","No","No","https://static.fotocasa.es/images/anuncio/2024/05/27/183401448/3880057934.jpg?rule=feeds_1920x1080","https://www.fotocasa.es/Building/Building_Detail.aspx?ai=183401448&tti=1","2024-05-27","633545224","santiagomonfortvillar@hotmail.es","No","Muy bueno","","No","No contactado","1472","2","1","84","1800","21","36","Muy alta"
"habitaclia","apartamentoXEREA","Alquiler","Plurifamiliar","Lujoso piso de dos habitaciones en la Xerea","","Valencia","Valencia","Ciutat Vella","La Xerea","39.4752024786","-0.3709909214","0","Profesional","Esperanza Herrero. Abogada y Agente de la Propiedad Inmobiliaria","Sí","Sí","No","No","No","No","No","No","https://images.habimg.com/imgh/00d6c8f7-7cdc-4f07-86d3-d28b307d123aG.jpg","https://www.habitaclia.com/i35655000000153","2024-06-11","698984559","eherrero@icav.es","No","Muy bueno","","No","No contactado","1473","2","2","112","1695","15","21","Muy alta"
"Fotocasa","","Alquiler","Plurifamiliar","Apartamento en Alquiler en El Perellonet","46001","Valencia","Valencia","El Perellonet","","39.3080092351","-0.2951078649","4º","Particular","santiagomonfortvillar","No","Sí","No","No","Sí","No","No","No","https://static.fotocasa.es/images/anuncio/2024/05/27/183401448/3880057934.jpg?rule=feeds_1920x1080","https://www.fotocasa.es/Building/Building_Detail.aspx?ai=183401448&tti=1","2024-05-27","633545224","santiagomonfortvillar@hotmail.es","No","Muy bueno","","No","No contactado","1474","2","1","84","1800","21","36","Muy alta"
"milanuncios","479724188","Alquiler","Plurifamiliar","València","46022","Valencia","Valencia","Camins al Grau","Aiora","39.4693801012","-0.3454398988","","Profesional","Valencia Ma Casa","Sí","Sí","No","No","No","No","No","No","https://images.habimg.com/imgh/103b968e-bc0c-49b4-8b6b-fc6010ca4b83G.jpg","https://www.milanuncios.com/anuncios/r479724188.htm","2023-03-08","962940167","valenciamacasa388d@realestate.com","No","","","No","No contactado","1475","3","2","90","1200","13","482","Muy alta"
"milanuncios","517653681","Alquiler","Plurifamiliar","València","46022","Valencia","Valencia","Poblats Marítims","Beteró","39.4732887012","-0.3342934988","","Profesional","Yourentaflat S L","Sí","Sí","No","No","No","No","No","No","https://images.habimg.com/imgh/166cfd95-ca91-4737-bcf5-808ade0fabf7G.jpg","https://www.milanuncios.com/anuncios/r517653681.htm","2024-06-25","955444401","live4life7722@realestate.com","No","","","No","No contactado","1476","3","1","90","1000","11","7","Muy alta"
"milanuncios","517261970","Alquiler","Plurifamiliar","València","46009","Valencia","Valencia","La Saïdia","Tormos","39.492359454","-0.3734729702","","Profesional","Finaer","Sí","Sí","No","No","No","No","No","No","https://images.habimg.com/imgh/262288df-6e65-435a-9acd-f1e303b999d2G.jpg","https://www.milanuncios.com/anuncios/r517261970.htm","2024-06-19","696587039","inmobiliariascongarantiafinaere6e5@realestate.com","No","","","No","No contactado","1477","2","1","80","1100","13","13","Muy alta"
"habitaclia","terol","Alquiler","Plurifamiliar","","","Valencia","Valencia","Extramurs","La Petxina","39.4747682786","-0.3924753214","0","Profesional","INMOPALLETER","Sí","Sí","No","No","No","No","No","No","https://images.habimg.com/imgh/005c1b83-34d8-43cb-af2c-738228eda772G.jpg","https://www.habitaclia.com/i9618004484149","2024-06-03","610194940","oficinapalleter13@gmail.com","No","Muy bueno","","No","No contactado","1478","2","1","89","1280","14","29","Muy alta"
"habitaclia","apartamentoXEREA","Alquiler","Plurifamiliar","Lujoso piso de dos habitaciones en la Xerea","","Valencia","Valencia","Ciutat Vella","La Xerea","39.4752024786","-0.3709909214","0","Profesional","Esperanza Herrero. Abogada y Agente de la Propiedad Inmobiliaria","Sí","Sí","No","No","No","No","No","No","https://images.habimg.com/imgh/00d6c8f7-7cdc-4f07-86d3-d28b307d123aG.jpg","https://www.habitaclia.com/i35655000000153","2024-06-11","698984559","eherrero@icav.es","No","Muy bueno","","No","No contactado","1479","2","2","112","1695","15","21","Muy alta"
"milanuncios","517261970","Alquiler","Plurifamiliar","València","46009","Valencia","Valencia","La Saïdia","Tormos","39.492359454","-0.3734729702","","Profesional","Finaer","Sí","Sí","No","No","No","No","No","No","https://images.habimg.com/imgh/262288df-6e65-435a-9acd-f1e303b999d2G.jpg","https://www.milanuncios.com/anuncios/r517261970.htm","2024-06-19","696587039","inmobiliariascongarantiafinaere6e5@realestate.com","No","","","No","No contactado","1480","2","1","80","1100","13","13","Muy alta"
"milanuncios","514338957","Alquiler","Plurifamiliar","Amistad - Av. de Blasco Ibáñez","46022","Valencia","Valencia","Algirós","Ciutat Jardí","39.472799","-0.3454773","4","Particular","","No","Sí","No","No","No","No","No","No","","https://www.milanuncios.com/anuncios/r514338957.htm","2024-05-22","","","No","","","No","No contactado","1481","2","1","80","1000","12","41","Muy alta"
"milanuncios","514350597","Alquiler","Plurifamiliar","Valencia Capital - C/ Gayano Lluch","46025","Valencia","Valencia","Rascanya","Torrefiel","39.4916245509","-0.3807227476","","Profesional","SOLVIA SERVICIOS INMOBILIARIOS SL","No","Sí","No","No","No","No","No","No","https://images.habimg.com/imgh/44419-img2666-475918944G.jpg","https://www.milanuncios.com/anuncios/r514350597.htm","2024-05-23","966530723","solviaserviciosinmobiliariossl43a1@realestate.com","No","","","No","No contactado","1482","3","1","67","915","13","50","Muy alta"
"milanuncios","514338957","Alquiler","Plurifamiliar","Amistad - Av. de Blasco Ibáñez","46022","Valencia","Valencia","Algirós","Ciutat Jardí","39.472799","-0.3454773","4","Particular","","No","Sí","No","No","No","No","No","No","","https://www.milanuncios.com/anuncios/r514338957.htm","2024-05-22","","","No","","","No","No contactado","1483","2","1","80","1000","12","41","Muy alta"
"milanuncios","517467215","Alquiler","Plurifamiliar","Valencia","46019","Valencia","Valencia","Rascanya","Torrefiel","39.498557672","-0.3711304694","3","Profesional","NOVA ALBORAIA SL","No","Sí","No","No","No","No","No","No","https://images.habimg.com/imgh/016f8b7b-5049-4fab-8c5e-c3a44cc80a07G.jpg","https://www.milanuncios.com/anuncios/r517467215.htm","2024-06-22","962644709","novaalboraia4a80@realestate.com","No","","","No","No contactado","1484","1","1","49","750","15","13","Muy alta"
"milanuncios","518249804","Alquiler","Plurifamiliar","Cardenal Benlloch - Avinguda del Carden","46021","Valencia","Valencia","Camins al Grau","Albors","39.4712613","-0.3544051","1","Particular","","No","No","No","No","No","No","No","No","","https://www.milanuncios.com/anuncios/r518249804.htm","2024-07-02","","","No","","","No","No contactado","1485","1","1","70","900","12","10","Muy alta"
"milanuncios","514907788","Alquiler","Plurifamiliar","Poblats Maritims - C. del Vaixell","46024","Valencia","Valencia","Poblats Marítims","El Grau","39.4604532","-0.3374507","2","Particular","","No","No","No","No","No","No","No","No","","https://www.milanuncios.com/anuncios/r514907788.htm","2024-05-29","","","No","","","No","No contactado","1486","1","1","9","500","55","40","Muy alta"
"Fotocasa","","Alquiler","Plurifamiliar","Piso en Alquiler en Mont-Olivet","46001","Valencia","Valencia","Quatre Carreres","Mont-Olivet","39.4562710351","-0.3675033649","6º","Particular","martaribes22","No","Sí","Sí","No","Sí","No","No","No","https://static.fotocasa.es/images/anuncio/2024/05/31/183447477/3885493035.jpg?rule=feeds_1920x1080","https://www.fotocasa.es/Building/Building_Detail.aspx?ai=183447477&tti=1","2024-05-31","652906790","martaribes22@hotmail.com","Sí","Muy bueno","","No","No contactado","1487","3","1","135","2200","16","32","Muy alta"
"Fotocasa","","Alquiler","Plurifamiliar","Piso en Alquiler en Mont-Olivet","46001","Valencia","Valencia","Quatre Carreres","Mont-Olivet","39.4562710351","-0.3675033649","6º","Particular","martaribes22","No","Sí","Sí","No","Sí","No","No","No","https://static.fotocasa.es/images/anuncio/2024/05/31/183447477/3885493035.jpg?rule=feeds_1920x1080","https://www.fotocasa.es/Building/Building_Detail.aspx?ai=183447477&tti=1","2024-05-31","652906790","martaribes22@hotmail.com","Sí","Muy bueno","","No","No contactado","1488","3","1","135","2200","16","32","Muy alta"
"milanuncios","516614330","Alquiler","Plurifamiliar","Patraix - C/ de Conca","46007","Valencia","Valencia","Patraix","Barrio de Patraix","39.4626612","-0.3894699","2","Particular","","No","Sí","No","No","No","No","No","No","","https://www.milanuncios.com/anuncios/r516614330.htm","2024-06-14","","","No","","","No","No contactado","1489","3","1","90","1400","15","46","Muy alta"
"milanuncios","515605765","Alquiler","Plurifamiliar","València","46006","Valencia","Valencia","Quatre Carreres","Malilla","39.4559365451","-0.3750861919","","Profesional","Malilla Quatre Carreres Inmuebles S L","Sí","Sí","No","No","No","No","No","No","https://images.habimg.com/imgh/05cfa522-ac1e-47f2-9abb-ccd9deb27588G.jpg","https://www.milanuncios.com/anuncios/r515605765.htm","2024-06-05","960964253","habitalemalillaquatrecarrerres98a7@realestate.com","No","","","No","No contactado","1490","3","2","92","950","10","36","Muy alta"
"milanuncios","509268909","Alquiler","Unifamiliar","Centro - C/ de Sant Vicent Màrtir","46007","Valencia","Valencia","Extramurs","La Roqueta","39.4664709","-0.3809754","7","Particular","","Sí","Sí","No","No","Sí","No","No","No","","https://www.milanuncios.com/anuncios/r509268909.htm","2024-03-15","","","No","","","No","No contactado","1491","4","3","101","1","","109","Muy alta"
"milanuncios","509268909","Alquiler","Unifamiliar","Centro - C/ de Sant Vicent Màrtir","46007","Valencia","Valencia","Extramurs","La Roqueta","39.4664709","-0.3809754","7","Particular","","Sí","Sí","No","No","Sí","No","No","No","","https://www.milanuncios.com/anuncios/r509268909.htm","2024-03-15","","","No","","","No","No contactado","1492","4","3","101","1","","109","Muy alta"
"milanuncios","517137645","Alquiler","Unifamiliar","Marxalenes - Av. del Dr. Peset Aleixand","46025","Valencia","Valencia","Benicalap","Barrio de Benicalap","39.4895534","-0.3860991","3","Particular","","No","No","No","No","No","No","No","No","","https://www.milanuncios.com/anuncios/r517137645.htm","2024-06-18","","","No","","","No","No contactado","1493","1","1","90","250","2","17","Muy alta"
"milanuncios","515715799","Alquiler","Plurifamiliar","València","46019","Valencia","Valencia","Rascanya","Sant Llorenç - Zona Alfahuir","39.4929603012","-0.3661214988","7","Profesional","SERINFO 1998  S L","Sí","Sí","No","No","No","No","No","No","https://images.habimg.com/imgh/1fa8d110-790d-46e7-8767-92635ebdd894G.jpg","https://www.milanuncios.com/anuncios/r515715799.htm","2024-06-06","962641584","serinfo2d96@realestate.com","No","","","No","No contactado","1494","1","1","60","875","14","26","Muy alta"
"milanuncios","515715799","Alquiler","Plurifamiliar","València","46019","Valencia","Valencia","Rascanya","Sant Llorenç - Zona Alfahuir","39.4929603012","-0.3661214988","7","Profesional","SERINFO 1998  S L","Sí","Sí","No","No","No","No","No","No","https://images.habimg.com/imgh/1fa8d110-790d-46e7-8767-92635ebdd894G.jpg","https://www.milanuncios.com/anuncios/r515715799.htm","2024-06-06","962641584","serinfo2d96@realestate.com","No","","","No","No contactado","1495","1","1","60","875","14","26","Muy alta"
"Fotocasa","01272","Alquiler","Plurifamiliar","Piso en Alquiler en El Cabanyal - El Canyamelar","46011","Valencia","Valencia","Poblats Marítims","El Cabanyal - El Canyamelar","39.4616056603","-0.3330514697","3º","Profesional","Hola Inmobiliaria","Sí","No","No","No","No","No","No","No","https://static.fotocasa.es/images/ads/45b44407-252e-489d-88e9-105051347f50?rule=feeds_1920x1080","https://www.fotocasa.es/Building/Building_Detail.aspx?ai=183805869&tti=2","2024-07-10","962646172","i.holainmobiliaria.11726.3@inmovilla.com","No","Muy bueno","","No","No contactado","1496","3","1","100","1300","13","20","Muy alta"
"habitaclia","4506759","Alquiler","Plurifamiliar","Abstenerse inmobiliarias","46007","Valencia","Valencia","Patraix","Safranar","39.4554896718","-0.3994718868","1","Particular","","Sí","Sí","No","No","No","No","No","No","https://images.habimg.com/imgh/500-img4506759-387638145G.jpg","https://www.habitaclia.com/i500004506759","2023-07-20","632353983","m.planells@multicodemobile.com","No","Muy bueno","","No","No contactado","1497","1","1","62","1150","18","376","Muy alta"
"habitaclia","00459VMC","Alquiler","Plurifamiliar","","","Valencia","Valencia","El Pla del Real","Mestalla","39.4715660722","-0.3581639278","3","Profesional","VALENCIA MA CASA","Sí","Sí","Sí","No","No","No","No","No","https://images.habimg.com/imgh/444c98d1-d620-4931-98d3-6dc8c5e022b1G.jpg","https://www.habitaclia.com/i32361000003311","2024-02-22","960714992<br> 655121880","info@valenciamacasa.com","No","Muy bueno","","No","No contactado","1498","2","1","80","1100","13","159","Muy alta"
"habitaclia","BC2209","Alquiler","Plurifamiliar","GRAN VIVIENDA REFORMADA EN L''AMISTAD","","Valencia","Valencia","Algirós","L'Amistat","39.4726351865","-0.3536270135","7","Profesional","BENICASA 2002 SERVICIOS INMOBILIARIOS","No","Sí","No","No","No","No","No","No","https://images.habimg.com/imgh/01107491-690f-4122-853f-5a66ee573193G.jpg","https://www.habitaclia.com/i41070000001492","2024-06-21","963656620","serviciosinmobiliariosbc2002@outlook.es","No","Muy bueno","","No","No contactado","1499","4","2","80","1500","18","11","Muy alta"
"Fotocasa","01376","Alquiler","Plurifamiliar","Piso en Alquiler en  YECLA, L'Amistat","46021","Valencia","Valencia","Algirós","L'Amistat","39.4734144684","-0.3486366816","8º","Profesional","VALENCIA BIENES RAICES","No","Sí","No","No","Sí","No","No","No","https://static.fotocasa.es/images/ads/ac8e3133-394a-4fb8-be80-f467c0590f53?rule=feeds_1920x1080","https://www.fotocasa.es/Building/Building_Detail.aspx?ai=183824207&tti=2","2024-07-12","962640476","i.valenciabienesraices.1317@inmovilla.com","No","Muy bueno","","No","No contactado","1500","4","2","108","1550","14","7","Muy alta"
"habitaclia","BC2209","Alquiler","Plurifamiliar","GRAN VIVIENDA REFORMADA EN L''AMISTAD","","Valencia","Valencia","Algirós","L'Amistat","39.4726351865","-0.3536270135","7","Profesional","BENICASA 2002 SERVICIOS INMOBILIARIOS","No","Sí","No","No","No","No","No","No","https://images.habimg.com/imgh/01107491-690f-4122-853f-5a66ee573193G.jpg","https://www.habitaclia.com/i41070000001492","2024-06-21","963656620","serviciosinmobiliariosbc2002@outlook.es","No","Muy bueno","","No","No contactado","1501","4","2","80","1500","18","11","Muy alta"
"milanuncios","513765888","Alquiler","Plurifamiliar","Avenida del Puerto","46011","Valencia","Valencia","Poblats Marítims","El Grau","39.4637541012","-0.3350650988","2","Particular","","No","Sí","Sí","No","Sí","No","No","No","","https://www.milanuncios.com/anuncios/r513765888.htm","2024-05-16","","","Sí","","","No","No contactado","1502","3","2","131","1600","12","47","Muy alta"
"milanuncios","453533998","Alquiler","Unifamiliar","Benicalap - C/ del Pintor Matarana","46025","Valencia","Valencia","Benicalap","Barrio de Benicalap","39.4935587","-0.3926775","4","Particular","","No","No","No","No","No","No","No","No","","https://www.milanuncios.com/anuncios/r453533998.htm","2022-06-03","","","No","","","No","No contactado","1503","3","1","70","1300","18","760","Muy alta"
"milanuncios","453533998","Alquiler","Unifamiliar","Benicalap - C/ del Pintor Matarana","46025","Valencia","Valencia","Benicalap","Barrio de Benicalap","39.4935587","-0.3926775","4","Particular","","No","No","No","No","No","No","No","No","","https://www.milanuncios.com/anuncios/r453533998.htm","2022-06-03","","","No","","","No","No contactado","1504","3","1","70","1300","18","760","Muy alta"
"milanuncios","479724047","Alquiler","Plurifamiliar","València","46021","Valencia","Valencia","Algirós","La Bega Baixa - Plaza Xúquer","39.4782801012","-0.3467798988","","Profesional","Valencia Ma Casa","Sí","Sí","No","No","No","No","No","No","https://images.habimg.com/imgh/07c398a5-32c6-4940-977f-5b1a601b559cG.jpg","https://www.milanuncios.com/anuncios/r479724047.htm","2023-03-08","962940167","valenciamacasa388d@realestate.com","No","","","No","No contactado","1505","4","2","130","1570","12","482","Muy alta"
"milanuncios","479724047","Alquiler","Plurifamiliar","València","46021","Valencia","Valencia","Algirós","La Bega Baixa - Plaza Xúquer","39.4782801012","-0.3467798988","","Profesional","Valencia Ma Casa","Sí","Sí","No","No","No","No","No","No","https://images.habimg.com/imgh/07c398a5-32c6-4940-977f-5b1a601b559cG.jpg","https://www.milanuncios.com/anuncios/r479724047.htm","2023-03-08","962940167","valenciamacasa388d@realestate.com","No","","","No","No contactado","1506","4","2","130","1570","12","482","Muy alta"
"milanuncios","518753619","Alquiler","Plurifamiliar","València","46019","Valencia","Valencia","Rascanya","Sant Llorenç - Zona Alfahuir","39.4895236614","-0.3679683386","","Profesional","THE SIMPLE RENT LUXURY PROPERTIES SL","Sí","Sí","No","No","No","No","No","No","https://images.habimg.com/imgh/778fa865-3ade-4ee1-a4d7-fe5d7b3d8d6dG.jpg","https://www.milanuncios.com/anuncios/r518753619.htm","2024-07-09","968910025","thesimplerent5092@realestate.com","No","","","No","No contactado","1507","2","1","65","1000","15","16","Muy alta"
"milanuncios","513765888","Alquiler","Plurifamiliar","Avenida del Puerto","46011","Valencia","Valencia","Poblats Marítims","El Grau","39.4637541012","-0.3350650988","2","Particular","","No","Sí","Sí","No","Sí","No","No","No","","https://www.milanuncios.com/anuncios/r513765888.htm","2024-05-16","","","Sí","","","No","No contactado","1508","3","2","131","1600","12","47","Muy alta"
"habitaclia","GE92","Alquiler","Plurifamiliar","Piso en alquiler en Avenida de la Malva-Rosa, Playa de la Malvarrosa, Poblats Maritims, Valencia","","Valencia","Valencia","Poblats Marítims","La Malva-rosa","39.4794086786","-0.3280957214","0","Profesional","Inmobiliaria Fran López","Sí","No","No","No","No","No","No","No","https://images.habimg.com/imgh/01dbb7ac-1a18-43c6-ad9c-e3ba9ee5b4c8G.jpg","https://www.habitaclia.com/i46471000000448","2024-06-25","633360529","franlopez@valenciainmobiliaria.es","No","Muy bueno","","No","No contactado","1509","3","1","70","1090","15","7","Muy alta"
"habitaclia","GE92","Alquiler","Plurifamiliar","Piso en alquiler en Avenida de la Malva-Rosa, Playa de la Malvarrosa, Poblats Maritims, Valencia","","Valencia","Valencia","Poblats Marítims","La Malva-rosa","39.4794086786","-0.3280957214","0","Profesional","Inmobiliaria Fran López","Sí","No","No","No","No","No","No","No","https://images.habimg.com/imgh/01dbb7ac-1a18-43c6-ad9c-e3ba9ee5b4c8G.jpg","https://www.habitaclia.com/i46471000000448","2024-06-25","633360529","franlopez@valenciainmobiliaria.es","No","Muy bueno","","No","No contactado","1510","3","1","70","1090","15","7","Muy alta"
"Fotocasa","VTE1020","Alquiler","Plurifamiliar","Apartamento en Alquiler en  RIBAS, 14, El Castellar i l'Oliverar","46026","Valencia","Valencia","El Castellar i l'Oliverar","","39.432412784","-0.36085325","3º","Profesional","KW CPI GESTIÓN","No","Sí","No","No","No","No","No","No","https://static.fotocasa.es/images/ads/9a6f451a-9b5b-4a13-81bb-208375b5476d?rule=feeds_1920x1080","https://www.fotocasa.es/Building/Building_Detail.aspx?ai=183269492&tti=2","2024-05-13","620209543","vicente.andreu@kwspain.es","No","Muy bueno","","No","No contactado","1511","3","1","87","900","10","50","Muy alta"
"Fotocasa","VTE1020","Alquiler","Plurifamiliar","Apartamento en Alquiler en  RIBAS, 14, El Castellar i l'Oliverar","46026","Valencia","Valencia","El Castellar i l'Oliverar","","39.432412784","-0.36085325","3º","Profesional","KW CPI GESTIÓN","No","Sí","No","No","No","No","No","No","https://static.fotocasa.es/images/ads/9a6f451a-9b5b-4a13-81bb-208375b5476d?rule=feeds_1920x1080","https://www.fotocasa.es/Building/Building_Detail.aspx?ai=183269492&tti=2","2024-05-13","620209543","vicente.andreu@kwspain.es","No","Muy bueno","","No","No contactado","1512","3","1","87","900","10","50","Muy alta"
"habitaclia","E076-01225","Alquiler","Plurifamiliar","Loft en alquiler en zona peatonal junto al Corte Inglés","","Valencia","Valencia","Ciutat Vella","Sant Francesc","39.4722346766","-0.3712699732","3","Profesional","Primer Grupo Turia","Sí","Sí","No","No","No","No","No","No","https://images.habimg.com/imgh/07b6b364-b6f7-4028-bc87-216ad95920f8G.jpg","https://www.habitaclia.com/i12140000000510","2024-07-25","960712509","i.primergrupoturia.4823@inmovilla.com","No","Muy bueno","","No","No contactado","1513","1","1","45","1000","22","5","Alta"
"Fotocasa","1231","Alquiler","Plurifamiliar","Piso en Alquiler en La Xerea","46003","Valencia","Valencia","Ciutat Vella","La Xerea","39.4723420053","-0.3737721047","Bajos","Profesional","Hola Inmobiliaria","Sí","No","No","No","Sí","No","No","No","https://static.fotocasa.es/images/ads/37fdf2e0-f512-47bb-a357-22a3a5923dc1?rule=feeds_1920x1080","https://www.fotocasa.es/Building/Building_Detail.aspx?ai=183805831&tti=2","2024-07-10","962646172","i.holainmobiliaria.11726.4@inmovilla.com","No","Muy bueno","","No","No contactado","1514","4","2","150","2150","14","20","Alta"
"habitaclia","01714VMC","Alquiler","Plurifamiliar","","","Valencia","Valencia","El Pla del Real","Mestalla","39.4754660722","-0.3528439278","0","Profesional","VALENCIA MA CASA","Sí","Sí","No","No","No","No","No","No","https://images.habimg.com/imgh/13e3107f-51fe-4c0d-b5f0-afb613feaf7cG.jpg","https://www.habitaclia.com/i32361000002939","2023-10-30","960714992<br> 655121880","info@valenciamacasa.com","No","Muy bueno","","No","No contactado","1515","3","1","75","1000","13","274","Alta"
"milanuncios","517910432","Alquiler","Plurifamiliar","València","46020","Valencia","Valencia","Benimaclet","Barrio de Benimaclet","39.4849594672","-0.355370035","","Profesional","AYORA REAL ESTATE SL","No","Sí","No","No","No","No","No","No","https://images.habimg.com/imgh/03ae5e47-ba9b-4cd2-9189-35b7b550d382G.jpg","https://www.milanuncios.com/anuncios/r517910432.htm","2024-06-27","962645802","everlyhomeislaperdida59e3@realestate.com","No","","","No","No contactado","1516","4","2","115","1600","13","33","Alta"
"habitaclia","376","Alquiler","Plurifamiliar","¡Descubre tu nuevo hogar en el corazón de Ruzafa! Este espectacular piso reformado de 100 m² útiles","","Valencia","Valencia","L'Eixample","Russafa","39.4604371","-0.3759712","0","Profesional","Inmocity","Sí","Sí","No","No","No","No","No","No","https://images.habimg.com/imgh/08487b0e-6000-4857-954c-55027d1ddd3cG.jpg","https://www.habitaclia.com/i45205000000408","2024-07-26","633021067","info@inmocityweb.com","No","Muy bueno","","No","No contactado","1517","3","2","105","1200","11","4","Alta"
"habitaclia","00317VMC","Alquiler","Plurifamiliar","","","Valencia","Valencia","Benimaclet","Barrio de Benimaclet","39.4858060722","-0.3598839278","2","Profesional","VALENCIA MA CASA","Sí","No","No","No","No","No","No","No","https://images.habimg.com/imgh/06e885c0-fadf-4079-a3e7-f10454dfb299G.jpg","https://www.habitaclia.com/i32361000003367","2024-04-02","960714992<br> 655121880","info@valenciamacasa.com","No","Muy bueno","","No","No contactado","1518","3","1","90","1100","12","119","Alta"
"habitaclia","BC2208","Alquiler","Plurifamiliar","PRECIOSA VIVIENDA CON GARAJE Y PISCINA EN SANT PAU","","Valencia","Valencia","Campanar","Sant Pau - Zona Palau de Congresos - Nou Campanar","39.4883254722","-0.4013053278","1","Profesional","BENICASA 2002 SERVICIOS INMOBILIARIOS","Sí","Sí","Sí","No","No","No","No","No","https://images.habimg.com/imgh/1485daaa-273a-4abe-8443-dd8fde63a723G.jpg","https://www.habitaclia.com/i41070000001493","2024-06-21","963656620","serviciosinmobiliariosbc2002@outlook.es","No","Muy bueno","","No","No contactado","1519","2","1","85","1595","18","39","Alta"
"milanuncios","515487845","Alquiler","Plurifamiliar","València","46021","Valencia","Valencia","Camins al Grau","Albors","39.4680457943","-0.3534912057","","Profesional","CM PROPERTIES","No","Sí","No","No","No","No","No","No","https://images.habimg.com/imgh/016e51ad-be2a-4144-aa64-34654b0de817G.jpg","https://www.milanuncios.com/anuncios/r515487845.htm","2024-06-04","962470759","cmproperties8e5d@realestate.com","No","","","No","No contactado","1520","3","1","85","1100","12","56","Alta"
"milanuncios","518055699","Alquiler","Plurifamiliar","Valencia","46026","Valencia","Valencia","Quatre Carreres","Malilla","39.4395400943","-0.3842378057","","Profesional","","Sí","Sí","No","No","No","No","No","No","https://images.habimg.com/imgh/02cb36d8-8964-4634-9daa-0949ab9a958dG.jpg","https://www.milanuncios.com/anuncios/r518055699.htm","2024-06-30","","","No","","","No","No contactado","1521","4","2","112","1500","13","30","Alta"
"milanuncios","520206475","Alquiler","Plurifamiliar","Amistad","46022","Valencia","Valencia","Algirós","Ciutat Jardí","39.4712296943","-0.3431313057","14","Particular","","No","Sí","No","No","No","No","No","No","","https://www.milanuncios.com/anuncios/r520206475.htm","2024-07-22","","","No","","","No","No contactado","1522","2","1","79","1250","15","8","Alta"
"milanuncios","519962775","Alquiler","Plurifamiliar","València","46017","Valencia","Valencia","Jesús","L'Hort de Senabre","39.4538787943","-0.3891322057","","Profesional","ESTUDIO AYORA SL","Sí","Sí","No","No","No","No","No","No","https://images.habimg.com/imgh/05e9c2e1-fb2a-46bd-8236-589170d339c9G.jpg","https://www.milanuncios.com/anuncios/r519962775.htm","2024-07-19","960962361","tempohogar744d@realestate.com","No","","","No","No contactado","1523","3","2","87","1200","13","11","Alta"
"milanuncios","479715729","Alquiler","Plurifamiliar","València","46021","Valencia","Valencia","Algirós","La Bega Baixa - Plaza Xúquer","39.4754927943","-0.3487672057","","Profesional","Valencia Ma Casa","Sí","Sí","No","No","No","No","No","No","https://images.habimg.com/imgh/05a3e71f-d943-4d58-9a6b-55602c1cd0dcG.jpg","https://www.milanuncios.com/anuncios/r479715729.htm","2023-03-08","962940167","valenciamacasa388d@realestate.com","No","","","No","No contactado","1524","4","2","120","1400","11","510","Alta"
"milanuncios","519311408","Alquiler","Plurifamiliar","València","46011","Valencia","Valencia","Poblats Marítims","El Cabanyal - El Canyamelar","39.4664570343","-0.3297668757","","Profesional","PRIMER GRUPO GRAN VIA","Sí","Sí","No","No","No","No","No","No","https://images.habimg.com/imgh/05ebf11f-fca1-4b06-9f66-c06340f09cc4G.jpg","https://www.milanuncios.com/anuncios/r519311408.htm","2024-07-12","962471327","primergrupogranviad305@realestate.com","No","","","No","No contactado","1525","4","2","96","1250","13","18","Muy alta"
"milanuncios","514163292","Alquiler","Plurifamiliar","València","46013","Valencia","Valencia","Quatre Carreres","Ciutat de les Ciències i de les Arts - Justicia","39.4544321943","-0.3611280057","","Profesional","","Sí","Sí","No","No","No","No","No","No","https://images.habimg.com/imgh/1153b10e-a055-4d02-b242-f0f008dda319G.jpg","https://www.milanuncios.com/anuncios/r514163292.htm","2024-05-20","","","No","","","No","No contactado","1526","1","1","80","950","11","71","Alta"
"habitaclia","02008VMC","Alquiler","Plurifamiliar","","","Valencia","Valencia","La Saïdia","Morvedre","39.4869760722","-0.3712739278","0","Profesional","VALENCIA MA CASA","Sí","Sí","No","No","No","No","No","No","https://images.habimg.com/imgh/038a8b0e-5516-4131-b3e3-e1b0d49d5d39G.jpg","https://www.habitaclia.com/i32361000002776","2023-10-11","960714992<br> 655121880","info@valenciamacasa.com","No","Muy bueno","","No","No contactado","1527","3","1","80","1100","13","293","Alta"
"habitaclia","021OS","Alquiler","Plurifamiliar","AMUEBLADO piso de 2 habitaciones con cocina equipada al lado de Estadio Mestalla","","Valencia","Valencia","El Pla del Real","Mestalla","39.4726706252","-0.3561600828","1","Profesional","Spaces&Places","Sí","Sí","Sí","No","No","No","No","No","https://images.habimg.com/imgh/02723495-752f-482b-b835-8e1b45be13deG.jpg","https://www.habitaclia.com/i47584000000337","2024-06-21","635919795","info@spacesplaces.es","No","Muy bueno","","No","No contactado","1528","2","1","67","1650","24","39","Alta"
"milanuncios","514340823","Alquiler","Plurifamiliar","Valencia","46022","Valencia","Valencia","Camins al Grau","Aiora","39.4643027943","-0.3375052057","","Profesional","Aproperties","Sí","No","No","No","No","No","No","No","https://images.habimg.com/imgh/4737-img3821431-475886750G.jpg","https://www.milanuncios.com/anuncios/r514340823.htm","2024-05-22","962648135","apropertiesrealestatevalencia6ff9@realestate.com","No","","","No","No contactado","1529","3","1","68","1200","17","69","Alta"
"milanuncios","520382500","Alquiler","Plurifamiliar","València","46017","Valencia","Valencia","Jesús","Camí Real","39.4398087943","-0.3894882057","","Profesional","EV MMC SPAIN  S L U","No","Sí","No","No","No","No","No","No","https://images.habimg.com/imgh/0f7e53cf-3c1c-41b8-bd78-a065d99d8fffG.jpg","https://www.milanuncios.com/anuncios/r520382500.htm","2024-07-24","962646083","engelvolkers809d@realestate.com","No","","","No","No contactado","1530","4","2","121","1300","10","6","Alta"
"milanuncios","497415433","Alquiler","Plurifamiliar","Valencia","46026","Valencia","Valencia","Quatre Carreres","Malilla","39.4453657943","-0.3738752057","","Profesional","RENTA GARANTIZADA SA","No","Sí","No","Sí","No","No","No","No","https://images.habimg.com/imgh/030a2262-91b4-4200-a56c-1f4df0d5b0cfG.jpg","https://www.milanuncios.com/anuncios/r497415433.htm","2023-10-20","910924362","rentagarantizadasa4a92@realestate.com","No","","","No","No contactado","1531","3","2","126","1525","12","284","Alta"
"milanuncios","506718803","Alquiler","Plurifamiliar","València","46011","Valencia","Valencia","Poblats Marítims","El Cabanyal - El Canyamelar","39.4662127943","-0.3313372057","","Profesional","Valencia Ma Casa","Sí","No","No","No","No","No","No","No","https://images.habimg.com/imgh/4ba59fbf-c760-4fb9-aee3-f48f5d9b26ecG.jpg","https://www.milanuncios.com/anuncios/r506718803.htm","2024-02-16","962940167","valenciamacasa388d@realestate.com","No","","","No","No contactado","1532","1","1","30","850","28","165","Alta"
"habitaclia","00763VMC","Alquiler","Plurifamiliar","","","Valencia","Valencia","Algirós","L'Amistat","39.4756360722","-0.3466639278","0","Profesional","VALENCIA MA CASA","Sí","Sí","No","No","No","No","No","No","https://images.habimg.com/imgh/0507bd8a-9722-4cd5-92ea-c2efce3fe1c2G.jpg","https://www.habitaclia.com/i32361000003264","2024-02-04","960714992<br> 655121880","info@valenciamacasa.com","No","Muy bueno","","No","No contactado","1533","3","1","75","1100","14","177","Alta"
"milanuncios","479715896","Alquiler","Plurifamiliar","València","46010","Valencia","Valencia","El Pla del Real","Ciutat Universitària","39.4774227943","-0.3580872057","","Profesional","Valencia Ma Casa","Sí","Sí","No","No","No","No","No","No","https://images.habimg.com/imgh/7f8bc490-7274-4573-9de0-87f8e9ed3e1dG.jpg","https://www.milanuncios.com/anuncios/r479715896.htm","2023-03-08","962940167","valenciamacasa388d@realestate.com","No","","","No","No contactado","1534","4","2","110","1300","11","510","Alta"
"habitaclia","5877-JO433","Alquiler","Plurifamiliar","ValenciaPiso","","Valencia","Valencia","Patraix","Vara de Quart","39.4652329722","-0.4001005278","3","Profesional","EMPIRE HOUSE","No","Sí","Sí","No","No","No","No","No","https://images.habimg.com/imgh/14a96db8-f484-4b5a-9bfa-e927432b29c8G.jpg","https://www.habitaclia.com/i50283000000228","2024-05-06","629224408","info@empirehouse.es","No","Muy bueno","","No","No contactado","1535","4","2","120","1200","10","85","Alta"
"habitaclia","PT0064VCI1","Alquiler","Plurifamiliar","PISO CON GARAJE Y TRASTERO","","Valencia","Valencia","Camins al Grau","Aiora","39.4670724941","-0.3446073755","1","Profesional","Carmina Reig Inmobiliaria","No","Sí","Sí","No","No","No","No","No","https://images.habimg.com/imgh/02cd0a32-c976-4aee-99a0-f53d146b2ce2G.jpg","https://www.habitaclia.com/i10990002226818","2024-06-17","963261717","i.carminareiginmobiliaria.2301@inmovilla.com","No","Muy bueno","","No","No contactado","1536","3","1","90","1500","16","43","Alta"
"habitaclia","19778","Alquiler","Plurifamiliar","ALQUILER VIVIENDA EN VALENCIA","","Valencia","Valencia","Camins al Grau","Albors","39.4731873722","-0.3524790278","1","Profesional","SERINFO","No","Sí","No","No","No","No","No","No","https://images.habimg.com/imgh/21796669-c5ea-4254-9acb-5a5e820d1037G.jpg","https://www.habitaclia.com/i11736002354509","2024-07-12","963293802","atencion@serinfovalencia.com","No","Muy bueno","","No","No contactado","1537","1","1","70","900","12","18","Alta"
"habitaclia","60348","Alquiler","Plurifamiliar","Vivienda en Botanico, Torres de Quart , estupendo.","","Valencia","Valencia","Extramurs","Zona Botánico","39.4762944722","-0.3829423278","0","Profesional","LLAVE 90 BLASCO IBAÑEZ","Sí","No","No","No","Sí","No","No","No","https://images.habimg.com/imgh/08ac26fa-93c6-4b9b-8403-099bc39480d6G.jpg","https://www.habitaclia.com/i9999000000391","2024-06-19","963285285","sdiaz@llave90.com","No","Muy bueno","","No","No contactado","1538","1","2","68","1200","17","41","Alta"
"milanuncios","517840028","Alquiler","Plurifamiliar","València","46022","Valencia","Valencia","Poblats Marítims","Beteró","39.4714348642","-0.3369292558","","Profesional","AYORA REAL ESTATE SL","Sí","Sí","No","No","No","No","No","No","https://images.habimg.com/imgh/281f262c-1202-4281-8e92-3314ba292dfeG.jpg","https://www.milanuncios.com/anuncios/r517840028.htm","2024-06-27","962645802","everlyhomeislaperdida59e3@realestate.com","No","","","No","No contactado","1539","4","2","122","1600","13","33","Alta"
"Fotocasa","MDA-RONC","Alquiler","Plurifamiliar","Piso en Alquiler en  RONCESVALLES, Tormos","46009","Valencia","Valencia","La Saïdia","Tormos","39.4877079873","-0.3790093965","4º","Profesional","Myodomo","Sí","Sí","No","No","No","No","No","No","https://static.fotocasa.es/images/ads/e2e7bae0-49dd-469e-982c-304ad245678a?rule=feeds_1920x1080","https://www.fotocasa.es/Building/Building_Detail.aspx?ai=183902341&tti=2","2024-07-22","962944216","i.myodmo.10196@inmovilla.com","No","Muy bueno","","No","No contactado","1540","3","1","85","1450","17","4","Alta"
"habitaclia","AV2406094","Alquiler","Plurifamiliar","Piso en alquiler en el Grau","","Valencia","Valencia","Camins al Grau","Aiora","39.4627641786","-0.3400338214","0","Profesional","APROPERTIES REAL ESTATE - VALENCIA","No","No","No","No","No","No","No","No","https://images.habimg.com/imgh/4737-img3821840-478548576G.jpg","https://www.habitaclia.com/i4737003821840","2024-06-27","961285965","leadsapvalencia@aproperties.es","No","Muy bueno","","No","No contactado","1541","3","1","66","1100","16","5","Alta"
"milanuncios","519955447","Alquiler","Plurifamiliar","València","46022","Valencia","Valencia","Algirós","L'Illa Perduda","39.4669886614","-0.3420903386","","Profesional","EV MMC SPAIN  S L U","Sí","Sí","No","No","No","No","No","No","https://images.habimg.com/imgh/077b70a7-4e71-4441-af19-2683ae7a89ffG.jpg","https://www.milanuncios.com/anuncios/r519955447.htm","2024-07-19","961287313","engelvolkers809d@realestate.com","No","","","No","No contactado","1542","3","1","86","1100","12","6","Alta"
"habitaclia","3424-00836","Alquiler","Plurifamiliar","Piso de 4 habitaciones y 2 baños para ALQUILER TEMPORAL DESDE SEPTIEMBRE A JUNIO 2025","","Valencia","Valencia","Camins al Grau","Camí Fondo - Zona Baleares - Canarias","39.46623263","-0.3558676","3","Profesional","REMAX URBE","Sí","Sí","No","No","No","No","No","No","https://images.habimg.com/imgh/03a0feac-9029-430c-bc66-1419d1e1ed2dG.jpg","https://www.habitaclia.com/i8479001783170","2024-06-11","963.531.344","urbe2@remax.es","No","Muy bueno","","No","No contactado","1543","4","2","103","1490","14","41","Alta"
"habitaclia","4570136","Alquiler","Plurifamiliar","Pso luminoso zona eixample/gran via. centro vlc","46005","Valencia","Valencia","L'Eixample","Zona Gran Via","39.4644532","-0.3645428","3","Particular","","No","Sí","No","No","No","No","No","No","https://images.habimg.com/imgh/500-img4570136-476445287G.jpg","https://www.habitaclia.com/i500004570136","2024-05-29","679386078","martitta_23@hotmail.com","No","Muy bueno","","No","No contactado","1544","4","1","120","1600","13","34","Alta"
"milanuncios","514389279","Alquiler","Plurifamiliar","Centro - C/ del Serpis","46021","Valencia","Valencia","Algirós","La Bega Baixa - Plaza Xúquer","39.4759321","-0.3492069","3","Particular","","No","Sí","No","No","No","No","No","No","","https://www.milanuncios.com/anuncios/r514389279.htm","2024-05-23","","","No","","","No","No contactado","1545","1","1","30","1200","40","40","Alta"
"milanuncios","518515886","Alquiler","Plurifamiliar","València","46026","Valencia","Valencia","Quatre Carreres","Malilla","39.4527685984","-0.3709662096","","Profesional","Spaces Places","Sí","Sí","No","No","No","No","No","No","https://images.habimg.com/imgh/0c2f31c2-4e3b-4d54-9782-df82e618f72eG.jpg","https://www.milanuncios.com/anuncios/r518515886.htm","2024-07-05","962470857","spacesplaces120d@realestate.com","No","","","No","No contactado","1546","2","1","68","1050","15","18","Alta"
"milanuncios","507979783","Alquiler","Plurifamiliar","València","46007","Valencia","Valencia","Extramurs","La Roqueta","39.468046237","-0.377938063","","Profesional","Marlotti  S L","Sí","No","No","No","No","No","No","No","https://images.habimg.com/imgh/15c90bdd-11e0-4430-b4f7-f7a43f548ba0G.jpg","https://www.milanuncios.com/anuncios/r507979783.htm","2024-02-29","961281927","asesoresinmobiliarios32d9@realestate.com","No","","","No","No contactado","1547","2","1","75","1150","15","123","Alta"
"milanuncios","515588849","Alquiler","Plurifamiliar","València","46008","Valencia","Valencia","Extramurs","Arrancapins","39.4679315111","-0.3866046769","","Profesional","Finaer","Sí","Sí","No","No","No","No","No","No","https://images.habimg.com/imgh/0071d85e-01f6-4f2a-b2c7-75a6855d23dbG.jpg","https://www.milanuncios.com/anuncios/r515588849.htm","2024-06-05","696587039","inmobiliariascongarantiafinaere6e5@realestate.com","No","","","No","No contactado","1548","3","2","110","1575","14","27","Alta"
"habitaclia","I-00L06B-W-02W7DG","Alquiler","Plurifamiliar","Piso en Ruzafa con gran terraza","","Valencia","Valencia","L'Eixample","Russafa","39.4620201786","-0.3726308214","1","Profesional","Engel & Völkers","Sí","Sí","Sí","No","No","No","No","No","https://images.habimg.com/imgh/0351efd8-32b7-4e19-9813-b2519aee1273G.jpg","https://www.habitaclia.com/i5953003368999","2024-06-20","963517897","valencia@engelvoelkers.com","No","Muy bueno","","No","No contactado","1549","2","2","122","1500","12","12","Alta"
"habitaclia","02101VMC","Alquiler","Plurifamiliar","","","Valencia","Valencia","Campanar","Sant Pau - Zona Palau de Congresos - Nou Campanar","39.4841950865","-0.4033356135","0","Profesional","VALENCIA MA CASA","Sí","Sí","No","No","No","No","No","No","https://images.habimg.com/imgh/51b3161c-24c9-4cef-bf60-be58a678da15G.jpg","https://www.habitaclia.com/i32361000003436","2024-06-20","960714992<br> 655121880","info@valenciamacasa.com","No","Muy bueno","","No","No contactado","1550","4","2","135","1500","11","12","Alta"
"habitaclia","81206376","Alquiler","Plurifamiliar","","","Valencia","Valencia","Camins al Grau","Aiora","39.4657695786","-0.3428747214","0","Profesional","LIVE 4 LIFE","No","No","No","No","No","No","No","No","https://images.habimg.com/imgh/0997bee8-dcd5-4c0d-9ed7-f65d7e519c8fG.jpg","https://www.habitaclia.com/i28825000009067","2024-03-26","637692405","administracion@l4l.es","No","Muy bueno","","No","No contactado","1551","4","1","100","1390","13","98","Alta"
"milanuncios","516250748","Alquiler","Plurifamiliar","Ciudad de las Artes y las Ciencias - C/","46013","Valencia","Valencia","Quatre Carreres","Ciutat de les Ciències i de les Arts - Justicia","39.4534034729","-0.359197706","12","Particular","","No","Sí","No","No","Sí","Sí","Sí","No","","https://www.milanuncios.com/anuncios/r516250748.htm","2024-06-10","","","No","","","No","No contactado","1552","1","1","45","950","21","22","Alta"
"milanuncios","515588849","Alquiler","Plurifamiliar","València","46008","Valencia","Valencia","Extramurs","Arrancapins","39.4679315111","-0.3866046769","","Profesional","Finaer","Sí","Sí","No","No","No","No","No","No","https://images.habimg.com/imgh/0071d85e-01f6-4f2a-b2c7-75a6855d23dbG.jpg","https://www.milanuncios.com/anuncios/r515588849.htm","2024-06-05","696587039","inmobiliariascongarantiafinaere6e5@realestate.com","No","","","No","No contactado","1553","3","2","110","1575","14","27","Alta"
"habitaclia","E076-01213","Alquiler","Plurifamiliar","","","Valencia","Valencia","Ciutat Vella","El Pilar","39.4721266943","-0.3833668801","4","Profesional","Primer Grupo Turia","Sí","Sí","No","No","No","No","No","No","https://images.habimg.com/imgh/03e94ca1-170a-4cb3-bb0c-190f5a0644ffG.jpg","https://www.habitaclia.com/i12140000000500","2024-06-12","960712509","ofranco@primergrupo.com,i.primergrupoturia.4823@inmovilla.com","No","Muy bueno","","No","No contactado","1554","3","1","85","1300","15","20","Alta"
"habitaclia","507.paa.37","Alquiler","Plurifamiliar","Fantástico piso en alquiler para ESTUDIANTES. DISPONIBLE  a partir de Agosto 2024.","","Valencia","Valencia","Algirós","Ciutat Jardí","39.4729478786","-0.3477720214","3","Profesional","INMOBILIARIA LAGOS","Sí","Sí","No","No","No","No","No","No","https://images.habimg.com/imgh/2e197ec4-faf9-4809-8e1e-f997b771e32cG.jpg","https://www.habitaclia.com/i27815000000110","2024-05-16","672452597","jes.sicaalvare.ns8@gmail.com","No","Muy bueno","","No","No contactado","1555","4","4","110","1850","16","47","Alta"
"habitaclia","00760VMC","Alquiler","Plurifamiliar","","","Valencia","Valencia","Algirós","L'Amistat","39.4709717865","-0.3520482135","0","Profesional","VALENCIA MA CASA","No","Sí","No","No","No","No","No","No","https://images.habimg.com/imgh/1d03168a-0bb7-4546-b6d5-ceb319c4d1e6G.jpg","https://www.habitaclia.com/i32361000003266","2024-02-05","960714992<br> 655121880","info@valenciamacasa.com","No","Muy bueno","","No","No contactado","1556","3","1","100","1000","10","148","Alta"
"milanuncios","517299295","Alquiler","Plurifamiliar","València","46011","Valencia","Valencia","Poblats Marítims","El Cabanyal - El Canyamelar","39.4654135299","-0.3283579597","","Profesional","Finaer","Sí","Sí","No","Sí","No","No","No","No","https://images.habimg.com/imgh/013df730-fa11-49fe-a407-ed9fcef67a6bG.jpg","https://www.milanuncios.com/anuncios/r517299295.htm","2024-06-20","696587039","inmobiliariascongarantiafinaere6e5@realestate.com","No","","","No","No contactado","1557","4","1","100","1200","12","12","Alta"
"milanuncios","514389279","Alquiler","Plurifamiliar","Centro - C/ del Serpis","46021","Valencia","Valencia","Algirós","La Bega Baixa - Plaza Xúquer","39.4759321","-0.3492069","3","Particular","","No","Sí","No","No","No","No","No","No","","https://www.milanuncios.com/anuncios/r514389279.htm","2024-05-23","","","No","","","No","No contactado","1558","1","1","30","1200","40","40","Alta"
"milanuncios","517377572","Alquiler","Plurifamiliar","Valencia","46022","Valencia","Valencia","Algirós","L'Illa Perduda","39.4726311957","-0.3377043505","","Profesional","AYORA REAL ESTATE SL","No","Sí","No","No","No","No","No","No","https://images.habimg.com/imgh/298cd780-47b2-486d-aa61-38b5a755a5fcG.jpg","https://www.milanuncios.com/anuncios/r517377572.htm","2024-06-20","962645802","everlyhomeislaperdida59e3@realestate.com","No","","","No","No contactado","1559","3","1","82","1050","12","12","Alta"
"habitaclia","507.paa.37","Alquiler","Plurifamiliar","Fantástico piso en alquiler para ESTUDIANTES. DISPONIBLE  a partir de Agosto 2024.","","Valencia","Valencia","Algirós","Ciutat Jardí","39.4729478786","-0.3477720214","3","Profesional","INMOBILIARIA LAGOS","Sí","Sí","No","No","No","No","No","No","https://images.habimg.com/imgh/2e197ec4-faf9-4809-8e1e-f997b771e32cG.jpg","https://www.habitaclia.com/i27815000000110","2024-05-16","672452597","jes.sicaalvare.ns8@gmail.com","No","Muy bueno","","No","No contactado","1560","4","4","110","1850","16","47","Alta"
"milanuncios","515646369","Alquiler","Plurifamiliar","València","46022","Valencia","Valencia","Algirós","Ciutat Jardí","39.4712323012","-0.3430102988","","Profesional","LLAVE90 INMOBILIARIAS S L","No","Sí","No","No","No","No","No","No","https://images.habimg.com/imgh/146deda3-0c16-4596-b940-aaac8099ba4aG.jpg","https://www.milanuncios.com/anuncios/r515646369.htm","2024-06-05","962948657","llave90blascoibanezf9bd@realestate.com","No","","","No","No contactado","1561","3","2","105","1300","12","27","Alta"
"habitaclia","468-02142","Alquiler","Plurifamiliar","ValenciaPiso","","Valencia","Valencia","Ciutat Vella","El Pilar","39.4753093865","-0.3823667135","2","Profesional","PRINCESA INMOBILIARIA","Sí","Sí","No","No","No","No","No","No","https://images.habimg.com/imgh/1a2d6f55-0b1d-427a-9f17-e75ec9582523G.jpg","https://www.habitaclia.com/i8049003989275","2024-05-03","960963418","info@inmoprincesa.es","No","Muy bueno","","No","No contactado","1562","1","1","60","1100","18","60","Alta"
"habitaclia","AV2406018","Alquiler","Plurifamiliar","Piso en alquiler en el Barrio del Pilar, Ciutat Vella.","","Valencia","Valencia","Ciutat Vella","El Pilar","39.4733641786","-0.3820888214","0","Profesional","APROPERTIES REAL ESTATE - VALENCIA","Sí","Sí","No","No","No","No","No","No","https://images.habimg.com/imgh/4737-img3821563-476982927G.jpg","https://www.habitaclia.com/i4737003821563","2024-06-05","961285965","leadsapvalencia@aproperties.es","No","Muy bueno","","No","No contactado","1563","1","1","50","1300","26","27","Alta"
"milanuncios","514389279","Alquiler","Plurifamiliar","Centro - C/ del Serpis","46021","Valencia","Valencia","Algirós","La Bega Baixa - Plaza Xúquer","39.4759321","-0.3492069","3","Particular","","No","Sí","No","No","No","No","No","No","","https://www.milanuncios.com/anuncios/r514389279.htm","2024-05-23","","","No","","","No","No contactado","1564","1","1","30","1200","40","61","Alta"
"milanuncios","516250748","Alquiler","Plurifamiliar","Ciudad de las Artes y las Ciencias - C/","46013","Valencia","Valencia","Quatre Carreres","Ciutat de les Ciències i de les Arts - Justicia","39.4534034729","-0.359197706","12","Particular","","No","Sí","No","No","Sí","Sí","Sí","No","","https://www.milanuncios.com/anuncios/r516250748.htm","2024-06-10","","","No","","","No","No contactado","1565","1","1","45","950","21","22","Alta"
"milanuncios","479715729","Alquiler","Plurifamiliar","València","46021","Valencia","Valencia","Algirós","La Bega Baixa - Plaza Xúquer","39.4780301012","-0.3462298988","","Profesional","Valencia Ma Casa","Sí","Sí","No","No","No","No","No","No","https://images.habimg.com/imgh/05a3e71f-d943-4d58-9a6b-55602c1cd0dcG.jpg","https://www.milanuncios.com/anuncios/r479715729.htm","2023-03-08","962940167","valenciamacasa388d@realestate.com","No","","","No","No contactado","1566","4","2","120","1400","11","482","Alta"
"habitaclia","QCPU0185YZ","Alquiler","Plurifamiliar","Piso residencial en alquiler en nueva zona La Punta","","Valencia","Valencia","Quatre Carreres","La Punta","39.4489762673","-0.3401486827","0","Profesional","Spaces&Places","Sí","Sí","Sí","No","No","No","No","No","https://images.habimg.com/imgh/076ff42e-c97b-4b84-af29-e090c0dbad5dG.jpg","https://www.habitaclia.com/i47584000000239","2024-04-12","635919795","info@spacesplaces.es","No","Muy bueno","","No","No contactado","1567","3","2","88","1300","14","96","Alta"
"milanuncios","517343448","Alquiler","Plurifamiliar","València","46018","Valencia","Valencia","Patraix","Barrio de Patraix","39.4652426243","-0.3891111427","","Profesional","Spaces Places","Sí","Sí","No","No","No","No","No","No","https://images.habimg.com/imgh/084b7fda-ba05-404b-8759-56db357d91faG.jpg","https://www.milanuncios.com/anuncios/r517343448.htm","2024-06-20","962470857","spacesplaces120d@realestate.com","No","","","No","No contactado","1568","4","2","100","1400","14","27","Alta"
"habitaclia","23514672348723589018993","Alquiler","Plurifamiliar","","","Valencia","Valencia","Poblats Marítims","El Cabanyal - El Canyamelar","39.4723845223","-0.3332883777","1","Profesional","LIVE 4 LIFE","No","No","No","No","No","No","No","No","https://images.habimg.com/imgh/03c625c7-06c7-4a6e-ad6a-55c29bdc5aeaG.jpg","https://www.habitaclia.com/i28825000009252","2024-05-30","637692405","administracion@l4l.es","No","Muy bueno","","No","No contactado","1569","3","1","90","1200","13","40","Alta"
"milanuncios","513848464","Alquiler","Plurifamiliar","Valencia","46019","Valencia","Valencia","Rascanya","Sant Llorenç - Zona Alfahuir","39.49702106","-0.36082144","","Profesional","Celine Alfonso","Sí","Sí","No","No","No","No","No","No","https://images.habimg.com/imgh/00a9ca75-e359-46c6-9b1c-29ad58b4e6a3G.jpg","https://www.milanuncios.com/anuncios/r513848464.htm","2024-05-17","965091367","homealmaea58@realestate.com","No","","","No","No contactado","1570","1","1","70","990","14","59","Alta"
"habitaclia","0032OS","Alquiler","Plurifamiliar","Piso de 2 habitaciones cerca de universitarios en Mestalla","","Valencia","Valencia","El Pla del Real","Mestalla","39.4759667498","-0.3537214502","5","Profesional","Spaces&Places","Sí","Sí","No","No","No","No","No","No","https://images.habimg.com/imgh/19bad530-591d-4bff-be74-8c68a5539d36G.jpg","https://www.habitaclia.com/i47584000000367","2024-07-05","635919795","info@spacesplaces.es","No","Muy bueno","","No","No contactado","1571","2","2","95","1250","13","21","Alta"
"habitaclia","018OS","Alquiler","Plurifamiliar","El piso AMUEBLADO de 4 habitaciones en calle CHIVA","","Valencia","Valencia","Patraix","Barrio de Patraix","39.4643087037","-0.3900450633","0","Profesional","Spaces&Places","Sí","Sí","No","No","No","No","No","No","https://images.habimg.com/imgh/084b7fda-ba05-404b-8759-56db357d91faG.jpg","https://www.habitaclia.com/i47584000000335","2024-06-20","635919795","info@spacesplaces.es","No","Muy bueno","","No","No contactado","1572","4","2","100","1400","14","27","Alta"
"milanuncios","515646369","Alquiler","Plurifamiliar","València","46022","Valencia","Valencia","Algirós","Ciutat Jardí","39.4712323012","-0.3430102988","","Profesional","LLAVE90 INMOBILIARIAS S L","No","Sí","No","No","No","No","No","No","https://images.habimg.com/imgh/146deda3-0c16-4596-b940-aaac8099ba4aG.jpg","https://www.milanuncios.com/anuncios/r515646369.htm","2024-06-05","962948657","llave90blascoibanezf9bd@realestate.com","No","","","No","No contactado","1573","3","2","105","1300","12","27","Alta"
"milanuncios","517562600","Alquiler","Plurifamiliar","València","46020","Valencia","Valencia","Benimaclet","Camí de Vera","39.4847336012","-0.3513102988","6","Profesional","VICENTE GARCÍA  JOSE ANGEL","Sí","Sí","No","No","No","No","No","No","https://images.habimg.com/imgh/012c8ae9-9b0d-49ba-a1a0-dbebf290b730G.jpg","https://www.milanuncios.com/anuncios/r517562600.htm","2024-06-24","961281558","alameda10dt69e2@realestate.com","No","","","No","No contactado","1574","1","1","40","900","22","8","Alta"
"habitaclia","L-384-X","Alquiler","Plurifamiliar","Piso en Torrefiel","","Valencia","Valencia","Rascanya","Torrefiel","39.4954314865","-0.3738091135","1","Profesional","LAX INMOBILIARIA VALENCIA","No","No","No","No","No","No","No","No","https://images.habimg.com/imgh/0d9dd245-ebb6-40b4-931a-5725c5e58e49G.jpg","https://www.habitaclia.com/i49834000000076","2024-06-25","675175800","info@laxinmobiliaria.com","No","Muy bueno","","No","No contactado","1575","4","1","70","1050","15","7","Alta"
"habitaclia","81206376","Alquiler","Plurifamiliar","","","Valencia","Valencia","Camins al Grau","Aiora","39.4657695786","-0.3428747214","0","Profesional","LIVE 4 LIFE","No","No","No","No","No","No","No","No","https://images.habimg.com/imgh/0997bee8-dcd5-4c0d-9ed7-f65d7e519c8fG.jpg","https://www.habitaclia.com/i28825000009067","2024-03-26","637692405","administracion@l4l.es","No","Muy bueno","","No","No contactado","1576","4","1","100","1390","13","98","Alta"
"habitaclia","L-384-X","Alquiler","Plurifamiliar","Piso en Torrefiel","","Valencia","Valencia","Rascanya","Torrefiel","39.4954314865","-0.3738091135","1","Profesional","LAX INMOBILIARIA VALENCIA","No","No","No","No","No","No","No","No","https://images.habimg.com/imgh/0d9dd245-ebb6-40b4-931a-5725c5e58e49G.jpg","https://www.habitaclia.com/i49834000000076","2024-06-25","675175800","info@laxinmobiliaria.com","No","Muy bueno","","No","No contactado","1577","4","1","70","1050","15","7","Alta"
"habitaclia","475-02348.1","Alquiler","Plurifamiliar","ValenciaPiso","","Valencia","Valencia","La Saïdia","Sant Antoni","39.4887998786","-0.3724952214","5","Profesional","PRINCESA INMOBILIARIA","No","Sí","No","No","No","No","No","No","https://images.habimg.com/imgh/044adae9-e669-46f9-8dde-60c4ed6ce5bcG.jpg","https://www.habitaclia.com/i8049003989284","2024-06-21","960963418","info@inmoprincesa.es","No","Muy bueno","","No","No contactado","1578","3","1","87","1100","12","11","Alta"
"milanuncios","479715729","Alquiler","Plurifamiliar","València","46021","Valencia","Valencia","Algirós","La Bega Baixa - Plaza Xúquer","39.4780301012","-0.3462298988","","Profesional","Valencia Ma Casa","Sí","Sí","No","No","No","No","No","No","https://images.habimg.com/imgh/05a3e71f-d943-4d58-9a6b-55602c1cd0dcG.jpg","https://www.milanuncios.com/anuncios/r479715729.htm","2023-03-08","962940167","valenciamacasa388d@realestate.com","No","","","No","No contactado","1579","4","2","120","1400","11","482","Alta"
"milanuncios","517377572","Alquiler","Plurifamiliar","Valencia","46022","Valencia","Valencia","Algirós","L'Illa Perduda","39.4726311957","-0.3377043505","","Profesional","AYORA REAL ESTATE SL","No","Sí","No","No","No","No","No","No","https://images.habimg.com/imgh/298cd780-47b2-486d-aa61-38b5a755a5fcG.jpg","https://www.milanuncios.com/anuncios/r517377572.htm","2024-06-20","962645802","everlyhomeislaperdida59e3@realestate.com","No","","","No","No contactado","1580","3","1","82","1050","12","12","Alta"
"habitaclia","00760VMC","Alquiler","Plurifamiliar","","","Valencia","Valencia","Algirós","L'Amistat","39.4709717865","-0.3520482135","0","Profesional","VALENCIA MA CASA","No","Sí","No","No","No","No","No","No","https://images.habimg.com/imgh/1d03168a-0bb7-4546-b6d5-ceb319c4d1e6G.jpg","https://www.habitaclia.com/i32361000003266","2024-02-05","960714992<br> 655121880","info@valenciamacasa.com","No","Muy bueno","","No","No contactado","1581","3","1","100","1000","10","148","Alta"
"milanuncios","517409640","Alquiler","Plurifamiliar","València","46009","Valencia","Valencia","La Saïdia","Sant Antoni","39.4907758012","-0.3705192988","5","Profesional","PRINCESA INMOBILIARIA","No","Sí","No","No","No","No","No","No","https://images.habimg.com/imgh/044adae9-e669-46f9-8dde-60c4ed6ce5bcG.jpg","https://www.milanuncios.com/anuncios/r517409640.htm","2024-06-21","960963418","princesainmobiliariaaaaa@realestate.com","No","","","No","No contactado","1582","3","1","87","1100","12","11","Alta"
"milanuncios","479711390","Alquiler","Plurifamiliar","Valencia","46010","Valencia","Valencia","La Saïdia","Trinitat","39.4864590012","-0.3684181988","","Profesional","Valencia Ma Casa","Sí","Sí","No","No","No","No","No","No","https://images.habimg.com/imgh/0d8d671e-1391-4de8-93c7-44d0b1908587G.jpg","https://www.milanuncios.com/anuncios/r479711390.htm","2023-03-08","962940167","valenciamacasa388d@realestate.com","No","","","No","No contactado","1583","1","1","120","900","7","482","Alta"
"milanuncios","479711390","Alquiler","Plurifamiliar","Valencia","46010","Valencia","Valencia","La Saïdia","Trinitat","39.4864590012","-0.3684181988","","Profesional","Valencia Ma Casa","Sí","Sí","No","No","No","No","No","No","https://images.habimg.com/imgh/0d8d671e-1391-4de8-93c7-44d0b1908587G.jpg","https://www.milanuncios.com/anuncios/r479711390.htm","2023-03-08","962940167","valenciamacasa388d@realestate.com","No","","","No","No contactado","1584","1","1","120","900","7","482","Alta"
"habitaclia","00794VMC","Alquiler","Plurifamiliar","","","Valencia","Valencia","Algirós","Ciutat Jardí","39.4724317865","-0.3458282135","0","Profesional","VALENCIA MA CASA","Sí","Sí","No","No","No","No","No","No","https://images.habimg.com/imgh/49a47cda-c83e-4ff5-889e-939b863d6e8eG.jpg","https://www.habitaclia.com/i32361000003098","2023-12-07","960714992<br> 655121880","info@valenciamacasa.com","No","Muy bueno","","No","No contactado","1585","4","2","130","1300","10","208","Alta"
"habitaclia","02101VMC","Alquiler","Plurifamiliar","","","Valencia","Valencia","Campanar","Sant Pau - Zona Palau de Congresos - Nou Campanar","39.4841950865","-0.4033356135","0","Profesional","VALENCIA MA CASA","Sí","Sí","No","No","No","No","No","No","https://images.habimg.com/imgh/51b3161c-24c9-4cef-bf60-be58a678da15G.jpg","https://www.habitaclia.com/i32361000003436","2024-06-20","960714992<br> 655121880","info@valenciamacasa.com","No","Muy bueno","","No","No contactado","1586","4","2","135","1500","11","12","Alta"
"habitaclia","10002634","Alquiler","Plurifamiliar","PISO EN CAMINO REAL","","Valencia","Valencia","Jesús","Camí Real","39.4410853666","-0.3867554964","8","Profesional","Icon Inmobiliaria","No","Sí","Sí","No","No","No","No","No","https://images.habimg.com/imgh/011bf58b-a363-46c1-8c7a-27d35407374eG.jpg","https://www.habitaclia.com/i32900000000986","2024-07-05","650953413","info@iconinmobiliaria.es","No","Muy bueno","","No","No contactado","1587","2","1","73","1100","15","5","Alta"
"habitaclia","AV2406094","Alquiler","Plurifamiliar","Piso en alquiler en el Grau","","Valencia","Valencia","Camins al Grau","Aiora","39.4627641786","-0.3400338214","0","Profesional","APROPERTIES REAL ESTATE - VALENCIA","No","No","No","No","No","No","No","No","https://images.habimg.com/imgh/4737-img3821840-478548576G.jpg","https://www.habitaclia.com/i4737003821840","2024-06-27","961285965","leadsapvalencia@aproperties.es","No","Muy bueno","","No","No contactado","1588","3","1","66","1100","16","5","Alta"
"habitaclia","I-00L06B-W-02W7DG","Alquiler","Plurifamiliar","Piso en Ruzafa con gran terraza","","Valencia","Valencia","L'Eixample","Russafa","39.4620201786","-0.3726308214","1","Profesional","Engel & Völkers","Sí","Sí","Sí","No","No","No","No","No","https://images.habimg.com/imgh/0351efd8-32b7-4e19-9813-b2519aee1273G.jpg","https://www.habitaclia.com/i5953003368999","2024-06-20","963517897","valencia@engelvoelkers.com","No","Muy bueno","","No","No contactado","1589","2","2","122","1500","12","12","Alta"
"habitaclia","I-00L0E5-W-02WAX8","Alquiler","Plurifamiliar","Propiedad reformada en Botánico","","Valencia","Valencia","Extramurs","Zona Botánico","39.4751571786","-0.3866398214","3","Profesional","Engel & Völkers","Sí","No","No","No","No","No","No","No","https://images.habimg.com/imgh/0813ab08-8180-4c3e-abb9-b57a2ae9140fG.jpg","https://www.habitaclia.com/i5953003369049","2024-06-27","963517897","valencia@engelvoelkers.com","No","Muy bueno","","No","No contactado","1590","1","1","39","950","24","5","Alta"
"milanuncios","514897544","Alquiler","Plurifamiliar","València","46005","Valencia","Valencia","L'Eixample","Zona Gran Via","39.4664901012","-0.3659598988","5","Profesional","SARA ANGELA RAMON SANTA MARIA","Sí","Sí","No","No","No","No","No","No","https://images.habimg.com/imgh/294578c4-a9b4-48bc-98db-b05b5fb46fe4G.jpg","https://www.milanuncios.com/anuncios/r514897544.htm","2024-05-29","960964624","donagermanainmobiliaria1d59@realestate.com","No","","","No","No contactado","1591","5","1","111","1600","14","34","Alta"
"milanuncios","517161439","Alquiler","Plurifamiliar","València","46018","Valencia","Valencia","Patraix","Barrio de Patraix","39.464413165","-0.393758735","5","Profesional","Ágora Inmobiliaria","Sí","Sí","No","No","No","No","No","No","https://images.habimg.com/imgh/17623217-9a77-47ca-952a-51db1ecab473G.jpg","https://www.milanuncios.com/anuncios/r517161439.htm","2024-06-18","962948542","agorainmobiliaria5a8c@realestate.com","No","","","No","No contactado","1592","4","2","100","1400","14","21","Alta"
"habitaclia","00794VMC","Alquiler","Plurifamiliar","","","Valencia","Valencia","Algirós","Ciutat Jardí","39.4724317865","-0.3458282135","0","Profesional","VALENCIA MA CASA","Sí","Sí","No","No","No","No","No","No","https://images.habimg.com/imgh/49a47cda-c83e-4ff5-889e-939b863d6e8eG.jpg","https://www.habitaclia.com/i32361000003098","2023-12-07","960714992<br> 655121880","info@valenciamacasa.com","No","Muy bueno","","No","No contactado","1593","4","2","130","1300","10","208","Alta"
"milanuncios","517409640","Alquiler","Plurifamiliar","València","46009","Valencia","Valencia","La Saïdia","Sant Antoni","39.4907758012","-0.3705192988","5","Profesional","PRINCESA INMOBILIARIA","No","Sí","No","No","No","No","No","No","https://images.habimg.com/imgh/044adae9-e669-46f9-8dde-60c4ed6ce5bcG.jpg","https://www.milanuncios.com/anuncios/r517409640.htm","2024-06-21","960963418","princesainmobiliariaaaaa@realestate.com","No","","","No","No contactado","1594","3","1","87","1100","12","11","Alta"
"milanuncios","479707729","Alquiler","Plurifamiliar","València","46022","Valencia","Valencia","Algirós","Ciutat Jardí","39.4764201012","-0.3426998988","5","Profesional","Valencia Ma Casa","Sí","Sí","No","No","No","No","No","No","https://images.habimg.com/imgh/2ea32211-d25a-4191-bb21-00154a541689G.jpg","https://www.milanuncios.com/anuncios/r479707729.htm","2023-03-08","962940167","valenciamacasa388d@realestate.com","No","","","No","No contactado","1595","4","2","125","1400","11","482","Alta"
"milanuncios","479707729","Alquiler","Plurifamiliar","València","46022","Valencia","Valencia","Algirós","Ciutat Jardí","39.4764201012","-0.3426998988","5","Profesional","Valencia Ma Casa","Sí","Sí","No","No","No","No","No","No","https://images.habimg.com/imgh/2ea32211-d25a-4191-bb21-00154a541689G.jpg","https://www.milanuncios.com/anuncios/r479707729.htm","2023-03-08","962940167","valenciamacasa388d@realestate.com","No","","","No","No contactado","1596","4","2","125","1400","11","482","Alta"
"habitaclia","21-58749","Alquiler","Plurifamiliar","","","Valencia","Valencia","Algirós","L'Amistat","39.47252","-0.35323","1","Profesional","LLAVE 90 BLASCO IBAÑEZ","Sí","No","No","No","No","No","No","No","https://images.habimg.com/imgh/0062470c-aafd-4167-8452-3795d5478adeG.jpg","https://www.habitaclia.com/i9999000000397","2024-06-27","963285285","sdiaz@llave90.com","No","Muy bueno","","No","No contactado","1597","5","2","125","1500","12","5","Alta"
"habitaclia","21-58749","Alquiler","Plurifamiliar","","","Valencia","Valencia","Algirós","L'Amistat","39.47252","-0.35323","1","Profesional","LLAVE 90 BLASCO IBAÑEZ","Sí","No","No","No","No","No","No","No","https://images.habimg.com/imgh/0062470c-aafd-4167-8452-3795d5478adeG.jpg","https://www.habitaclia.com/i9999000000397","2024-06-27","963285285","sdiaz@llave90.com","No","Muy bueno","","No","No contactado","1598","5","2","125","1500","12","5","Alta"
"milanuncios","514897544","Alquiler","Plurifamiliar","València","46005","Valencia","Valencia","L'Eixample","Zona Gran Via","39.4664901012","-0.3659598988","5","Profesional","SARA ANGELA RAMON SANTA MARIA","Sí","Sí","No","No","No","No","No","No","https://images.habimg.com/imgh/294578c4-a9b4-48bc-98db-b05b5fb46fe4G.jpg","https://www.milanuncios.com/anuncios/r514897544.htm","2024-05-29","960964624","donagermanainmobiliaria1d59@realestate.com","No","","","No","No contactado","1599","5","1","111","1600","14","34","Alta"
"Fotocasa","","Alquiler","Plurifamiliar","Piso en Alquiler en  Carrer de l'Historiador Diago, 14, Arrancapins","46007","Valencia","Valencia","Extramurs","Arrancapins","39.4673287","-0.3846574","","Particular","ramiro.fornas","Sí","Sí","No","No","No","No","No","No","","https://www.fotocasa.es/Building/Building_Detail.aspx?ai=183292388&tti=1","2024-05-15","666404749","ramiro.fornas@gmail.com","No","Muy bueno","","No","No contactado","1600","3","2","150","1550","10","48","Alta"
"habitaclia","E076-01213","Alquiler","Plurifamiliar","","","Valencia","Valencia","Ciutat Vella","El Pilar","39.4721266943","-0.3833668801","4","Profesional","Primer Grupo Turia","Sí","Sí","No","No","No","No","No","No","https://images.habimg.com/imgh/03e94ca1-170a-4cb3-bb0c-190f5a0644ffG.jpg","https://www.habitaclia.com/i12140000000500","2024-06-12","960712509","ofranco@primergrupo.com,i.primergrupoturia.4823@inmovilla.com","No","Muy bueno","","No","No contactado","1601","3","1","85","1300","15","20","Alta"
"habitaclia","4570136","Alquiler","Plurifamiliar","Pso luminoso zona eixample/gran via. centro vlc","46005","Valencia","Valencia","L'Eixample","Zona Gran Via","39.4644532","-0.3645428","3","Particular","","No","Sí","No","No","No","No","No","No","https://images.habimg.com/imgh/500-img4570136-476445287G.jpg","https://www.habitaclia.com/i500004570136","2024-05-29","679386078","martitta_23@hotmail.com","No","Muy bueno","","No","No contactado","1602","4","1","120","1600","13","34","Alta"
"habitaclia","468-02142","Alquiler","Plurifamiliar","ValenciaPiso","","Valencia","Valencia","Ciutat Vella","El Pilar","39.4753093865","-0.3823667135","2","Profesional","PRINCESA INMOBILIARIA","Sí","Sí","No","No","No","No","No","No","https://images.habimg.com/imgh/1a2d6f55-0b1d-427a-9f17-e75ec9582523G.jpg","https://www.habitaclia.com/i8049003989275","2024-05-03","960963418","info@inmoprincesa.es","No","Muy bueno","","No","No contactado","1603","1","1","60","1100","18","60","Alta"
"milanuncios","501851494","Alquiler","Plurifamiliar","València","46010","Valencia","Valencia","El Pla del Real","Jaume Roig","39.4816471012","-0.3633268988","","Profesional","EV MMC SPAIN  S L U","Sí","Sí","No","No","No","No","Sí","No","https://images.habimg.com/imgh/039844dd-f45f-46a4-8d30-e945d9a1d40bG.jpg","https://www.milanuncios.com/anuncios/r501851494.htm","2023-12-14","961287313","engelvolkers809d@realestate.com","No","","","No","No contactado","1604","2","1","105","1300","12","201","Alta"
"habitaclia","I-00L0E5-W-02WAX8","Alquiler","Plurifamiliar","Propiedad reformada en Botánico","","Valencia","Valencia","Extramurs","Zona Botánico","39.4751571786","-0.3866398214","3","Profesional","Engel & Völkers","Sí","No","No","No","No","No","No","No","https://images.habimg.com/imgh/0813ab08-8180-4c3e-abb9-b57a2ae9140fG.jpg","https://www.habitaclia.com/i5953003369049","2024-06-27","963517897","valencia@engelvoelkers.com","No","Muy bueno","","No","No contactado","1605","1","1","39","950","24","5","Alta"
"milanuncios","517562600","Alquiler","Plurifamiliar","València","46020","Valencia","Valencia","Benimaclet","Camí de Vera","39.4847336012","-0.3513102988","6","Profesional","VICENTE GARCÍA  JOSE ANGEL","Sí","Sí","No","No","No","No","No","No","https://images.habimg.com/imgh/012c8ae9-9b0d-49ba-a1a0-dbebf290b730G.jpg","https://www.milanuncios.com/anuncios/r517562600.htm","2024-06-24","961281558","alameda10dt69e2@realestate.com","No","","","No","No contactado","1606","1","1","40","900","22","8","Alta"
"habitaclia","475-02348.1","Alquiler","Plurifamiliar","ValenciaPiso","","Valencia","Valencia","La Saïdia","Sant Antoni","39.4887998786","-0.3724952214","5","Profesional","PRINCESA INMOBILIARIA","No","Sí","No","No","No","No","No","No","https://images.habimg.com/imgh/044adae9-e669-46f9-8dde-60c4ed6ce5bcG.jpg","https://www.habitaclia.com/i8049003989284","2024-06-21","960963418","info@inmoprincesa.es","No","Muy bueno","","No","No contactado","1607","3","1","87","1100","12","11","Alta"
"milanuncios","517299295","Alquiler","Plurifamiliar","València","46011","Valencia","Valencia","Poblats Marítims","El Cabanyal - El Canyamelar","39.4654135299","-0.3283579597","","Profesional","Finaer","Sí","Sí","No","Sí","No","No","No","No","https://images.habimg.com/imgh/013df730-fa11-49fe-a407-ed9fcef67a6bG.jpg","https://www.milanuncios.com/anuncios/r517299295.htm","2024-06-20","696587039","inmobiliariascongarantiafinaere6e5@realestate.com","No","","","No","No contactado","1608","4","1","100","1200","12","12","Alta"
"habitaclia","AV2406018","Alquiler","Plurifamiliar","Piso en alquiler en el Barrio del Pilar, Ciutat Vella.","","Valencia","Valencia","Ciutat Vella","El Pilar","39.4733641786","-0.3820888214","0","Profesional","APROPERTIES REAL ESTATE - VALENCIA","Sí","Sí","No","No","No","No","No","No","https://images.habimg.com/imgh/4737-img3821563-476982927G.jpg","https://www.habitaclia.com/i4737003821563","2024-06-05","961285965","leadsapvalencia@aproperties.es","No","Muy bueno","","No","No contactado","1609","1","1","50","1300","26","27","Alta"
"Fotocasa","","Alquiler","Plurifamiliar","Piso en Alquiler en  Carrer de l'Historiador Diago, 14, Arrancapins","46007","Valencia","Valencia","Extramurs","Arrancapins","39.4673287","-0.3846574","","Particular","ramiro.fornas","Sí","Sí","No","No","No","No","No","No","","https://www.fotocasa.es/Building/Building_Detail.aspx?ai=183292388&tti=1","2024-05-15","666404749","ramiro.fornas@gmail.com","No","Muy bueno","","No","No contactado","1610","3","2","150","1550","10","48","Alta"
"milanuncios","501851494","Alquiler","Plurifamiliar","València","46010","Valencia","Valencia","El Pla del Real","Jaume Roig","39.4816471012","-0.3633268988","","Profesional","EV MMC SPAIN  S L U","Sí","Sí","No","No","No","No","Sí","No","https://images.habimg.com/imgh/039844dd-f45f-46a4-8d30-e945d9a1d40bG.jpg","https://www.milanuncios.com/anuncios/r501851494.htm","2023-12-14","961287313","engelvolkers809d@realestate.com","No","","","No","No contactado","1611","2","1","105","1300","12","201","Alta"
"milanuncios","499204173","Alquiler","Unifamiliar","Patraix - C/ de les Tres Forques","46018","Valencia","Valencia","L'Olivereta","Tres Forques","39.4639434814","-0.4018045962","Bajos","Particular","","Sí","No","No","No","Sí","No","No","No","","https://www.milanuncios.com/anuncios/r499204173.htm","2023-11-13","","","No","","","No","No contactado","1612","4","2","110","70","","232","Muy alta"
"milanuncios","499204173","Alquiler","Unifamiliar","Patraix - C/ de les Tres Forques","46018","Valencia","Valencia","L'Olivereta","Tres Forques","39.4639434814","-0.4018045962","Bajos","Particular","","Sí","No","No","No","Sí","No","No","No","","https://www.milanuncios.com/anuncios/r499204173.htm","2023-11-13","","","No","","","No","No contactado","1613","4","2","110","70","","232","Muy alta"
"milanuncios","487374496","Alquiler","Unifamiliar","El Perellonet","46012","Valencia","Valencia","El Perellonet","","39.3065558012","-0.2902666988","1","Particular","","No","No","Sí","No","Sí","No","No","No","","https://www.milanuncios.com/anuncios/r487374496.htm","2023-05-30","","","No","","","No","No contactado","1614","3","1","70","80","1","399","Muy alta"
"milanuncios","487374496","Alquiler","Unifamiliar","El Perellonet","46012","Valencia","Valencia","El Perellonet","","39.3065558012","-0.2902666988","1","Particular","","No","No","Sí","No","Sí","No","No","No","","https://www.milanuncios.com/anuncios/r487374496.htm","2023-05-30","","","No","","","No","No contactado","1615","3","1","70","80","1","399","Muy alta"
"milanuncios","517440729","Alquiler","Plurifamiliar","València","46023","Valencia","Valencia","Camins al Grau","Penya - Roja - Avda. Francia","39.4585059066","-0.3462591173","","Profesional","SIFONTES TOVAR  YSORA","Sí","Sí","No","No","No","No","No","No","https://images.habimg.com/imgh/01cce10c-3781-4fa4-ae6f-3fb192900deaG.jpg","https://www.milanuncios.com/anuncios/r517440729.htm","2024-06-21","962470236","ysoragestion4c37@realestate.com","No","","","No","No contactado","1616","2","2","107","1300","12","39","Muy alta"
"milanuncios","517845541","Alquiler","Plurifamiliar","València","46011","Valencia","Valencia","Poblats Marítims","La Malva-rosa","39.4771262943","-0.3305165057","","Profesional","SERINFO 1998  S L","Sí","Sí","No","No","No","No","No","No","https://images.habimg.com/imgh/0ddbd73a-da7a-4c86-9ecc-2835f95fbda5G.jpg","https://www.milanuncios.com/anuncios/r517845541.htm","2024-06-27","962641584","serinfo2d96@realestate.com","No","","","No","No contactado","1617","3","2","110","990","9","33","Muy alta"
"Fotocasa","","Alquiler","Plurifamiliar","Apartamento en Alquiler en Ciutat Jardí","46001","Valencia","Valencia","Algirós","Ciutat Jardí","39.4749128236","-0.3467795537","8º","Particular","yoanaarquitectura","No","Sí","No","No","Sí","No","No","No","https://static.fotocasa.es/images/anuncio/2024/05/22/183359656/3875701285.jpg?rule=feeds_1920x1080","https://www.fotocasa.es/Building/Building_Detail.aspx?ai=183359656&tti=1","2024-05-22","673751223","yoanaarquitectura@gmail.com","No","Muy bueno","","No","No contactado","1618","2","1","68","1200","17","41","Muy alta"
"Fotocasa","","Alquiler","Plurifamiliar","Apartamento en Alquiler en Ciutat Jardí","46001","Valencia","Valencia","Algirós","Ciutat Jardí","39.4749128236","-0.3467795537","8º","Particular","yoanaarquitectura","No","Sí","No","No","Sí","No","No","No","https://static.fotocasa.es/images/anuncio/2024/05/22/183359656/3875701285.jpg?rule=feeds_1920x1080","https://www.fotocasa.es/Building/Building_Detail.aspx?ai=183359656&tti=1","2024-05-22","673751223","yoanaarquitectura@gmail.com","No","Muy bueno","","No","No contactado","1619","2","1","68","1200","17","41","Muy alta"
"milanuncios","516607412","Alquiler","Unifamiliar","bixquert Xativa 46800","46002","Las Carceles (Ribera)","Valencia","Ciutat Vella","Sant Francesc","39.4695824012","-0.3753870988","1","Particular","","No","No","No","Sí","Sí","Sí","Sí","No","","https://www.milanuncios.com/anuncios/r516607412.htm","2024-06-13","","","No","","","No","No contactado","1620","3","1","160","3","","19","Muy alta"
"milanuncios","516607412","Alquiler","Unifamiliar","bixquert Xativa 46800","46002","Las Carceles (Ribera)","Valencia","Ciutat Vella","Sant Francesc","39.4695824012","-0.3753870988","1","Particular","","No","No","No","Sí","Sí","Sí","Sí","No","","https://www.milanuncios.com/anuncios/r516607412.htm","2024-06-13","","","No","","","No","No contactado","1621","3","1","160","3","","19","Muy alta"
"milanuncios","508841952","Alquiler","Unifamiliar","Cabañal - C/ de Montant","46011","Valencia","Valencia","Poblats Marítims","El Cabanyal - El Canyamelar","39.4658048","-0.3266747","Bajos","Particular","","Sí","No","No","No","No","No","No","No","","https://www.milanuncios.com/anuncios/r508841952.htm","2024-03-11","","","Sí","","","No","No contactado","1622","1","1","35","799","22","113","Muy alta"
"milanuncios","508841952","Alquiler","Unifamiliar","Cabañal - C/ de Montant","46011","Valencia","Valencia","Poblats Marítims","El Cabanyal - El Canyamelar","39.4658048","-0.3266747","Bajos","Particular","","Sí","No","No","No","No","No","No","No","","https://www.milanuncios.com/anuncios/r508841952.htm","2024-03-11","","","Sí","","","No","No contactado","1623","1","1","35","799","22","113","Muy alta"
"milanuncios","517272131","Alquiler","Plurifamiliar","València","46021","Valencia","Valencia","El Pla del Real","Mestalla","39.4753589988","-0.3521545882","","Profesional","Finaer","No","Sí","No","No","No","No","No","No","https://images.habimg.com/imgh/083c17d4-b310-4bbd-b939-49b3e9795b92G.jpg","https://www.milanuncios.com/anuncios/r517272131.htm","2024-06-19","696587039","inmobiliariascongarantiafinaere6e5@realestate.com","No","","","No","No contactado","1624","4","2","80","1500","18","13","Muy alta"
"habitaclia","00035VMC","Alquiler","Plurifamiliar","","","Valencia","Valencia","Algirós","La Bega Baixa - Plaza Xúquer","39.4743117865","-0.3489182135","2","Profesional","VALENCIA MA CASA","Sí","Sí","No","No","No","No","No","No","https://images.habimg.com/imgh/05b27929-fd70-44a3-928e-48846c55f8c5G.jpg","https://www.habitaclia.com/i32361000003412","2024-05-11","960714992<br> 655121880","info@valenciamacasa.com","No","Muy bueno","","No","No contactado","1625","4","2","100","1300","13","52","Muy alta"
"milanuncios","517272131","Alquiler","Plurifamiliar","València","46021","Valencia","Valencia","El Pla del Real","Mestalla","39.4753589988","-0.3521545882","","Profesional","Finaer","No","Sí","No","No","No","No","No","No","https://images.habimg.com/imgh/083c17d4-b310-4bbd-b939-49b3e9795b92G.jpg","https://www.milanuncios.com/anuncios/r517272131.htm","2024-06-19","696587039","inmobiliariascongarantiafinaere6e5@realestate.com","No","","","No","No contactado","1626","4","2","80","1500","18","13","Muy alta"
"habitaclia","00035VMC","Alquiler","Plurifamiliar","","","Valencia","Valencia","Algirós","La Bega Baixa - Plaza Xúquer","39.4743117865","-0.3489182135","2","Profesional","VALENCIA MA CASA","Sí","Sí","No","No","No","No","No","No","https://images.habimg.com/imgh/05b27929-fd70-44a3-928e-48846c55f8c5G.jpg","https://www.habitaclia.com/i32361000003412","2024-05-11","960714992<br> 655121880","info@valenciamacasa.com","No","Muy bueno","","No","No contactado","1627","4","2","100","1300","13","52","Muy alta"
"milanuncios","517032639","Alquiler","Plurifamiliar","Ayora - Carrer de Peris Brell","46022","Valencia","Valencia","Camins al Grau","Aiora","39.4667787","-0.3468304","3","Particular","","No","No","No","No","No","No","No","No","","https://www.milanuncios.com/anuncios/r517032639.htm","2024-06-17","","","No","","","No","No contactado","1628","4","1","80","1100","13","13","Muy alta"
"habitaclia","RTQ_3563","Alquiler","Plurifamiliar","Piso en alquiler en La Petxina","","Valencia","Valencia","Extramurs","La Petxina","39.4750098888","-0.3921286268","4","Profesional","Racasa Torres de Quart","No","Sí","No","No","No","No","No","No","https://images.habimg.com/imgh/061a0e61-f70a-489b-a786-5f99ca9e6356G.jpg","https://www.habitaclia.com/i10195003734728","2024-07-12","695674672","comercial@racasa.es","No","Muy bueno","","No","No contactado","1629","4","2","100","1550","15","18","Muy alta"
"Fotocasa","MOVA-VI-20-151","Alquiler","Plurifamiliar","Piso en Alquiler en El Saler","46012","Valencia","Valencia","El Saler","","39.3842589003","-0.3335110997","","Profesional","Zittus Managemet","No","No","No","No","No","No","No","No","https://static.fotocasa.es/images/anuncio/2024/07/24/183916815/3995348148.jpg?rule=feeds_1920x1080","https://www.fotocasa.es/Building/Building_Detail.aspx?ai=183916815&tti=2","2024-07-24","960990294","aimi-valencia@zittus.com","No","Muy bueno","","No","No contactado","1630","3","2","90","1660","18","6","Baja"
"milanuncios","518069376","Alquiler","Unifamiliar","En Corts - C/ de la Fonteta de Sant Llu","46006","Valencia","Valencia","Quatre Carreres","En Corts - Doctor Waksman","39.455356","-0.3717377","Bajos","Particular","","Sí","No","No","No","No","No","No","No","","https://www.milanuncios.com/anuncios/r518069376.htm","2024-06-30","","","No","","","No","No contactado","1631","2","1","62","110","1","30","Muy alta"
"milanuncios","520470364","Alquiler","Plurifamiliar","València","46010","Valencia","Valencia","La Saïdia","Trinitat","39.4817874943","-0.3719750057","3","Profesional","IPISOS","Sí","Sí","No","No","No","No","No","No","https://images.habimg.com/imgh/033ea91e-05f6-493d-829b-f4d8a4f3af35G.jpg","https://www.milanuncios.com/anuncios/r520470364.htm","2024-07-25","962949187","ipisosb78b@realestate.com","No","","","No","No contactado","1632","4","2","100","1900","19","5","Baja"
"milanuncios","520684533","Alquiler","Plurifamiliar","València","46009","Valencia","Valencia","La Saïdia","Marxalenes","39.4833466243","-0.3817164477","","Profesional","Ml Strategic Properties S L","No","Sí","No","No","No","No","No","No","https://images.habimg.com/imgh/0e4c6a1e-92a5-47b9-ad31-5bea629ad681G.jpg","https://www.milanuncios.com/anuncios/r520684533.htm","2024-07-29","962646172","holainmobiliariaab2f@realestate.com","No","","","No","No contactado","1633","2","1","80","1100","13","1","Baja"
"milanuncios","518222645","Alquiler","Plurifamiliar","València","46020","Valencia","Valencia","Benimaclet","Barrio de Benimaclet","39.4871516563","-0.3575017437","","Profesional","INMOBILIARIA LAURIA","Sí","No","No","No","No","No","No","No","https://images.habimg.com/imgh/08cf5352-24a1-49a9-a391-e6be8d3f174cG.jpg","https://www.milanuncios.com/anuncios/r518222645.htm","2024-07-02","960968667","inmobiliarialauria9d4a@realestate.com","No","","","No","No contactado","1634","3","1","93","1000","10","20","Muy alta"
"milanuncios","517520216","Alquiler","Plurifamiliar","El Grau - C/ de Joan Verdeguer","46024","Valencia","Valencia","Poblats Marítims","El Grau","39.4586843","-0.3360591","3","Particular","","No","Sí","No","No","No","No","No","No","","https://www.milanuncios.com/anuncios/r517520216.htm","2024-06-23","","","No","","","No","No contactado","1635","2","1","58","950","16","18","Muy alta"
"milanuncios","517735618","Alquiler","Plurifamiliar","València","46008","Valencia","Valencia","Extramurs","Zona Botánico","39.4733456614","-0.3878694386","","Profesional","MRH GESTIONES INMOBILIARIAS","Sí","No","No","No","No","No","No","No","https://images.habimg.com/imgh/076ff3ec-832d-4837-95c0-d9f24973a1a5G.jpg","https://www.milanuncios.com/anuncios/r517735618.htm","2024-06-26","962470837","mrhgestionesinmobiliariasaad1@realestate.com","No","","","No","No contactado","1636","1","1","55","750","13","29","Muy alta"
"milanuncios","518049011","Alquiler","Plurifamiliar","Avenida de Francia","46022","Valencia","Valencia","Camins al Grau","Aiora","39.4706429996","-0.3470899902","5","Particular","","No","Sí","No","No","No","No","No","No","","https://www.milanuncios.com/anuncios/r518049011.htm","2024-06-30","","","No","","","No","No contactado","1637","1","1","15","400","26","5","Muy alta"
"habitaclia","19623","Alquiler","Plurifamiliar","ALQUILER VIVIENDA EN VALENCIA","","Valencia","Valencia","Algirós","L'Illa Perduda","39.4694103865","-0.3416629135","2","Profesional","SERINFO","No","Sí","No","No","No","No","No","No","https://images.habimg.com/imgh/2a4088e3-0eaf-46b0-bf1c-e50eb2b92771G.jpg","https://www.habitaclia.com/i11736002354428","2024-05-30","961134218","atencion@serinfovalencia.com","No","Muy bueno","","No","No contactado","1638","2","1","65","875","13","33","Muy alta"
"habitaclia","283983","Alquiler","Plurifamiliar","Piso en alquiler en Nou Campanar","","Valencia","Valencia","Campanar","Sant Pau - Zona Palau de Congresos - Nou Campanar","39.4765742599","-0.3993857401","0","Profesional","INMOBILIARIA LAURIA","No","Sí","No","No","No","No","No","No","https://images.habimg.com/imgh/03e1e6cd-b8be-4df4-802b-39fd0d900b1cG.jpg","https://www.habitaclia.com/i11611003810805","2024-07-27","963.509.287","aww@inbox.witei.com","No","Muy bueno","","No","No contactado","1639","4","2","113","1200","10","2","Muy alta"
"milanuncios","517260317","Alquiler","Plurifamiliar","València","46022","Valencia","Valencia","Camins al Grau","Aiora","39.4695449331","-0.3463931905","","Profesional","Finaer","Sí","Sí","No","No","No","No","No","No","https://images.habimg.com/imgh/044a6f8a-f220-4bd6-b0cc-5612e93c7da2G.jpg","https://www.milanuncios.com/anuncios/r517260317.htm","2024-06-19","696587039","inmobiliariascongarantiafinaere6e5@realestate.com","No","","","No","No contactado","1640","3","2","90","1100","12","13","Muy alta"
"habitaclia","4570822","Alquiler","Plurifamiliar","Benimàmet / Carrer de Gavarda","","Valencia","Valencia","Benimàmet","","39.4995849","-0.4254982","0","Particular","","No","Sí","No","No","No","No","No","No","https://images.habimg.com/imgh/500-img4570822-476893143G.jpg","https://www.habitaclia.com/i500004570822","2024-06-03","683285384","info@elorriagalopez.es","No","Muy bueno","","No","No contactado","1641","3","1","86","1200","13","29","Muy alta"
"milanuncios","517260317","Alquiler","Plurifamiliar","València","46022","Valencia","Valencia","Camins al Grau","Aiora","39.4695449331","-0.3463931905","","Profesional","Finaer","Sí","Sí","No","No","No","No","No","No","https://images.habimg.com/imgh/044a6f8a-f220-4bd6-b0cc-5612e93c7da2G.jpg","https://www.milanuncios.com/anuncios/r517260317.htm","2024-06-19","696587039","inmobiliariascongarantiafinaere6e5@realestate.com","No","","","No","No contactado","1642","3","2","90","1100","12","13","Muy alta"
"milanuncios","517845541","Alquiler","Plurifamiliar","València","46011","Valencia","Valencia","Poblats Marítims","La Malva-rosa","39.4796636012","-0.3279791988","","Profesional","SERINFO 1998  S L","Sí","Sí","No","No","No","No","No","No","https://images.habimg.com/imgh/0ddbd73a-da7a-4c86-9ecc-2835f95fbda5G.jpg","https://www.milanuncios.com/anuncios/r517845541.htm","2024-06-27","962641584","serinfo2d96@realestate.com","No","","","No","No contactado","1643","3","2","110","990","9","5","Muy alta"
"milanuncios","516307587","Alquiler","Plurifamiliar","València","46014","Valencia","Valencia","Patraix","Sant Isidre","39.4546913502","-0.4006398938","","Profesional","Inmo Real Estate Valencia  S L","No","Sí","No","No","No","No","No","No","https://images.habimg.com/imgh/0a105992-0f4d-4a20-bf55-6ce83f14f77cG.jpg","https://www.milanuncios.com/anuncios/r516307587.htm","2024-06-11","962647012","iconinmobiliariade76@realestate.com","No","","","No","No contactado","1644","3","1","83","1000","12","21","Muy alta"
"milanuncios","517845541","Alquiler","Plurifamiliar","València","46011","Valencia","Valencia","Poblats Marítims","La Malva-rosa","39.4796636012","-0.3279791988","","Profesional","SERINFO 1998  S L","Sí","Sí","No","No","No","No","No","No","https://images.habimg.com/imgh/0ddbd73a-da7a-4c86-9ecc-2835f95fbda5G.jpg","https://www.milanuncios.com/anuncios/r517845541.htm","2024-06-27","962641584","serinfo2d96@realestate.com","No","","","No","No contactado","1645","3","2","110","990","9","5","Muy alta"
"habitaclia","19623","Alquiler","Plurifamiliar","ALQUILER VIVIENDA EN VALENCIA","","Valencia","Valencia","Algirós","L'Illa Perduda","39.4694103865","-0.3416629135","2","Profesional","SERINFO","No","Sí","No","No","No","No","No","No","https://images.habimg.com/imgh/2a4088e3-0eaf-46b0-bf1c-e50eb2b92771G.jpg","https://www.habitaclia.com/i11736002354428","2024-05-30","961134218","atencion@serinfovalencia.com","No","Muy bueno","","No","No contactado","1646","2","1","65","875","13","33","Muy alta"
"milanuncios","516307587","Alquiler","Plurifamiliar","València","46014","Valencia","Valencia","Patraix","Sant Isidre","39.4546913502","-0.4006398938","","Profesional","Inmo Real Estate Valencia  S L","No","Sí","No","No","No","No","No","No","https://images.habimg.com/imgh/0a105992-0f4d-4a20-bf55-6ce83f14f77cG.jpg","https://www.milanuncios.com/anuncios/r516307587.htm","2024-06-11","962647012","iconinmobiliariade76@realestate.com","No","","","No","No contactado","1647","3","1","83","1000","12","21","Muy alta"
"habitaclia","4570822","Alquiler","Plurifamiliar","Benimàmet / Carrer de Gavarda","","Valencia","Valencia","Benimàmet","","39.4995849","-0.4254982","0","Particular","","No","Sí","No","No","No","No","No","No","https://images.habimg.com/imgh/500-img4570822-476893143G.jpg","https://www.habitaclia.com/i500004570822","2024-06-03","683285384","info@elorriagalopez.es","No","Muy bueno","","No","No contactado","1648","3","1","86","1200","13","29","Muy alta"
"habitaclia","01108VMC","Alquiler","Plurifamiliar","","","Valencia","Valencia","Camins al Grau","Penya - Roja - Avda. Francia","39.4591060722","-0.3426739278","0","Profesional","VALENCIA MA CASA","Sí","Sí","Sí","No","No","Sí","No","Sí","https://images.habimg.com/imgh/079965d3-ba8a-4d61-8095-46f576c9c0ddG.jpg","https://www.habitaclia.com/i32361000003090","2023-12-04","960714992<br> 655121880","info@valenciamacasa.com","No","Muy bueno","","No","No contactado","1649","2","2","100","1400","14","239","Muy alta"
"habitaclia","027726","Alquiler","Plurifamiliar","Loft en alquiler en Patraix","","Valencia","Valencia","Patraix","Vara de Quart","39.4623031108","-0.4115142707","1","Profesional","KASABIBA","Sí","Sí","Sí","No","No","No","No","No","https://images.habimg.com/imgh/0398770e-6b5f-4777-a782-230dde2e4133G.jpg","https://www.habitaclia.com/i8448000009240","2024-07-10","963854700","kasabiba@kasabiba.com","No","Muy bueno","","No","No contactado","1650","1","1","114","1150","10","20","Muy alta"
"milanuncios","479724188","Alquiler","Plurifamiliar","València","46022","Valencia","Valencia","Camins al Grau","Aiora","39.4668427943","-0.3479772057","","Profesional","Valencia Ma Casa","Sí","Sí","No","No","No","No","No","No","https://images.habimg.com/imgh/103b968e-bc0c-49b4-8b6b-fc6010ca4b83G.jpg","https://www.milanuncios.com/anuncios/r479724188.htm","2023-03-08","962940167","valenciamacasa388d@realestate.com","No","","","No","No contactado","1651","3","2","90","1200","13","510","Muy alta"
"milanuncios","515618496","Alquiler","Plurifamiliar","Universidades - C/ de l''Enginyer Fausto","46011","Valencia","Valencia","Poblats Marítims","La Malva-rosa","39.4803534","-0.3323792","3","Particular","","No","Sí","No","No","No","No","No","No","","https://www.milanuncios.com/anuncios/r515618496.htm","2024-06-05","","","No","","","No","No contactado","1652","2","1","61","1400","22","55","Muy alta"
"milanuncios","520240354","Alquiler","Plurifamiliar","Centro - Carrer Adresadors","46001","Valencia","Valencia","Ciutat Vella","El Mercat","39.4718313","-0.3792866","4","Particular","","No","Sí","No","No","No","No","No","No","","https://www.milanuncios.com/anuncios/r520240354.htm","2024-07-22","","","No","","","No","No contactado","1653","3","1","85","1250","14","8","Muy alta"
"habitaclia","5445","Alquiler","Plurifamiliar","ALQUILER VIVIENDA EN VALENCIA","","Valencia","Valencia","La Saïdia","Marxalenes","39.4863166722","-0.3787958278","5","Profesional","SERINFO","Sí","Sí","No","No","No","No","No","No","https://images.habimg.com/imgh/66f77ba5-70fd-4128-9156-33ef71a7e548G.jpg","https://www.habitaclia.com/i11736002354469","2024-06-20","963293802","atencion@serinfovalencia.com","No","Muy bueno","","No","No contactado","1654","1","2","46","825","17","40","Muy alta"
"milanuncios","487374496","Alquiler","Unifamiliar","El Perellonet","46012","Valencia","Valencia","El Perellonet","","39.3040184943","-0.2928040057","1","Particular","","No","No","Sí","No","Sí","No","No","No","","https://www.milanuncios.com/anuncios/r487374496.htm","2023-05-30","","","No","","","No","No contactado","1655","3","1","70","80","1","427","Muy alta"
"habitaclia","5445","Alquiler","Plurifamiliar","ALQUILER VIVIENDA EN VALENCIA","","Valencia","Valencia","La Saïdia","Marxalenes","39.4863166722","-0.3787958278","5","Profesional","SERINFO","Sí","Sí","No","No","No","No","No","No","https://images.habimg.com/imgh/66f77ba5-70fd-4128-9156-33ef71a7e548G.jpg","https://www.habitaclia.com/i11736002354469","2024-06-20","963293802","atencion@serinfovalencia.com","No","Muy bueno","","No","No contactado","1656","1","2","46","825","17","40","Muy alta"
"habitaclia","4546756","Alquiler","Plurifamiliar","La Bega Baixa - Plaza Xúquer / Plaça del Poeta Vic","","Valencia","Valencia","Algirós","La Bega Baixa - Plaza Xúquer","39.4777663","-0.3494968","0","Particular","","No","No","No","No","No","No","No","No","https://images.habimg.com/imgh/500-img4546756-459758122G.jpg","https://www.habitaclia.com/i500004546756","2024-02-03","675764484","rafermom@gmail.com","No","Muy bueno","","No","No contactado","1657","3","2","130","1100","8","150","Muy alta"
"habitaclia","4546756","Alquiler","Plurifamiliar","La Bega Baixa - Plaza Xúquer / Plaça del Poeta Vic","","Valencia","Valencia","Algirós","La Bega Baixa - Plaza Xúquer","39.4777663","-0.3494968","0","Particular","","No","No","No","No","No","No","No","No","https://images.habimg.com/imgh/500-img4546756-459758122G.jpg","https://www.habitaclia.com/i500004546756","2024-02-03","675764484","rafermom@gmail.com","No","Muy bueno","","No","No contactado","1658","3","2","130","1100","8","150","Muy alta"
"milanuncios","518081920","Alquiler","Plurifamiliar","Marxalenes - Camí de Montcada","46025","Valencia","Valencia","Poble Nou","","39.50464","-0.3837369","3","Particular","","No","No","No","No","No","No","No","No","","https://www.milanuncios.com/anuncios/r518081920.htm","2024-06-30","","","No","","","No","No contactado","1659","1","1","15","300","20","9","Muy alta"
"Fotocasa","","Alquiler","Plurifamiliar","Ático en Alquiler en La Malva-rosa","46001","Valencia","Valencia","Poblats Marítims","La Malva-rosa","39.4792234315","-0.3282790766","8º","Particular","tabletpc0010","No","Sí","Sí","No","Sí","Sí","Sí","No","https://static.fotocasa.es/images/anuncio/2024/06/21/183642533/3911565593.jpg?rule=feeds_1920x1080","https://www.fotocasa.es/Building/Building_Detail.aspx?ai=183642533&tti=1","2024-06-21","655611691","tabletpc0010@gmail.com","No","Muy bueno","","No","No contactado","1660","2","2","200","2800","14","11","Muy alta"
"milanuncios","517260317","Alquiler","Plurifamiliar","València","46022","Valencia","Valencia","Camins al Grau","Aiora","39.4689307101","-0.3470074136","","Profesional","Finaer","Sí","Sí","No","No","No","No","No","No","https://images.habimg.com/imgh/044a6f8a-f220-4bd6-b0cc-5612e93c7da2G.jpg","https://www.milanuncios.com/anuncios/r517260317.htm","2024-06-19","962471295","inmobiliariascongarantiafinaere6e5@realestate.com","No","","","No","No contactado","1661","3","2","90","1100","12","22","Muy alta"
"Fotocasa","","Alquiler","Plurifamiliar","Ático en Alquiler en La Malva-rosa","46001","Valencia","Valencia","Poblats Marítims","La Malva-rosa","39.4792234315","-0.3282790766","8º","Particular","tabletpc0010","No","Sí","Sí","No","Sí","Sí","Sí","No","https://static.fotocasa.es/images/anuncio/2024/06/21/183642533/3911565593.jpg?rule=feeds_1920x1080","https://www.fotocasa.es/Building/Building_Detail.aspx?ai=183642533&tti=1","2024-06-21","655611691","tabletpc0010@gmail.com","No","Muy bueno","","No","No contactado","1662","2","2","200","2800","14","11","Muy alta"
"habitaclia","P3379","Alquiler","Plurifamiliar","Bonita vivienda en Marchalenes","","Valencia","Valencia","La Saïdia","Marxalenes","39.4867028598","-0.3810684402","2","Profesional","Person Inmobiliaria","Sí","Sí","No","No","No","No","No","No","https://images.habimg.com/imgh/0f28c23a-0697-4299-8728-a463dbd565c8G.jpg","https://www.habitaclia.com/i33945000001703","2024-06-04","605865417","info@personinmobiliaria.com","No","Muy bueno","","No","No contactado","1663","3","2","109","1250","11","52","Muy alta"
"Fotocasa","","Alquiler","Plurifamiliar","Piso en Alquiler en calle Carrer de Cadis, 33, Russafa","46004","Valencia","Valencia","L'Eixample","Russafa","39.4624096","-0.3738607","","Particular","javiergarciaidealista","Sí","No","No","No","No","No","No","No","https://static.fotocasa.es/images/anuncio/2023/10/04/179345602/3385764791.jpg?rule=feeds_1920x1080","https://www.fotocasa.es/Building/Building_Detail.aspx?ai=179345602&tti=1","2023-10-09","672839035","javiergarciaidealista@gmail.com","No","Muy bueno","","No","No contactado","1664","2","1","110","1800","16","295","Muy alta"
"milanuncios","514923861","Alquiler","Unifamiliar","El Perellonet - Carrer de l''Escotilla","46012","Valencia","Valencia","El Perellonet","","39.279274","-0.2788238","2","Particular","","No","Sí","No","No","Sí","No","No","No","","https://www.milanuncios.com/anuncios/r514923861.htm","2024-05-29","","","No","","","No","No contactado","1665","2","1","60","550","9","62","Muy alta"
"milanuncios","516020703","Alquiler","Unifamiliar","San Antonio - C/ de Jesús","46007","Valencia","Valencia","Extramurs","Arrancapins","39.4641534","-0.3851587","8","Particular","","No","Sí","Sí","No","Sí","No","No","No","","https://www.milanuncios.com/anuncios/r516020703.htm","2024-06-08","","","No","","","No","No contactado","1666","2","2","70","1400","20","52","Muy alta"
"milanuncios","408227718","Alquiler","Unifamiliar","Arrancapins - Av. de Giorgeta","46007","Valencia","Valencia","Jesús","La Raïosa","39.4584878","-0.384095","1","Particular","","No","No","No","No","No","No","No","No","","https://www.milanuncios.com/anuncios/r408227718.htm","2021-07-03","","","No","","","No","No contactado","1667","5","2","130","45","","1095","Muy alta"
"milanuncios","408227718","Alquiler","Unifamiliar","Arrancapins - Av. de Giorgeta","46007","Valencia","Valencia","Jesús","La Raïosa","39.4584878","-0.384095","1","Particular","","No","No","No","No","No","No","No","No","","https://www.milanuncios.com/anuncios/r408227718.htm","2021-07-03","","","No","","","No","No contactado","1668","5","2","130","45","","1095","Muy alta"
"milanuncios","516965821","Alquiler","Plurifamiliar","Marxalenes - Avinguda de Portugal","46009","Valencia","Valencia","La Saïdia","Marxalenes","39.4873641","-0.3812505","6","Particular","","No","Sí","No","No","No","No","No","No","","https://www.milanuncios.com/anuncios/r516965821.htm","2024-06-17","","","No","","","No","No contactado","1669","3","1","100","1000","10","15","Muy alta"
"milanuncios","516965821","Alquiler","Plurifamiliar","Marxalenes - Avinguda de Portugal","46009","Valencia","Valencia","La Saïdia","Marxalenes","39.4873641","-0.3812505","6","Particular","","No","Sí","No","No","No","No","No","No","","https://www.milanuncios.com/anuncios/r516965821.htm","2024-06-17","","","No","","","No","No contactado","1670","3","1","100","1000","10","15","Muy alta"
"milanuncios","516293133","Alquiler","Plurifamiliar","València","46011","Valencia","Valencia","Poblats Marítims","El Cabanyal - El Canyamelar","39.4730971679","-0.3270075321","3","Profesional","SERINFO 1998  S L","Sí","No","No","No","No","No","No","No","https://images.habimg.com/imgh/17e344df-98a1-4de2-84f1-22129a47e907G.jpg","https://www.milanuncios.com/anuncios/r516293133.htm","2024-06-11","962641584","serinfo2d96@realestate.com","No","","","No","No contactado","1671","2","1","80","900","11","31","Muy alta"
"habitaclia","PS0001D","Alquiler","Plurifamiliar","","","Valencia","Valencia","Camins al Grau","Penya - Roja - Avda. Francia","39.4590672909","-0.3456977331","6","Profesional","Ysora Gestión","Sí","Sí","No","No","Sí","Sí","No","No","https://images.habimg.com/imgh/01cce10c-3781-4fa4-ae6f-3fb192900deaG.jpg","https://www.habitaclia.com/i47277000000017","2024-06-21","656193038","ymsifontes@ysoragestion.com","No","Muy bueno","","No","No contactado","1672","2","2","107","1300","12","11","Muy alta"
"milanuncios","514350597","Alquiler","Plurifamiliar","Valencia Capital - C/ Gayano Lluch","46025","Valencia","Valencia","Rascanya","Torrefiel","39.4916245509","-0.3807227476","","Profesional","SOLVIA SERVICIOS INMOBILIARIOS SL","No","Sí","No","No","No","No","No","No","https://images.habimg.com/imgh/44419-img2666-475918944G.jpg","https://www.milanuncios.com/anuncios/r514350597.htm","2024-05-23","966530723","solviaserviciosinmobiliariossl43a1@realestate.com","No","","","No","No contactado","1673","3","1","67","915","13","40","Muy alta"
"milanuncios","515622919","Alquiler","Plurifamiliar","Jesús - Carrer de Rafael Lapesa Melgar","46017","Valencia","Valencia","Jesús","Camí Real","39.4395111","-0.3879104","8","Particular","","No","Sí","No","No","No","Sí","Sí","No","","https://www.milanuncios.com/anuncios/r515622919.htm","2024-06-05","","","No","","","No","No contactado","1674","2","1","70","1200","17","27","Muy alta"
"habitaclia","PS0001D","Alquiler","Plurifamiliar","","","Valencia","Valencia","Camins al Grau","Penya - Roja - Avda. Francia","39.4590672909","-0.3456977331","6","Profesional","Ysora Gestión","Sí","Sí","No","No","Sí","Sí","No","No","https://images.habimg.com/imgh/01cce10c-3781-4fa4-ae6f-3fb192900deaG.jpg","https://www.habitaclia.com/i47277000000017","2024-06-21","656193038","ymsifontes@ysoragestion.com","No","Muy bueno","","No","No contactado","1675","2","2","107","1300","12","11","Muy alta"
"Fotocasa","","Alquiler","Plurifamiliar","Piso en Alquiler en  Carrer de Luz Casanova, 24, Sant Antoni","46009","Valencia","Valencia","La Saïdia","Sant Antoni","39.4896603","-0.372779","","Particular","alquilerval3","Sí","Sí","No","No","No","No","No","No","https://static.fotocasa.es/images/anuncio/2024/07/14/183832347/3967559282.jpg?rule=feeds_1920x1080","https://www.fotocasa.es/Building/Building_Detail.aspx?ai=183832347&tti=1","2024-07-14","644589779","alquilerval3@gmail.com","No","Muy bueno","","No","No contactado","1676","3","2","100","1300","13","7","Muy alta"
"milanuncios","514350597","Alquiler","Plurifamiliar","Valencia Capital - C/ Gayano Lluch","46025","Valencia","Valencia","Rascanya","Torrefiel","39.4916245509","-0.3807227476","","Profesional","SOLVIA SERVICIOS INMOBILIARIOS SL","No","Sí","No","No","No","No","No","No","https://images.habimg.com/imgh/44419-img2666-475918944G.jpg","https://www.milanuncios.com/anuncios/r514350597.htm","2024-05-23","966530723","solviaserviciosinmobiliariossl43a1@realestate.com","No","","","No","No contactado","1677","3","1","67","915","13","40","Muy alta"
"milanuncios","515622919","Alquiler","Plurifamiliar","Jesús - Carrer de Rafael Lapesa Melgar","46017","Valencia","Valencia","Jesús","Camí Real","39.4395111","-0.3879104","8","Particular","","No","Sí","No","No","No","Sí","Sí","No","","https://www.milanuncios.com/anuncios/r515622919.htm","2024-06-05","","","No","","","No","No contactado","1678","2","1","70","1200","17","27","Muy alta"
"milanuncios","519765912","Alquiler","Plurifamiliar","València","46009","Valencia","Valencia","La Saïdia","Tormos","39.492258355","-0.374937245","4","Profesional","VICENTE GARCÍA  JOSE ANGEL","Sí","Sí","No","No","No","No","No","No","https://images.habimg.com/imgh/0d5f4593-801b-4e16-89bb-088255c5294aG.jpg","https://www.milanuncios.com/anuncios/r519765912.htm","2024-07-17","961281558","alameda10dt69e2@realestate.com","No","","","No","No contactado","1679","3","1","90","975","10","12","Muy alta"
"milanuncios","511973308","Alquiler","Unifamiliar","Carpesa - C/ de l''Àngel Custodi","46003","Valencia","Valencia","Ciutat Vella","El Carme","39.4776978","-0.377345","2","Particular","","No","No","No","No","No","No","No","No","","https://www.milanuncios.com/anuncios/r511973308.htm","2024-04-25","","","No","","","No","No contactado","1680","2","1","240","215","","96","Muy alta"
"milanuncios","519470533","Alquiler","Plurifamiliar","Nou Moles - C/ de Francisco Moreno Usedo","46018","Valencia","Valencia","L'Olivereta","Nou Moles","39.4721717834","-0.3971672058","5","Particular","","No","Sí","No","No","Sí","No","No","No","","https://www.milanuncios.com/anuncios/r519470533.htm","2024-07-14","","","No","","","No","No contactado","1681","1","1","120","500","4","16","Muy alta"
"habitaclia","4570822","Alquiler","Plurifamiliar","Benimàmet / Carrer de Gavarda","","Valencia","Valencia","Benimàmet","","39.4995849","-0.4254982","0","Particular","","No","Sí","No","No","No","No","No","No","https://images.habimg.com/imgh/500-img4570822-476893143G.jpg","https://www.habitaclia.com/i500004570822","2024-06-03","683285384","info@elorriagalopez.es","No","Muy bueno","","No","No contactado","1682","3","1","86","1200","13","57","Muy alta"
"milanuncios","513400462","Alquiler","Plurifamiliar","Torrefiel - Camí de Montcada","46009","Valencia","Valencia","La Saïdia","Tormos","39.4904094","-0.3783175","4","Particular","","No","No","No","No","No","No","No","No","","https://www.milanuncios.com/anuncios/r513400462.htm","2024-05-12","","","No","","","No","No contactado","1683","2","1","75","850","11","71","Muy alta"
"habitaclia","L-384-X","Alquiler","Plurifamiliar","Piso en Torrefiel","","Valencia","Valencia","Rascanya","Torrefiel","39.4975283122","-0.3717122878","1","Profesional","LAX INMOBILIARIA VALENCIA","No","No","No","No","No","No","No","No","https://images.habimg.com/imgh/0d9dd245-ebb6-40b4-931a-5725c5e58e49G.jpg","https://www.habitaclia.com/i49834000000076","2024-06-25","695956916","info@laxinmobiliaria.com","No","Muy bueno","","No","No contactado","1684","4","1","70","1050","15","13","Muy alta"
"milanuncios","479718171","Alquiler","Plurifamiliar","València","46020","Valencia","Valencia","Benimaclet","Barrio de Benimaclet","39.4877401012","-0.3533998988","","Profesional","Valencia Ma Casa","Sí","Sí","No","No","No","No","No","No","https://images.habimg.com/imgh/08cf909f-5b47-4521-9ef4-da21cb4d1dadG.jpg","https://www.milanuncios.com/anuncios/r479718171.htm","2023-03-08","962940167","valenciamacasa388d@realestate.com","No","","","No","No contactado","1685","4","2","105","1400","13","482","Muy alta"
"milanuncios","517321264","Alquiler","Unifamiliar","Avenida del Puerto - Av. del Port","46022","Valencia","Valencia","Camins al Grau","Aiora","39.464046","-0.3463564","Bajos","Particular","","No","No","No","No","No","No","No","No","","https://www.milanuncios.com/anuncios/r517321264.htm","2024-06-20","","","No","","","No","No contactado","1686","1","1","43","70","1","12","Muy alta"
"habitaclia","19660","Alquiler","Plurifamiliar","ALQUILER VIVIENDA EN VALENCIA","","Valencia","Valencia","Extramurs","Zona Botánico","39.4724447865","-0.3855837135","2","Profesional","SERINFO","No","No","No","No","No","No","No","No","https://images.habimg.com/imgh/12c12d94-282e-44a7-b8cc-7a187acc07b7G.jpg","https://www.habitaclia.com/i11736002354444","2024-06-06","961134218","atencion@serinfovalencia.com","No","Muy bueno","","No","No contactado","1687","1","1","60","900","15","26","Muy alta"
"milanuncios","479718171","Alquiler","Plurifamiliar","València","46020","Valencia","Valencia","Benimaclet","Barrio de Benimaclet","39.4877401012","-0.3533998988","","Profesional","Valencia Ma Casa","Sí","Sí","No","No","No","No","No","No","https://images.habimg.com/imgh/08cf909f-5b47-4521-9ef4-da21cb4d1dadG.jpg","https://www.milanuncios.com/anuncios/r479718171.htm","2023-03-08","962940167","valenciamacasa388d@realestate.com","No","","","No","No contactado","1688","4","2","105","1400","13","482","Muy alta"
"milanuncios","514226542","Alquiler","Plurifamiliar","València","46035","Valencia","Valencia","Benimàmet","","39.5047274012","-0.4178934988","1","Profesional","SERINFO 1998  S L","No","Sí","No","Sí","No","No","No","No","https://images.habimg.com/imgh/127fe8bb-491a-4291-9b63-3b32a636f2f8G.jpg","https://www.milanuncios.com/anuncios/r514226542.htm","2024-05-21","962641584","serinfo2d96@realestate.com","No","","","No","No contactado","1689","3","2","95","900","9","42","Muy alta"
"habitaclia","19660","Alquiler","Plurifamiliar","ALQUILER VIVIENDA EN VALENCIA","","Valencia","Valencia","Extramurs","Zona Botánico","39.4724447865","-0.3855837135","2","Profesional","SERINFO","No","No","No","No","No","No","No","No","https://images.habimg.com/imgh/12c12d94-282e-44a7-b8cc-7a187acc07b7G.jpg","https://www.habitaclia.com/i11736002354444","2024-06-06","961134218","atencion@serinfovalencia.com","No","Muy bueno","","No","No contactado","1690","1","1","60","900","15","26","Muy alta"
"milanuncios","514226542","Alquiler","Plurifamiliar","València","46035","Valencia","Valencia","Benimàmet","","39.5047274012","-0.4178934988","1","Profesional","SERINFO 1998  S L","No","Sí","No","Sí","No","No","No","No","https://images.habimg.com/imgh/127fe8bb-491a-4291-9b63-3b32a636f2f8G.jpg","https://www.milanuncios.com/anuncios/r514226542.htm","2024-05-21","962641584","serinfo2d96@realestate.com","No","","","No","No contactado","1691","3","2","95","900","9","42","Muy alta"
"milanuncios","517321264","Alquiler","Unifamiliar","Avenida del Puerto - Av. del Port","46022","Valencia","Valencia","Camins al Grau","Aiora","39.464046","-0.3463564","Bajos","Particular","","No","No","No","No","No","No","No","No","","https://www.milanuncios.com/anuncios/r517321264.htm","2024-06-20","","","No","","","No","No contactado","1692","1","1","43","70","1","12","Muy alta"
"Fotocasa","AV2407027","Alquiler","Plurifamiliar","Piso en Alquiler en  Pl. de l'Ajuntament, Sant Francesc","46002","Valencia","Valencia","Ciutat Vella","Sant Francesc","39.47024089","-0.37627211","2º","Profesional","APROPERTIES REAL ESTATE - VALENCIA","Sí","Sí","No","No","No","No","No","No","https://static.inmofactory.com/images/inmofactory/documents/1/109791/36003901/662579501.jpg?rule=feeds_1920x1080","https://www.fotocasa.es/Building/Building_Detail.aspx?ai=183763360&tti=2","2024-07-05","960179239","leadsapvalencia@aproperties.es","No","Muy bueno","","No","No contactado","1693","3","3","163","3500","21","25","Muy alta"
"Fotocasa","AYO0036920","Alquiler","Plurifamiliar","Piso en Alquiler en  MARINO ALBESA, 21, Aiora","46022","Valencia","Valencia","Camins al Grau","Aiora","39.46614211","-0.34570765","1º","Profesional","EVERLYHOME ISLA PERDIDA","No","Sí","No","No","No","No","No","No","https://static.fotocasa.es/images/ads/3ab5efc7-484e-47d1-a876-c70cca68654e?rule=feeds_1920x1080","https://www.fotocasa.es/Building/Building_Detail.aspx?ai=183806944&tti=2","2024-07-10","962645802","oficina@everlyhome.es","No","Muy bueno","","No","No contactado","1694","4","4","87","1950","22","20","Muy alta"
"milanuncios","479724047","Alquiler","Plurifamiliar","València","46021","Valencia","Valencia","Algirós","La Bega Baixa - Plaza Xúquer","39.4757427943","-0.3493172057","","Profesional","Valencia Ma Casa","Sí","Sí","No","No","No","No","No","No","https://images.habimg.com/imgh/07c398a5-32c6-4940-977f-5b1a601b559cG.jpg","https://www.milanuncios.com/anuncios/r479724047.htm","2023-03-08","962940167","valenciamacasa388d@realestate.com","No","","","No","No contactado","1695","4","2","130","1570","12","510","Muy alta"
"milanuncios","519781809","Alquiler","Plurifamiliar","València","46019","Valencia","Valencia","Rascanya","Torrefiel","39.4956410943","-0.3716638057","4","Profesional","Yourentaflat S L","No","Sí","No","No","No","No","No","No","https://images.habimg.com/imgh/14926722-a054-4e50-9d18-560bc64412a6G.jpg","https://www.milanuncios.com/anuncios/r519781809.htm","2024-07-17","962949758","live4life7722@realestate.com","No","","","No","No contactado","1696","4","2","110","1400","12","13","Muy alta"
"milanuncios","518177418","Alquiler","Plurifamiliar","Malvarrosa - C/ de la Séquia de la Cade","46011","Valencia","Valencia","Poblats Marítims","La Malva-rosa","39.4750781","-0.3261256","Entresuelo","Particular","","No","Sí","No","No","Sí","No","No","No","","https://www.milanuncios.com/anuncios/r518177418.htm","2024-07-01","","","No","","","No","No contactado","1697","2","1","100","1200","12","29","Muy alta"
"milanuncios","516531085","Alquiler","Plurifamiliar","València","46008","Valencia","Valencia","Extramurs","Zona Botánico","39.476869297","-0.384620953","","Profesional","Housfy Real Estate","No","No","No","No","No","No","No","No","https://images.habimg.com/imgh/0386b36e-7b29-4f43-be95-6403f59a61ccG.jpg","https://www.milanuncios.com/anuncios/r516531085.htm","2024-06-13","930441675","housfyf687@realestate.com","No","","","No","No contactado","1698","2","1","61","795","13","18","Muy alta"
"Fotocasa","","Alquiler","Plurifamiliar","Piso en Alquiler en calle Carrer de Cadis, 33, Russafa","46004","Valencia","Valencia","L'Eixample","Russafa","39.4624096","-0.3738607","","Particular","javiergarciaidealista","Sí","No","No","No","No","No","No","No","https://static.fotocasa.es/images/anuncio/2023/10/04/179345602/3385764791.jpg?rule=feeds_1920x1080","https://www.fotocasa.es/Building/Building_Detail.aspx?ai=179345602&tti=1","2023-10-09","672839035","javiergarciaidealista@gmail.com","No","Muy bueno","","No","No contactado","1699","2","1","110","1800","16","267","Muy alta"
"Fotocasa","","Alquiler","Plurifamiliar","Piso en Alquiler en calle Carrer de Cadis, 33, Russafa","46004","Valencia","Valencia","L'Eixample","Russafa","39.4624096","-0.3738607","","Particular","javiergarciaidealista","Sí","No","No","No","No","No","No","No","https://static.fotocasa.es/images/anuncio/2023/10/04/179345602/3385764791.jpg?rule=feeds_1920x1080","https://www.fotocasa.es/Building/Building_Detail.aspx?ai=179345602&tti=1","2023-10-09","672839035","javiergarciaidealista@gmail.com","No","Muy bueno","","No","No contactado","1700","2","1","110","1800","16","267","Muy alta"
"milanuncios","519935047","Alquiler","Plurifamiliar","Benimaclet - Carrer del Poeta Altet","46020","Valencia","Valencia","Benimaclet","Barrio de Benimaclet","39.4867415","-0.3644092","1","Particular","","No","Sí","No","Sí","No","No","No","No","","https://www.milanuncios.com/anuncios/r519935047.htm","2024-07-19","","","No","","","No","No contactado","1701","3","1","90","1260","14","11","Muy alta"
"habitaclia","471L","Alquiler","Plurifamiliar","","","Valencia","Valencia","Ciutat Vella","La Xerea","39.474949726","-0.370483674","1","Profesional","LIVE 4 LIFE","No","Sí","No","No","No","No","No","No","https://images.habimg.com/imgh/159ca3e8-135b-443b-b6a9-85321838ae81G.jpg","https://www.habitaclia.com/i28825000009308","2024-06-16","633594645","valencia@l4l.es","No","Muy bueno","","No","No contactado","1702","1","1","60","750","12","40","Muy alta"
"habitaclia","4546756","Alquiler","Plurifamiliar","La Bega Baixa - Plaza Xúquer / Plaça del Poeta Vic","","Valencia","Valencia","Algirós","La Bega Baixa - Plaza Xúquer","39.4777663","-0.3494968","0","Particular","","No","No","No","No","No","No","No","No","https://images.habimg.com/imgh/500-img4546756-459758122G.jpg","https://www.habitaclia.com/i500004546756","2024-02-03","675764484","rafermom@gmail.com","No","Muy bueno","","No","No contactado","1703","3","2","130","1100","8","178","Muy alta"
"milanuncios","515772994","Alquiler","Plurifamiliar","València","46020","Valencia","Valencia","Benimaclet","Barrio de Benimaclet","39.4870984943","-0.3670629057","","Profesional","Inmolax S L","No","Sí","No","No","No","No","No","No","https://images.habimg.com/imgh/00c7f5f7-c34d-492f-8dfc-1f0898f980f9G.jpg","https://www.milanuncios.com/anuncios/r515772994.htm","2024-06-06","962470692","laxinmobiliariavalencia0975@realestate.com","No","","","No","No contactado","1704","3","1","100","1300","13","54","Muy alta"
"milanuncios","514226542","Alquiler","Plurifamiliar","València","46035","Valencia","Valencia","Benimàmet","","39.5039750679","-0.4186458321","","Profesional","SERINFO 1998  S L","No","Sí","No","Sí","No","No","No","No","https://images.habimg.com/imgh/127fe8bb-491a-4291-9b63-3b32a636f2f8G.jpg","https://www.milanuncios.com/anuncios/r514226542.htm","2024-05-21","962641584","serinfo2d96@realestate.com","No","","","No","No contactado","1705","3","2","95","900","9","52","Muy alta"
"milanuncios","408227718","Alquiler","Unifamiliar","Arrancapins - Av. de Giorgeta","46007","Valencia","Valencia","Jesús","La Raïosa","39.4584878","-0.384095","1","Particular","","No","No","No","No","No","No","No","No","","https://www.milanuncios.com/anuncios/r408227718.htm","2021-07-03","","","No","","","No","No contactado","1706","5","2","130","45","","1123","Muy alta"
"milanuncios","515845523","Alquiler","Plurifamiliar","València","46025","Valencia","Valencia","Rascanya","Torrefiel","39.4917397354","-0.3806277086","","Profesional","RINCON CORREA CLEMENCIA","No","Sí","No","No","No","No","No","No","https://images.habimg.com/imgh/293e5159-9cbd-492f-a230-f580e42c8e30G.jpg","https://www.milanuncios.com/anuncios/r515845523.htm","2024-06-07","962948697","asesoriainmobiliariainternacion4960@realestate.com","No","","","No","No contactado","1707","3","1","74","810","10","23","Muy alta"
"milanuncios","516607412","Alquiler","Unifamiliar","bixquert Xativa 46800","46002","Las Carceles (Ribera)","Valencia","Ciutat Vella","Sant Francesc","39.467302495","-0.377667005","1","Particular","","No","No","No","Sí","Sí","Sí","Sí","No","","https://www.milanuncios.com/anuncios/r516607412.htm","2024-06-13","","","No","","","No","No contactado","1708","3","1","160","3","","23","Muy alta"
"milanuncios","475417488","Alquiler","Unifamiliar","En Corts","46006","Valencia","Valencia","Quatre Carreres","Mont-Olivet","39.4581284012","-0.3648007988","Bajos","Profesional","sonia","Sí","No","No","No","No","No","No","No","","https://www.milanuncios.com/anuncios/r475417488.htm","2023-01-21","","info@apartup.com","No","","","No","No contactado","1709","1","1","60","64","1","528","Muy alta"
"milanuncios","475417488","Alquiler","Unifamiliar","En Corts","46006","Valencia","Valencia","Quatre Carreres","Mont-Olivet","39.4581284012","-0.3648007988","Bajos","Profesional","sonia","Sí","No","No","No","No","No","No","No","","https://www.milanuncios.com/anuncios/r475417488.htm","2023-01-21","","info@apartup.com","No","","","No","No contactado","1710","1","1","60","64","1","528","Muy alta"
"milanuncios","482081829","Alquiler","Unifamiliar","Cabañal - C/ del Pare Lluís Navarro","46011","Valencia","Valencia","Poblats Marítims","El Cabanyal - El Canyamelar","39.4690102","-0.3295412","Bajos","Particular","","No","No","No","No","No","No","No","No","","https://www.milanuncios.com/anuncios/r482081829.htm","2023-03-29","","","Sí","","","No","No contactado","1711","1","1","40","89","2","461","Muy alta"
"milanuncios","482081829","Alquiler","Unifamiliar","Cabañal - C/ del Pare Lluís Navarro","46011","Valencia","Valencia","Poblats Marítims","El Cabanyal - El Canyamelar","39.4690102","-0.3295412","Bajos","Particular","","No","No","No","No","No","No","No","No","","https://www.milanuncios.com/anuncios/r482081829.htm","2023-03-29","","","Sí","","","No","No contactado","1712","1","1","40","89","2","461","Muy alta"
"habitaclia","00423","Alquiler","Plurifamiliar","Habitación matrimonial completamente equipada","","Valencia","Valencia","Benicalap","Barrio de Benicalap","39.4931234102","-0.3923523028","4","Profesional","ESTUDIO NUEVO BENICALAP","Sí","No","No","No","No","No","No","No","https://images.habimg.com/imgh/50de2362-29e2-402a-939e-a404c092eaedG.jpg","https://www.habitaclia.com/i8352002307384","2024-07-06","682392822","vaaj2@tecnocasa.es","No","Muy bueno","","No","No contactado","1713","4","1","70","500","7","2","Muy alta"
"habitaclia","222","Alquiler","Plurifamiliar","RUZAFA, VIVIENDA REFORMADA DE 3 DORMITORIOS CON MOBILIARIO MODERNO EN LA CALLE DENIA.","","Valencia","Valencia","L'Eixample","Russafa","39.46331","-0.3734411","1","Profesional","ALAMEDA 10DT","No","Sí","No","No","No","No","No","No","https://images.habimg.com/imgh/019192bd-6500-4f92-b229-95449b36020eG.jpg","https://www.habitaclia.com/i43366000000637","2024-05-15","690062272","info@alameda10dt.com","No","Muy bueno","","No","No contactado","1714","3","2","104","1550","14","48","Muy alta"
"habitaclia","AV2305061","Alquiler","Plurifamiliar","Piso en alquiler en Mestalla","","Valencia","Valencia","El Pla del Real","Mestalla","39.4742218907","-0.3554431093","0","Profesional","APROPERTIES REAL ESTATE - VALENCIA","Sí","Sí","No","No","No","No","No","No","https://images.habimg.com/imgh/4737-img3821841-479763728G.jpg","https://www.habitaclia.com/i4737003821841","2024-06-27","961285965","teamsventasbcn@aproperties.es","No","Muy bueno","","No","No contactado","1715","2","2","90","1250","13","25","Muy alta"
"habitaclia","222","Alquiler","Plurifamiliar","RUZAFA, VIVIENDA REFORMADA DE 3 DORMITORIOS CON MOBILIARIO MODERNO EN LA CALLE DENIA.","","Valencia","Valencia","L'Eixample","Russafa","39.46331","-0.3734411","1","Profesional","ALAMEDA 10DT","No","Sí","No","No","No","No","No","No","https://images.habimg.com/imgh/019192bd-6500-4f92-b229-95449b36020eG.jpg","https://www.habitaclia.com/i43366000000637","2024-05-15","690062272","info@alameda10dt.com","No","Muy bueno","","No","No contactado","1716","3","2","104","1550","14","48","Muy alta"
"Fotocasa","","Alquiler","Plurifamiliar","Piso en Alquiler en El Pilar","46001","Valencia","Valencia","Ciutat Vella","El Pilar","39.47109723","-0.38304867","2º","Profesional","Profesionales Inmobiliarios","No","Sí","Sí","No","Sí","No","No","No","https://static.fotocasa.es/images/anuncio/2024/07/02/183735994/3938605143.jpg?rule=feeds_1920x1080","https://www.fotocasa.es/Building/Building_Detail.aspx?ai=183735994&tti=2","2024-07-02","610498940","socisocyo@gmail.com","No","Muy bueno","","No","No contactado","1717","3","2","126","1500","11","9","Muy alta"
"habitaclia","324","Alquiler","Plurifamiliar","EXCELENTE VIVIENDA EN CL. ALVARO DE BAZÁN!!!","","Valencia","Valencia","El Pla del Real","Jaume Roig","39.4809091612","-0.3609567388","4","Profesional","IPISOS","No","Sí","No","No","No","No","No","No","https://images.habimg.com/imgh/061d4eda-b124-4d4c-89eb-b6e76e4a0681G.jpg","https://www.habitaclia.com/i12419000000300","2024-06-11","961931086","armandosuero@ipisos-realestate.com","No","Muy bueno","","No","No contactado","1718","4","2","124","1400","11","27","Muy alta"
"habitaclia","18","Alquiler","Plurifamiliar","muy centrico","","Valencia","Valencia","Extramurs","La Roqueta","39.4704923722","-0.3814620278","1","Profesional","NUEVA TIERRA INMOBILIARIA","Sí","Sí","Sí","No","No","No","No","No","https://images.habimg.com/imgh/137f9f11-c4cc-4945-b627-1cc875772077G.jpg","https://www.habitaclia.com/i9733004400320","2024-06-06","628086871","info@nuevatierrainmobiliaria.com","No","Muy bueno","","No","No contactado","1719","2","2","78","1400","17","54","Alta"
"habitaclia","00545VMC","Alquiler","Plurifamiliar","","","Valencia","Valencia","Poblats Marítims","El Grau","39.4619660722","-0.3375239278","0","Profesional","VALENCIA MA CASA","Sí","No","Sí","No","No","No","No","No","https://images.habimg.com/imgh/36606735-2353-4655-aeab-857aeaa4aabdG.jpg","https://www.habitaclia.com/i32361000002813","2023-10-13","960714992<br> 655121880","info@valenciamacasa.com","No","Muy bueno","","No","No contactado","1720","2","2","75","900","12","291","Alta"
"habitaclia","00794VMC","Alquiler","Plurifamiliar","","","Valencia","Valencia","Algirós","Ciutat Jardí","39.4747160722","-0.3435439278","0","Profesional","VALENCIA MA CASA","Sí","Sí","No","No","No","No","No","No","https://images.habimg.com/imgh/49a47cda-c83e-4ff5-889e-939b863d6e8eG.jpg","https://www.habitaclia.com/i32361000003098","2023-12-07","960714992<br> 655121880","info@valenciamacasa.com","No","Muy bueno","","No","No contactado","1721","4","2","130","1300","10","236","Alta"
"habitaclia","00948VMC","Alquiler","Plurifamiliar","","","Valencia","Valencia","Poblats Marítims","Beteró","39.4751060722","-0.3342639278","0","Profesional","VALENCIA MA CASA","Sí","Sí","No","No","No","No","No","No","https://images.habimg.com/imgh/18aa3202-8a6a-46d4-99ba-9ea7b9d73bcfG.jpg","https://www.habitaclia.com/i32361000002967","2023-11-01","960714992<br> 655121880","info@valenciamacasa.com","No","Muy bueno","","No","No contactado","1722","3","2","95","1100","11","272","Alta"
"habitaclia","P3424","Alquiler","Plurifamiliar","Piso muy luminoso cerca de Plaza de España","","Valencia","Valencia","Extramurs","La Roqueta","39.4672377722","-0.3784963278","6","Profesional","Person Inmobiliaria","Sí","Sí","No","No","No","No","No","No","https://images.habimg.com/imgh/0345d6d9-67f2-47f7-a464-a1e98a256a39G.jpg","https://www.habitaclia.com/i33945000001755","2024-07-08","605865417","info@personinmobiliaria.com","No","Muy bueno","","No","No contactado","1723","2","2","107","1400","13","22","Alta"
"milanuncios","479707729","Alquiler","Plurifamiliar","València","46022","Valencia","Valencia","Algirós","Ciutat Jardí","39.4738827943","-0.3452372057","5","Profesional","Valencia Ma Casa","Sí","Sí","No","No","No","No","No","No","https://images.habimg.com/imgh/2ea32211-d25a-4191-bb21-00154a541689G.jpg","https://www.milanuncios.com/anuncios/r479707729.htm","2023-03-08","962940167","valenciamacasa388d@realestate.com","No","","","No","No contactado","1724","4","2","125","1400","11","510","Alta"
"habitaclia","480-02491","Alquiler","Plurifamiliar","ValenciaPiso","","Valencia","Valencia","Ciutat Vella","Sant Francesc","39.4720895072","-0.3755899928","3","Profesional","PRINCESA INMOBILIARIA","Sí","Sí","No","No","No","No","No","No","https://images.habimg.com/imgh/07ea8717-bd15-4c7a-a877-4c04b5e32444G.jpg","https://www.habitaclia.com/i8049003989289","2024-07-18","960 963 418","info@inmoprincesa.es","No","Muy bueno","","No","No contactado","1725","2","2","100","1500","15","12","Alta"
"habitaclia","00760VMC","Alquiler","Plurifamiliar","","","Valencia","Valencia","Algirós","L'Amistat","39.4732560722","-0.3497639278","0","Profesional","VALENCIA MA CASA","No","Sí","No","No","No","No","No","No","https://images.habimg.com/imgh/1d03168a-0bb7-4546-b6d5-ceb319c4d1e6G.jpg","https://www.habitaclia.com/i32361000003266","2024-02-05","960714992<br> 655121880","info@valenciamacasa.com","No","Muy bueno","","No","No contactado","1726","3","1","100","1000","10","176","Alta"
"habitaclia","018OS","Alquiler","Plurifamiliar","El piso AMUEBLADO de 4 habitaciones en calle CHIVA","","Valencia","Valencia","Patraix","Barrio de Patraix","39.4646775412","-0.3896762258","0","Profesional","Spaces&Places","Sí","Sí","No","No","No","No","No","No","https://images.habimg.com/imgh/0077e93b-85c7-4e3f-88d1-a3e412aa2a94G.jpg","https://www.habitaclia.com/i47584000000335","2024-06-20","635919795","info@spacesplaces.es","No","Muy bueno","","No","No contactado","1727","4","2","100","1400","14","40","Alta"
"milanuncios","517385930","Alquiler","Plurifamiliar","València","46021","Valencia","Valencia","Algirós","L'Amistat","39.4723961943","-0.3538660057","7","Profesional","MIGUEL PASCUAL CASA","No","Sí","No","No","No","No","No","No","https://images.habimg.com/imgh/01107491-690f-4122-853f-5a66ee573193G.jpg","https://www.milanuncios.com/anuncios/r517385930.htm","2024-06-21","960968071","benicasa2002serviciosinmobiliard23d@realestate.com","No","","","No","No contactado","1728","4","2","80","1500","18","39","Alta"
"habitaclia","468-02142","Alquiler","Plurifamiliar","ValenciaPiso","","Valencia","Valencia","Ciutat Vella","El Pilar","39.4775936722","-0.3800824278","2","Profesional","PRINCESA INMOBILIARIA","Sí","Sí","No","No","No","No","No","No","https://images.habimg.com/imgh/1a2d6f55-0b1d-427a-9f17-e75ec9582523G.jpg","https://www.habitaclia.com/i8049003989275","2024-05-03","960 963 418","info@inmoprincesa.es","No","Muy bueno","","No","No contactado","1729","1","1","60","1100","18","88","Alta"
"milanuncios","503726499","Alquiler","Plurifamiliar","València","46011","Valencia","Valencia","Poblats Marítims","El Cabanyal - El Canyamelar","39.4733428613","-0.3262364957","","Profesional","MESTRE RIBERA FRANCISCO","Sí","No","No","No","No","No","No","No","https://images.habimg.com/imgh/036ef679-77ca-4ebd-b58e-658fa669ca36G.jpg","https://www.milanuncios.com/anuncios/r503726499.htm","2024-01-08","962645893","servicasaquartdepoblet1720@realestate.com","No","","","No","No contactado","1730","1","1","93","450","4","204","Alta"
"habitaclia","MARISAN237","Alquiler","Plurifamiliar","PRECIOSA VIVIENDA 10 PLANTA AMUEBLADA CASI A ESTRENAR TODA EXTERIOR , GARAJE, TRASTERO, VISTAS DESPE","","Valencia","Valencia","Quatre Carreres","Malilla","39.4464350315","-0.3775215597","10","Profesional","KW CPI GESTIÓN","Sí","Sí","Sí","No","No","No","No","No","https://images.habimg.com/imgh/017ccd33-7481-4b28-816a-77ae2b53d713G.jpg","https://www.habitaclia.com/i8188000002909","2024-06-19","963366666","captacion@cpigestion.com","No","Muy bueno","","No","No contactado","1731","3","2","116","1650","14","41","Alta"
"milanuncios","519516998","Alquiler","Plurifamiliar","València","46011","Valencia","Valencia","Poblats Marítims","El Cabanyal - El Canyamelar","39.4700467943","-0.3338083057","4","Profesional","PORTSAPLAYA SERVICIOS INMOBILIARIOS  S L","Sí","Sí","No","No","No","No","No","No","https://images.habimg.com/imgh/07c1d74b-db2e-47cf-8f02-b115f877212eG.jpg","https://www.milanuncios.com/anuncios/r519516998.htm","2024-07-15","961286793","areamaritima3620@realestate.com","No","","","No","No contactado","1732","4","2","119","1500","12","15","Alta"
"milanuncios","519625829","Alquiler","Plurifamiliar","València","46022","Valencia","Valencia","Algirós","Ciutat Jardí","39.4710453943","-0.3442926057","","Profesional","Yourentaflat S L","No","Sí","No","No","No","No","No","No","https://images.habimg.com/imgh/054f8622-cfb4-4808-9b56-ca4e374fc526G.jpg","https://www.milanuncios.com/anuncios/r519625829.htm","2024-07-16","962949758","live4life7722@realestate.com","No","","","No","No contactado","1733","4","2","120","1600","13","14","Alta"
"milanuncios","516293133","Alquiler","Plurifamiliar","València","46011","Valencia","Valencia","Poblats Marítims","El Cabanyal - El Canyamelar","39.4713199943","-0.3287843057","","Profesional","SERINFO 1998  S L","Sí","No","No","No","No","No","No","No","https://images.habimg.com/imgh/17e344df-98a1-4de2-84f1-22129a47e907G.jpg","https://www.milanuncios.com/anuncios/r516293133.htm","2024-06-11","962641584","serinfo2d96@realestate.com","No","","","No","No contactado","1734","2","1","80","899","11","49","Muy alta"
"milanuncios","479720455","Alquiler","Plurifamiliar","València","46010","Valencia","Valencia","La Saïdia","Trinitat","39.4832977943","-0.3683557057","","Profesional","Valencia Ma Casa","Sí","Sí","No","No","No","No","No","No","https://images.habimg.com/imgh/04d2c97c-e9ef-486c-8b71-b51ebde3ef77G.jpg","https://www.milanuncios.com/anuncios/r479720455.htm","2023-03-08","962940167","valenciamacasa388d@realestate.com","No","","","No","No contactado","1735","3","1","70","1000","14","510","Alta"
"milanuncios","513000057","Alquiler","Plurifamiliar","València","46024","Valencia","Valencia","Poblats Marítims","Natzaret","39.4481541238","-0.3324944365","","Profesional","Finaer","Sí","No","No","No","No","No","No","No","https://images.habimg.com/imgh/0d501c83-1833-4c9a-8e48-535e0e4b877bG.jpg","https://www.milanuncios.com/anuncios/r513000057.htm","2024-05-08","962471295","inmobiliariascongarantiafinaere6e5@realestate.com","No","","","No","No contactado","1736","2","2","100","1400","14","83","Muy alta"
"habitaclia","027138","Alquiler","Plurifamiliar","Piso en alquiler en La Petxina","","Valencia","Valencia","Extramurs","La Petxina","39.4741883706","-0.3897031756","4","Profesional","KASABIBA","Sí","Sí","No","No","No","No","No","No","https://images.habimg.com/imgh/0501e5a0-fa77-43f6-8716-2c3465add7b5G.jpg","https://www.habitaclia.com/i8448000009255","2024-07-25","963854700","kasabiba@kasabiba.com","No","Muy bueno","","No","No contactado","1737","1","1","70","950","13","5","Alta"
"habitaclia","AV2407096","Alquiler","Plurifamiliar","Piso en alquiler en Ciutat Vella","","Valencia","Valencia","Ciutat Vella","La Xerea","39.4752926072","-0.3713673928","0","Profesional","APROPERTIES REAL ESTATE - VALENCIA","No","Sí","Sí","No","No","No","No","No","https://images.habimg.com/imgh/4737-img3822068-479927542G.jpg","https://www.habitaclia.com/i4737003822068","2024-07-22","961285965","eva.martinez-fortun@aproperties.es","No","Muy bueno","","No","No contactado","1738","3","2","129","1500","11","8","Alta"
"Fotocasa","0044OS","Alquiler","Plurifamiliar","Piso en Alquiler en  RIO ESCALONA, Penya - Roja - Avda. Francia","46023","Valencia","Valencia","Camins al Grau","Penya - Roja - Avda. Francia","39.462202071","-0.355074496","4º","Profesional","Spaces&Places","Sí","Sí","Sí","No","No","No","No","No","https://static.fotocasa.es/images/ads/efc9291e-f6cb-451f-a66b-0a2ed54d4930?rule=feeds_1920x1080","https://www.fotocasa.es/Building/Building_Detail.aspx?ai=183933665&tti=2","2024-07-25","962470857","i.spacesandplaces.8869.37@inmovilla.com","No","Muy bueno","","No","No contactado","1739","3","2","103","1600","15","5","Alta"
"milanuncios","514487727","Alquiler","Plurifamiliar","Cabañal - C/ de Carles Ros","46011","Valencia","Valencia","Poblats Marítims","El Cabanyal - El Canyamelar","39.4708034","-0.3295597","3","Particular","","No","No","No","No","Sí","No","No","No","","https://www.milanuncios.com/anuncios/r514487727.htm","2024-05-24","","","No","","","No","No contactado","1740","3","1","70","2000","28","67","Alta"
"milanuncios","518096233","Alquiler","Plurifamiliar","València","46006","Valencia","Valencia","L'Eixample","Russafa","39.4598490593","-0.3712331087","","Profesional","CPI GESTION ENCUENTRA TU MANSION  S L","No","Sí","No","Sí","No","No","No","No","https://images.habimg.com/imgh/01dc1e06-bccb-430a-a289-a46fc3584a72G.jpg","https://www.milanuncios.com/anuncios/r518096233.htm","2024-07-01","687723784","kwcpigestion66fc@realestate.com","No","","","No","No contactado","1741","4","2","125","1500","12","29","Alta"
"milanuncios","497415435","Alquiler","Plurifamiliar","Valencia","46026","Valencia","Valencia","Quatre Carreres","Malilla","39.4453657943","-0.3738752057","","Profesional","RENTA GARANTIZADA SA","No","Sí","No","Sí","No","No","No","No","https://images.habimg.com/imgh/05f09b68-27ba-43fb-aa34-4a6de8c325cfG.jpg","https://www.milanuncios.com/anuncios/r497415435.htm","2023-10-20","910924362","rentagarantizadasa4a92@realestate.com","No","","","No","No contactado","1742","2","2","98","1300","13","284","Alta"
"milanuncios","517386313","Alquiler","Plurifamiliar","València","46025","Valencia","Valencia","Benicalap","Barrio de Benicalap","39.4894944943","-0.3886250057","Bajos","Profesional","MIGUEL PASCUAL CASA","Sí","No","No","No","No","No","No","No","https://images.habimg.com/imgh/18504d52-b6fe-48ac-971b-51b41e5300d6G.jpg","https://www.milanuncios.com/anuncios/r517386313.htm","2024-06-21","960968071","benicasa2002serviciosinmobiliard23d@realestate.com","No","","","No","No contactado","1743","1","1","60","985","16","39","Alta"
"habitaclia","01502VMC","Alquiler","Plurifamiliar","","","Valencia","Valencia","Poblats Marítims","El Cabanyal - El Canyamelar","39.4665960722","-0.3291539278","0","Profesional","VALENCIA MA CASA","Sí","No","No","No","No","No","No","No","https://images.habimg.com/imgh/16ad86f9-1e4d-4b77-b042-5e01286f49b1G.jpg","https://www.habitaclia.com/i32361000003038","2023-11-15","960714992<br> 655121880","info@valenciamacasa.com","No","Muy bueno","","No","No contactado","1744","3","1","90","1000","11","258","Alta"
"milanuncios","479707180","Alquiler","Plurifamiliar","València","46021","Valencia","Valencia","Algirós","La Bega Baixa - Plaza Xúquer","39.4773727943","-0.3500772057","","Profesional","Valencia Ma Casa","Sí","Sí","No","No","No","No","No","No","https://images.habimg.com/imgh/3953b24f-ae25-422c-a939-8531d8903163G.jpg","https://www.milanuncios.com/anuncios/r479707180.htm","2023-03-08","962940167","valenciamacasa388d@realestate.com","No","","","No","No contactado","1745","3","2","120","1000","8","510","Alta"
"habitaclia","975876","Alquiler","Plurifamiliar","","","Valencia","Valencia","Patraix","Safranar","39.4575814072","-0.3916540928","0","Profesional","INVERSIMEDIA","Sí","Sí","Sí","No","No","No","No","No","https://images.habimg.com/imgh/24652fee-cd73-48ad-bb70-5e70f9ef67d3G.jpg","https://www.habitaclia.com/i47624000001566","2024-02-10","631336226","inversimedia@gmail.com","No","Muy bueno","","No","No contactado","1746","2","2","69","1000","14","171","Alta"
"milanuncios","479711390","Alquiler","Plurifamiliar","Valencia","46010","Valencia","Valencia","La Saïdia","Trinitat","39.4839216943","-0.3709555057","","Profesional","Valencia Ma Casa","Sí","Sí","No","No","No","No","No","No","https://images.habimg.com/imgh/0d8d671e-1391-4de8-93c7-44d0b1908587G.jpg","https://www.milanuncios.com/anuncios/r479711390.htm","2023-03-08","962940167","valenciamacasa388d@realestate.com","No","","","No","No contactado","1747","1","1","120","900","7","510","Alta"
"habitaclia","02101VMC","Alquiler","Plurifamiliar","","","Valencia","Valencia","Campanar","Sant Pau - Zona Palau de Congresos - Nou Campanar","39.4864793722","-0.4010513278","0","Profesional","VALENCIA MA CASA","Sí","Sí","No","No","No","No","No","No","https://images.habimg.com/imgh/51b3161c-24c9-4cef-bf60-be58a678da15G.jpg","https://www.habitaclia.com/i32361000003436","2024-06-20","960714992<br> 655121880","info@valenciamacasa.com","No","Muy bueno","","No","No contactado","1748","4","2","135","1500","11","40","Alta"
"habitaclia","PIS0464","Alquiler","Plurifamiliar","Magnifico piso en el Carmen","","Valencia","Valencia","Ciutat Vella","El Pilar","39.4772895693","-0.3800806703","1","Profesional","Arrels Valencia","No","Sí","No","No","No","No","No","No","https://images.habimg.com/imgh/065cf7f9-d104-45eb-9ecd-848e0963ea04G.jpg","https://www.habitaclia.com/i39895000000807","2024-07-18","656892335","pawel@arrelsvalencia.com","No","Muy bueno","","No","No contactado","1749","2","1","84","1200","14","12","Alta"
"milanuncios","518174290","Alquiler","Plurifamiliar","València","46009","Valencia","Valencia","La Saïdia","Sant Antoni","39.4882415943","-0.3724418057","5","Profesional","MIGUEL PASCUAL CASA","No","Sí","No","No","No","No","No","No","https://images.habimg.com/imgh/0a2cc989-8b01-4358-95cd-6c7772c6e03dG.jpg","https://www.milanuncios.com/anuncios/r518174290.htm","2024-07-01","960968071","benicasa2002serviciosinmobiliard23d@realestate.com","No","","","No","No contactado","1750","2","1","90","1000","11","29","Alta"
"milanuncios","519749892","Alquiler","Plurifamiliar","València","46013","Valencia","Valencia","Quatre Carreres","Na Rovella - Hermanos Maristas","39.4545427243","-0.3665079707","8","Profesional","Ml Strategic Properties S L","Sí","Sí","No","No","No","No","No","No","https://images.habimg.com/imgh/012637ef-fe19-49aa-8a43-ec3802f3d1c2G.jpg","https://www.milanuncios.com/anuncios/r519749892.htm","2024-07-17","962646172","holainmobiliariaab2f@realestate.com","No","","","No","No contactado","1751","3","1","80","1100","13","13","Muy alta"
"habitaclia","PC0098VCS","Alquiler","Plurifamiliar","PISO VACIO COCINA Y ELECTRICIDAD NUEVA","","Valencia","Valencia","L'Olivereta","Nou Moles","39.4714624122","-0.3930903878","6","Profesional","Carmina Reig Inmobiliaria","No","Sí","No","No","No","No","No","No","https://images.habimg.com/imgh/127d72eb-90eb-4927-9eae-af7d71e6bd7fG.jpg","https://www.habitaclia.com/i10990002226827","2024-07-02","963261717","i.carminareiginmobiliaria.2301@inmovilla.com","No","Muy bueno","","No","No contactado","1752","4","1","135","1100","8","6","Alta"
"habitaclia","AV2305061","Alquiler","Plurifamiliar","Piso en alquiler en Mestalla","","Valencia","Valencia","El Pla del Real","Mestalla","39.4743641786","-0.3553008214","0","Profesional","APROPERTIES REAL ESTATE - VALENCIA","Sí","Sí","No","No","No","No","No","No","https://images.habimg.com/imgh/4737-img3821841-478548725G.jpg","https://www.habitaclia.com/i4737003821841","2024-06-27","961285965","leadsapvalencia@aproperties.es","No","Muy bueno","","No","No contactado","1753","2","2","90","1250","13","5","Alta"
"Fotocasa","CAR-MALILLA","Alquiler","Plurifamiliar","Piso en Alquiler en  Entrada torreta de malilla, Malilla","46026","Valencia","Valencia","Quatre Carreres","Malilla","39.447923866","-0.3815094682","Undefined","Profesional","GESTORIA CYA","Sí","Sí","Sí","Sí","Sí","Sí","Sí","No","https://static.fotocasa.es/images/ads/6caa9ce5-fd7d-4bba-afc0-c0aa5aecf9a5?rule=feeds_1920x1080","https://www.fotocasa.es/Building/Building_Detail.aspx?ai=183716730&tti=2","2024-07-01","962645539","carlossmc@hotmail.com","No","Muy bueno","","No","No contactado","1754","3","2","85","1000","11","1","Alta"
"milanuncios","479716893","Alquiler","Plurifamiliar","València","46021","Valencia","Valencia","Algirós","L'Amistat","39.4756501012","-0.3466498988","","Profesional","Valencia Ma Casa","Sí","Sí","No","No","No","No","No","No","https://images.habimg.com/imgh/0507bd8a-9722-4cd5-92ea-c2efce3fe1c2G.jpg","https://www.milanuncios.com/anuncios/r479716893.htm","2023-03-08","962940167","valenciamacasa388d@realestate.com","No","","","No","No contactado","1755","3","1","75","1100","14","482","Alta"
"habitaclia","00769-5","Alquiler","Plurifamiliar","Ref  00769 Se ALQUILA Vivienda en Campanar, 1 habitación, baño y terraza","","Valencia","Valencia","Campanar","Campanar - La Fe","39.481808334","-0.3957896708","4","Profesional","TOTAL HABITAT","Sí","Sí","No","No","Sí","No","No","No","https://images.habimg.com/imgh/0f625e59-0270-4019-8816-f35064eeb4ffG.jpg","https://www.habitaclia.com/i51197000000117","2024-06-29","961046750","gestion@totalhabitat.es","No","Muy bueno","","No","No contactado","1756","1","1","64","950","14","7","Alta"
"milanuncios","516534923","Alquiler","Unifamiliar","Valencia Capital - Carrer de Santa Pola","46024","Valencia","Valencia","Poblats Marítims","Natzaret","39.4463","-0.332922","","Profesional","Aproperties","Sí","No","No","No","No","No","No","No","https://images.habimg.com/imgh/4737-img3821670-477564920G.jpg","https://www.milanuncios.com/anuncios/r516534923.htm","2024-06-13","962648135","apropertiesrealestatevalencia6ff9@realestate.com","No","","","No","No contactado","1757","3","1","85","1000","11","19","Alta"
"habitaclia","A001RM","Alquiler","Plurifamiliar","Piso en Alquiler zona En Corts","","Valencia","Valencia","Quatre Carreres","En Corts - Doctor Waksman","39.4560358127","-0.3724026647","9","Profesional","Spaces&Places","Sí","Sí","No","No","No","No","No","No","https://images.habimg.com/imgh/07090b24-df10-49c8-8e84-4657267576b0G.jpg","https://www.habitaclia.com/i47584000000340","2024-06-25","635919795","info@spacesplaces.es","No","Muy bueno","","No","No contactado","1758","3","1","85","1490","17","22","Alta"
"habitaclia","1299-24-ALQUILER","Alquiler","Plurifamiliar","Alquiler de Piso en calle d''Ángel Villena Valencia","","Valencia","Valencia","Quatre Carreres","Na Rovella - Hermanos Maristas","39.4486441786","-0.3676258214","0","Profesional","INMOPOLT GESTION INMOBILIARIA","Sí","Sí","No","No","No","No","No","No","https://images.habimg.com/imgh/35926-img1130-477993828G.jpg","https://www.habitaclia.com/i35926000001130","2024-06-19","607987171","info@inmopolt.com","No","Muy bueno","","No","No contactado","1759","3","2","100","2480","24","13","Alta"
"habitaclia","01218VMC","Alquiler","Plurifamiliar","","","Valencia","Valencia","Algirós","L'Illa Perduda","39.4701617865","-0.3420282135","0","Profesional","VALENCIA MA CASA","Sí","Sí","No","No","No","No","No","No","https://images.habimg.com/imgh/1187d8e5-d7e6-4839-a454-d9983d31e7efG.jpg","https://www.habitaclia.com/i32361000003169","2024-01-15","960714992<br> 655121880","info@valenciamacasa.com","No","Muy bueno","","No","No contactado","1760","3","2","120","1100","9","169","Alta"
"Fotocasa","CAR-MALILLA","Alquiler","Plurifamiliar","Piso en Alquiler en  Entrada torreta de malilla, Malilla","46026","Valencia","Valencia","Quatre Carreres","Malilla","39.447923866","-0.3815094682","Undefined","Profesional","GESTORIA CYA","Sí","Sí","Sí","Sí","Sí","Sí","Sí","No","https://static.fotocasa.es/images/ads/6caa9ce5-fd7d-4bba-afc0-c0aa5aecf9a5?rule=feeds_1920x1080","https://www.fotocasa.es/Building/Building_Detail.aspx?ai=183716730&tti=2","2024-07-01","962645539","carlossmc@hotmail.com","No","Muy bueno","","No","No contactado","1761","3","2","85","1000","11","1","Alta"
"habitaclia","AV2305061","Alquiler","Plurifamiliar","Piso en alquiler en Mestalla","","Valencia","Valencia","El Pla del Real","Mestalla","39.4743641786","-0.3553008214","0","Profesional","APROPERTIES REAL ESTATE - VALENCIA","Sí","Sí","No","No","No","No","No","No","https://images.habimg.com/imgh/4737-img3821841-478548725G.jpg","https://www.habitaclia.com/i4737003821841","2024-06-27","961285965","leadsapvalencia@aproperties.es","No","Muy bueno","","No","No contactado","1762","2","2","90","1250","13","5","Alta"
"Fotocasa","PIS0161","Alquiler","Plurifamiliar","Piso en Alquiler en Aiora","46022","Valencia","Valencia","Camins al Grau","Aiora","39.4651162275","-0.3371050816","2º","Profesional","Inmobiliarias con garantía Finaer","Sí","No","No","No","No","No","No","No","https://static.fotocasa.es/images/ads/94b8f78d-a226-4114-95f7-5fce184e48c8?rule=feeds_1920x1080","https://www.fotocasa.es/Building/Building_Detail.aspx?ai=183627246&tti=2","2024-06-19","955530639","w3168@inmoweb.email","No","Muy bueno","","No","No contactado","1763","2","1","60","1300","21","13","Alta"
"habitaclia","963","Alquiler","Plurifamiliar","BONITO piso en alquiler  zona Algiros","","Valencia","Valencia","Algirós","Ciutat Jardí","39.470205326","-0.346664674","0","Profesional","ARK & KASA","No","Sí","No","No","No","No","No","No","https://images.habimg.com/imgh/04865aa1-88eb-4ed0-9d5c-c843d35e7d4cG.jpg","https://www.habitaclia.com/i49068000000095","2024-07-17","961014150","valencia@ark-kasa.com","No","Muy bueno","","No","No contactado","1764","3","2","104","1200","11","9","Alta"
"milanuncios","516801074","Alquiler","Unifamiliar","San Antonio - C/ de la Llanterna","46001","Valencia","Valencia","Ciutat Vella","El Mercat","39.472108","-0.3785588","8","Particular","","No","Sí","Sí","No","Sí","No","No","No","","https://www.milanuncios.com/anuncios/r516801074.htm","2024-06-15","","","No","","","No","No contactado","1765","2","2","70","1400","20","17","Alta"
"milanuncios","498210680","Alquiler","Plurifamiliar","València","46001","Valencia","Valencia","Ciutat Vella","El Pilar","39.4734801012","-0.3793298988","","Profesional","Valencia Ma Casa","Sí","Sí","No","No","No","No","No","No","https://images.habimg.com/imgh/1dedb493-efd4-416e-9d8b-aa5327cef3c7G.jpg","https://www.milanuncios.com/anuncios/r498210680.htm","2023-10-31","962940167","valenciamacasa388d@realestate.com","No","","","No","No contactado","1766","3","2","100","1200","12","245","Alta"
"habitaclia","3960","Alquiler","Plurifamiliar","-ALQUILER CORTA ESTANCIA.- Piso de 2 dormitorios, amueblado, con ascensor.","","Valencia","Valencia","Poblats Marítims","El Cabanyal - El Canyamelar","39.4741510786","-0.3295311214","0","Profesional","AREA MARITIMA","No","Sí","No","No","No","No","No","No","https://images.habimg.com/imgh/074f6e07-e809-42ab-8a18-2b8acedcfd6fG.jpg","https://www.habitaclia.com/i8303004430881","2024-04-15","963554444","saplaya@areamaritima.com","No","Muy bueno","","No","No contactado","1767","2","1","69","1000","14","78","Alta"
"habitaclia","00868VMC","Alquiler","Plurifamiliar","","","Valencia","Valencia","Algirós","La Carrasca","39.4773117865","-0.3487282135","0","Profesional","VALENCIA MA CASA","Sí","Sí","No","No","No","No","No","No","https://images.habimg.com/imgh/49d5f2d0-7921-43ce-be9d-fbaf89fe1517G.jpg","https://www.habitaclia.com/i32361000003225","2024-02-03","960714992<br> 655121880","info@valenciamacasa.com","No","Muy bueno","","No","No contactado","1768","1","1","45","850","18","150","Alta"
"milanuncios","516288142","Alquiler","Plurifamiliar","València","46003","Valencia","Valencia","Ciutat Vella","El Carme","39.4795190012","-0.3775264988","4","Profesional","SERINFO 1998  S L","Sí","No","No","No","No","No","No","No","https://images.habimg.com/imgh/28cf1c79-1d61-4e6d-809f-cede2af3df88G.jpg","https://www.milanuncios.com/anuncios/r516288142.htm","2024-06-11","962641584","serinfo2d96@realestate.com","No","","","No","No contactado","1769","1","1","42","850","20","21","Alta"
"milanuncios","515588643","Alquiler","Plurifamiliar","València","46018","Valencia","Valencia","Patraix","Barrio de Patraix","39.4674163004","-0.3894270807","","Profesional","Finaer","No","No","No","No","No","No","No","No","https://images.habimg.com/imgh/02d91c62-0bd7-475e-98c4-3d18cd52d81eG.jpg","https://www.milanuncios.com/anuncios/r515588643.htm","2024-06-05","696587039","inmobiliariascongarantiafinaere6e5@realestate.com","No","","","No","No contactado","1770","2","1","69","1200","17","27","Alta"
"milanuncios","515627318","Alquiler","Plurifamiliar","Valencia Capital - C/ d''Alfauir","46019","Valencia","Valencia","Rascanya","Sant Llorenç - Zona Alfahuir","39.493","-0.360751","","Profesional","Aproperties","Sí","Sí","No","No","Sí","Sí","Sí","No","https://images.habimg.com/imgh/4737-img3821569-476992527G.jpg","https://www.milanuncios.com/anuncios/r515627318.htm","2024-06-05","962648135","apropertiesrealestatevalencia6ff9@realestate.com","No","","","No","No contactado","1771","4","2","160","1850","11","40","Alta"
"milanuncios","516288142","Alquiler","Plurifamiliar","València","46003","Valencia","Valencia","Ciutat Vella","El Carme","39.4795190012","-0.3775264988","4","Profesional","SERINFO 1998  S L","Sí","No","No","No","No","No","No","No","https://images.habimg.com/imgh/28cf1c79-1d61-4e6d-809f-cede2af3df88G.jpg","https://www.milanuncios.com/anuncios/r516288142.htm","2024-06-11","962641584","serinfo2d96@realestate.com","No","","","No","No contactado","1772","1","1","42","850","20","21","Alta"
"milanuncios","518664738","Alquiler","Plurifamiliar","València","46008","Valencia","Valencia","Extramurs","Arrancapins","39.4702969387","-0.3880818224","1","Profesional","Garpe Gestion Sl","No","Sí","No","No","No","No","No","No","https://images.habimg.com/imgh/1143d664-e629-438d-969c-0b1d175c49c2G.jpg","https://www.milanuncios.com/anuncios/r518664738.htm","2024-07-08","962470783","casasdelmediterraneocentrala755@realestate.com","No","","","No","No contactado","1773","4","1","100","950","9","14","Alta"
"milanuncios","514692199","Alquiler","Plurifamiliar","El Perellonet","46012","Valencia","Valencia","El Perellonet","","39.3101685012","-0.2929485988","4","Particular","","No","Sí","No","No","Sí","No","No","No","","https://www.milanuncios.com/anuncios/r514692199.htm","2024-05-27","","","No","","","No","No contactado","1774","2","1","84","1800","21","36","Alta"
"milanuncios","498210680","Alquiler","Plurifamiliar","València","46001","Valencia","Valencia","Ciutat Vella","El Pilar","39.4734801012","-0.3793298988","","Profesional","Valencia Ma Casa","Sí","Sí","No","No","No","No","No","No","https://images.habimg.com/imgh/1dedb493-efd4-416e-9d8b-aa5327cef3c7G.jpg","https://www.milanuncios.com/anuncios/r498210680.htm","2023-10-31","962940167","valenciamacasa388d@realestate.com","No","","","No","No contactado","1775","3","2","100","1200","12","245","Alta"
"milanuncios","514780511","Alquiler","Plurifamiliar","València","46017","Valencia","Valencia","Jesús","Camí Real","39.440025455","-0.387202445","","Profesional","Person Inmobiliaria","No","Sí","No","No","No","No","No","No","https://images.habimg.com/imgh/0e47d32d-8195-4e27-9c34-b540cb43ce77G.jpg","https://www.milanuncios.com/anuncios/r514780511.htm","2024-05-28","962647592","personinmobiliaria6e78@realestate.com","No","","","No","No contactado","1776","2","1","70","975","13","62","Alta"
"milanuncios","516534923","Alquiler","Unifamiliar","Valencia Capital - Carrer de Santa Pola","46024","Valencia","Valencia","Poblats Marítims","Natzaret","39.4463","-0.332922","","Profesional","Aproperties","Sí","No","No","No","No","No","No","No","https://images.habimg.com/imgh/4737-img3821670-477564920G.jpg","https://www.milanuncios.com/anuncios/r516534923.htm","2024-06-13","962648135","apropertiesrealestatevalencia6ff9@realestate.com","No","","","No","No contactado","1777","3","1","85","1000","11","19","Alta"
"Fotocasa","A004RM","Alquiler","Plurifamiliar","Piso en Alquiler en Sant Francesc","46002","Valencia","Valencia","Ciutat Vella","Sant Francesc","39.4700796451","-0.3737206939","2º","Profesional","Spaces&Places","Sí","Sí","Sí","No","No","No","No","No","https://static.fotocasa.es/images/ads/fc16950a-45c1-46b6-b1e5-95b152aa2540?rule=feeds_1920x1080","https://www.fotocasa.es/Building/Building_Detail.aspx?ai=183680426&tti=2","2024-06-26","962470857","i.spacesandplaces.8869.36@inmovilla.com","No","Muy bueno","","No","No contactado","1778","1","1","65","1299","19","6","Alta"
"habitaclia","AV2406020","Alquiler","Plurifamiliar","Piso en alquiler en El Cabañal","","Valencia","Valencia","Poblats Marítims","El Cabanyal - El Canyamelar","39.4645641786","-0.3303848214","0","Profesional","APROPERTIES REAL ESTATE - VALENCIA","Sí","No","No","No","No","No","No","No","https://images.habimg.com/imgh/4737-img3821616-477266672G.jpg","https://www.habitaclia.com/i4737003821616","2024-06-10","961285965","leadsapvalencia@aproperties.es","No","Muy bueno","","No","No contactado","1779","2","1","60","1300","21","22","Alta"
"habitaclia","00812VMC","Alquiler","Plurifamiliar","","","Valencia","Valencia","Algirós","Ciutat Jardí","39.4724617865","-0.3426582135","0","Profesional","VALENCIA MA CASA","Sí","Sí","No","No","No","No","No","No","https://images.habimg.com/imgh/19aa54e5-ee3f-4d30-b2ba-557a33a58b2bG.jpg","https://www.habitaclia.com/i32361000003243","2024-02-04","960714992<br> 655121880","info@valenciamacasa.com","No","Muy bueno","","No","No contactado","1780","3","2","120","1000","8","149","Alta"
"habitaclia","01108VMC","Alquiler","Plurifamiliar","","","Valencia","Valencia","Camins al Grau","Penya - Roja - Avda. Francia","39.4568217865","-0.3449582135","0","Profesional","VALENCIA MA CASA","Sí","Sí","Sí","No","No","Sí","No","Sí","https://images.habimg.com/imgh/079965d3-ba8a-4d61-8095-46f576c9c0ddG.jpg","https://www.habitaclia.com/i32361000003090","2023-12-04","960714992<br> 655121880","info@valenciamacasa.com","No","Muy bueno","","No","No contactado","1781","2","2","100","1400","14","211","Alta"
"Fotocasa","4201","Alquiler","Plurifamiliar","Piso en Alquiler en calle Faustí Valenti, 1, Malilla","46026","Valencia","Valencia","Quatre Carreres","Malilla","39.4392328","-0.3795438","13º","Profesional","BASICO HOMES GESTION, S.L.","Sí","Sí","No","No","No","Sí","No","Sí","","https://www.fotocasa.es/Building/Building_Detail.aspx?ai=177872550&tti=2","2023-05-18","","","No","Muy bueno","","No","No contactado","1782","3","2","90","1150","12","411","Alta"
"Fotocasa","A004RM","Alquiler","Plurifamiliar","Piso en Alquiler en Sant Francesc","46002","Valencia","Valencia","Ciutat Vella","Sant Francesc","39.4700796451","-0.3737206939","2º","Profesional","Spaces&Places","Sí","Sí","Sí","No","No","No","No","No","https://static.fotocasa.es/images/ads/fc16950a-45c1-46b6-b1e5-95b152aa2540?rule=feeds_1920x1080","https://www.fotocasa.es/Building/Building_Detail.aspx?ai=183680426&tti=2","2024-06-26","962470857","i.spacesandplaces.8869.36@inmovilla.com","No","Muy bueno","","No","No contactado","1783","1","1","65","1299","19","6","Alta"
"milanuncios","514692199","Alquiler","Plurifamiliar","El Perellonet","46012","Valencia","Valencia","El Perellonet","","39.3101685012","-0.2929485988","4","Particular","","No","Sí","No","No","Sí","No","No","No","","https://www.milanuncios.com/anuncios/r514692199.htm","2024-05-27","","","No","","","No","No contactado","1784","2","1","84","1800","21","36","Alta"
"Fotocasa","4201","Alquiler","Plurifamiliar","Piso en Alquiler en calle Faustí Valenti, 1, Malilla","46026","Valencia","Valencia","Quatre Carreres","Malilla","39.4392328","-0.3795438","13º","Profesional","BASICO HOMES GESTION, S.L.","Sí","Sí","No","No","No","Sí","No","Sí","","https://www.fotocasa.es/Building/Building_Detail.aspx?ai=177872550&tti=2","2023-05-18","","","No","Muy bueno","","No","No contactado","1785","3","2","90","1150","12","411","Alta"
"Fotocasa","PIS0161","Alquiler","Plurifamiliar","Piso en Alquiler en Aiora","46022","Valencia","Valencia","Camins al Grau","Aiora","39.4651162275","-0.3371050816","2º","Profesional","Inmobiliarias con garantía Finaer","Sí","No","No","No","No","No","No","No","https://static.fotocasa.es/images/ads/94b8f78d-a226-4114-95f7-5fce184e48c8?rule=feeds_1920x1080","https://www.fotocasa.es/Building/Building_Detail.aspx?ai=183627246&tti=2","2024-06-19","955530639","w3168@inmoweb.email","No","Muy bueno","","No","No contactado","1786","2","1","60","1300","21","13","Alta"
"habitaclia","00948VMC","Alquiler","Plurifamiliar","","","Valencia","Valencia","Poblats Marítims","Beteró","39.4728217865","-0.3365482135","0","Profesional","VALENCIA MA CASA","Sí","Sí","No","No","No","No","No","No","https://images.habimg.com/imgh/18aa3202-8a6a-46d4-99ba-9ea7b9d73bcfG.jpg","https://www.habitaclia.com/i32361000002967","2023-11-01","960714992<br> 655121880","info@valenciamacasa.com","No","Muy bueno","","No","No contactado","1787","3","2","95","1100","11","244","Alta"
"habitaclia","01502VMC","Alquiler","Plurifamiliar","","","Valencia","Valencia","Poblats Marítims","El Cabanyal - El Canyamelar","39.4643117865","-0.3314382135","0","Profesional","VALENCIA MA CASA","Sí","No","No","No","No","No","No","No","https://images.habimg.com/imgh/16ad86f9-1e4d-4b77-b042-5e01286f49b1G.jpg","https://www.habitaclia.com/i32361000003038","2023-11-15","960714992<br> 655121880","info@valenciamacasa.com","No","Muy bueno","","No","No contactado","1788","3","1","90","1000","11","230","Alta"
"habitaclia","3960","Alquiler","Plurifamiliar","-ALQUILER CORTA ESTANCIA.- Piso de 2 dormitorios, amueblado, con ascensor.","","Valencia","Valencia","Poblats Marítims","El Cabanyal - El Canyamelar","39.4741510786","-0.3295311214","0","Profesional","AREA MARITIMA","No","Sí","No","No","No","No","No","No","https://images.habimg.com/imgh/074f6e07-e809-42ab-8a18-2b8acedcfd6fG.jpg","https://www.habitaclia.com/i8303004430881","2024-04-15","963554444","saplaya@areamaritima.com","No","Muy bueno","","No","No contactado","1789","2","1","69","1000","14","78","Alta"
"milanuncios","517514639","Alquiler","Plurifamiliar","València","46021","Valencia","Valencia","El Pla del Real","Mestalla","39.4744660012","-0.3549397988","","Profesional","Valencia Ma Casa","No","Sí","No","No","No","No","No","No","https://images.habimg.com/imgh/102f9a97-2623-4e84-8050-d2242235e14aG.jpg","https://www.milanuncios.com/anuncios/r517514639.htm","2024-06-23","962940167","valenciamacasa388d@realestate.com","No","","","No","No contactado","1790","3","2","100","1270","12","9","Alta"
"habitaclia","CENTELLES","Alquiler","Plurifamiliar","","","Valencia","Valencia","L'Eixample","Russafa","39.4579287786","-0.3759049214","1","Profesional","VALENTIA SERVICIOS INMOBILIARIOS O.E.","Sí","Sí","Sí","No","Sí","No","No","No","https://images.habimg.com/imgh/1d90b631-1766-47ab-8b62-5b0b911bec83G.jpg","https://www.habitaclia.com/i32820000000123","2024-05-20","657059763","valentiainmobiliaria@gmail.com","No","Muy bueno","","No","No contactado","1791","3","2","150","1800","12","43","Alta"
"habitaclia","1299-24-ALQUILER","Alquiler","Plurifamiliar","Alquiler de Piso en calle d''Ángel Villena Valencia","","Valencia","Valencia","Quatre Carreres","Na Rovella - Hermanos Maristas","39.4486441786","-0.3676258214","0","Profesional","INMOPOLT GESTION INMOBILIARIA","Sí","Sí","No","No","No","No","No","No","https://images.habimg.com/imgh/35926-img1130-477993828G.jpg","https://www.habitaclia.com/i35926000001130","2024-06-19","607987171","info@inmopolt.com","No","Muy bueno","","No","No contactado","1792","3","2","100","2480","24","13","Alta"
"habitaclia","00812VMC","Alquiler","Plurifamiliar","","","Valencia","Valencia","Algirós","Ciutat Jardí","39.4724617865","-0.3426582135","0","Profesional","VALENCIA MA CASA","Sí","Sí","No","No","No","No","No","No","https://images.habimg.com/imgh/19aa54e5-ee3f-4d30-b2ba-557a33a58b2bG.jpg","https://www.habitaclia.com/i32361000003243","2024-02-04","960714992<br> 655121880","info@valenciamacasa.com","No","Muy bueno","","No","No contactado","1793","3","2","120","1000","8","149","Alta"
"habitaclia","01108VMC","Alquiler","Plurifamiliar","","","Valencia","Valencia","Camins al Grau","Penya - Roja - Avda. Francia","39.4568217865","-0.3449582135","0","Profesional","VALENCIA MA CASA","Sí","Sí","Sí","No","No","Sí","No","Sí","https://images.habimg.com/imgh/079965d3-ba8a-4d61-8095-46f576c9c0ddG.jpg","https://www.habitaclia.com/i32361000003090","2023-12-04","960714992<br> 655121880","info@valenciamacasa.com","No","Muy bueno","","No","No contactado","1794","2","2","100","1400","14","211","Alta"
"habitaclia","CENTELLES","Alquiler","Plurifamiliar","","","Valencia","Valencia","L'Eixample","Russafa","39.4579287786","-0.3759049214","1","Profesional","VALENTIA SERVICIOS INMOBILIARIOS O.E.","Sí","Sí","Sí","No","Sí","No","No","No","https://images.habimg.com/imgh/1d90b631-1766-47ab-8b62-5b0b911bec83G.jpg","https://www.habitaclia.com/i32820000000123","2024-05-20","657059763","valentiainmobiliaria@gmail.com","No","Muy bueno","","No","No contactado","1795","3","2","150","1800","12","43","Alta"
"habitaclia","01071VMC","Alquiler","Unifamiliar","","","Valencia","Valencia","Poblats Marítims","El Cabanyal - El Canyamelar","39.4712217865","-0.3284882135","0","Profesional","VALENCIA MA CASA","Sí","No","No","No","No","No","No","No","https://images.habimg.com/imgh/02b6d017-a74b-4e1b-8deb-1e16c78a0521G.jpg","https://www.habitaclia.com/i32361000003182","2024-01-19","960714992<br> 655121880","info@valenciamacasa.com","No","Muy bueno","","No","No contactado","1796","3","2","150","1200","8","165","Alta"
"habitaclia","01218VMC","Alquiler","Plurifamiliar","","","Valencia","Valencia","Algirós","L'Illa Perduda","39.4701617865","-0.3420282135","0","Profesional","VALENCIA MA CASA","Sí","Sí","No","No","No","No","No","No","https://images.habimg.com/imgh/1187d8e5-d7e6-4839-a454-d9983d31e7efG.jpg","https://www.habitaclia.com/i32361000003169","2024-01-15","960714992<br> 655121880","info@valenciamacasa.com","No","Muy bueno","","No","No contactado","1797","3","2","120","1100","9","169","Alta"
"milanuncios","479716893","Alquiler","Plurifamiliar","València","46021","Valencia","Valencia","Algirós","L'Amistat","39.4756501012","-0.3466498988","","Profesional","Valencia Ma Casa","Sí","Sí","No","No","No","No","No","No","https://images.habimg.com/imgh/0507bd8a-9722-4cd5-92ea-c2efce3fe1c2G.jpg","https://www.milanuncios.com/anuncios/r479716893.htm","2023-03-08","962940167","valenciamacasa388d@realestate.com","No","","","No","No contactado","1798","3","1","75","1100","14","482","Alta"
"habitaclia","01071VMC","Alquiler","Unifamiliar","","","Valencia","Valencia","Poblats Marítims","El Cabanyal - El Canyamelar","39.4712217865","-0.3284882135","0","Profesional","VALENCIA MA CASA","Sí","No","No","No","No","No","No","No","https://images.habimg.com/imgh/02b6d017-a74b-4e1b-8deb-1e16c78a0521G.jpg","https://www.habitaclia.com/i32361000003182","2024-01-19","960714992<br> 655121880","info@valenciamacasa.com","No","Muy bueno","","No","No contactado","1799","3","2","150","1200","8","165","Alta"
"habitaclia","00948VMC","Alquiler","Plurifamiliar","","","Valencia","Valencia","Poblats Marítims","Beteró","39.4728217865","-0.3365482135","0","Profesional","VALENCIA MA CASA","Sí","Sí","No","No","No","No","No","No","https://images.habimg.com/imgh/18aa3202-8a6a-46d4-99ba-9ea7b9d73bcfG.jpg","https://www.habitaclia.com/i32361000002967","2023-11-01","960714992<br> 655121880","info@valenciamacasa.com","No","Muy bueno","","No","No contactado","1800","3","2","95","1100","11","244","Alta"
"milanuncios","515588643","Alquiler","Plurifamiliar","València","46018","Valencia","Valencia","Patraix","Barrio de Patraix","39.4674163004","-0.3894270807","","Profesional","Finaer","No","No","No","No","No","No","No","No","https://images.habimg.com/imgh/02d91c62-0bd7-475e-98c4-3d18cd52d81eG.jpg","https://www.milanuncios.com/anuncios/r515588643.htm","2024-06-05","696587039","inmobiliariascongarantiafinaere6e5@realestate.com","No","","","No","No contactado","1801","2","1","69","1200","17","27","Alta"
"habitaclia","01502VMC","Alquiler","Plurifamiliar","","","Valencia","Valencia","Poblats Marítims","El Cabanyal - El Canyamelar","39.4643117865","-0.3314382135","0","Profesional","VALENCIA MA CASA","Sí","No","No","No","No","No","No","No","https://images.habimg.com/imgh/16ad86f9-1e4d-4b77-b042-5e01286f49b1G.jpg","https://www.habitaclia.com/i32361000003038","2023-11-15","960714992<br> 655121880","info@valenciamacasa.com","No","Muy bueno","","No","No contactado","1802","3","1","90","1000","11","230","Alta"
"milanuncios","516801074","Alquiler","Unifamiliar","San Antonio - C/ de la Llanterna","46001","Valencia","Valencia","Ciutat Vella","El Mercat","39.472108","-0.3785588","8","Particular","","No","Sí","Sí","No","Sí","No","No","No","","https://www.milanuncios.com/anuncios/r516801074.htm","2024-06-15","","","No","","","No","No contactado","1803","2","2","70","1400","20","17","Alta"
"habitaclia","00868VMC","Alquiler","Plurifamiliar","","","Valencia","Valencia","Algirós","La Carrasca","39.4773117865","-0.3487282135","0","Profesional","VALENCIA MA CASA","Sí","Sí","No","No","No","No","No","No","https://images.habimg.com/imgh/49d5f2d0-7921-43ce-be9d-fbaf89fe1517G.jpg","https://www.habitaclia.com/i32361000003225","2024-02-03","960714992<br> 655121880","info@valenciamacasa.com","No","Muy bueno","","No","No contactado","1804","1","1","45","850","18","150","Alta"
"milanuncios","517514639","Alquiler","Plurifamiliar","València","46021","Valencia","Valencia","El Pla del Real","Mestalla","39.4744660012","-0.3549397988","","Profesional","Valencia Ma Casa","No","Sí","No","No","No","No","No","No","https://images.habimg.com/imgh/102f9a97-2623-4e84-8050-d2242235e14aG.jpg","https://www.milanuncios.com/anuncios/r517514639.htm","2024-06-23","962940167","valenciamacasa388d@realestate.com","No","","","No","No contactado","1805","3","2","100","1270","12","9","Alta"
"habitaclia","AV2406020","Alquiler","Plurifamiliar","Piso en alquiler en El Cabañal","","Valencia","Valencia","Poblats Marítims","El Cabanyal - El Canyamelar","39.4645641786","-0.3303848214","0","Profesional","APROPERTIES REAL ESTATE - VALENCIA","Sí","No","No","No","No","No","No","No","https://images.habimg.com/imgh/4737-img3821616-477266672G.jpg","https://www.habitaclia.com/i4737003821616","2024-06-10","961285965","leadsapvalencia@aproperties.es","No","Muy bueno","","No","No contactado","1806","2","1","60","1300","21","22","Alta"
"Fotocasa","1821","Alquiler","Plurifamiliar","Piso en Alquiler en  Carrer de les Salines, El Carme","46003","Valencia","Valencia","Ciutat Vella","El Carme","39.4768195711","-0.3790552289","2º","Profesional","ALAMEDA 10DT","Sí","Sí","Sí","Sí","No","Sí","Sí","Sí","https://static.fotocasa.es/images/ads/748d90ca-9273-438d-952b-ba350159e6e8?rule=feeds_1920x1080","https://www.fotocasa.es/Building/Building_Detail.aspx?ai=183925226&tti=2","2024-07-24","961281558","info@alameda10dt.com","No","Muy bueno","","No","No contactado","1807","2","1","59","1200","20","5","Alta"
"habitaclia","4506759","Alquiler","Plurifamiliar","Abstenerse inmobiliarias","46007","Valencia","Valencia","Patraix","Safranar","39.4554896718","-0.3994718868","1","Particular","","Sí","Sí","No","No","No","No","No","No","https://images.habimg.com/imgh/500-img4506759-387638145G.jpg","https://www.habitaclia.com/i500004506759","2023-07-20","632353983","m.planells@multicodemobile.com","No","Muy bueno","","No","No contactado","1808","1","1","62","975","15","348","Alta"
"milanuncios","507174736","Alquiler","Unifamiliar","La Torre - Carrer del Castell de Cullera","46017","Valencia","Valencia","La Torre","","39.433887","-0.3928743","Bajos","Particular","","Sí","No","No","No","No","No","No","No","","https://www.milanuncios.com/anuncios/r507174736.htm","2024-02-22","","","No","","","No","No contactado","1809","2","2","150","600","4","131","Alta"
"milanuncios","514680019","Alquiler","Plurifamiliar","València","46018","Valencia","Valencia","L'Olivereta","Nou Moles","39.4733960012","-0.3940355988","","Profesional","Person Inmobiliaria","Sí","Sí","No","No","No","No","No","No","https://images.habimg.com/imgh/00509eaf-6538-4335-9ac5-febf729af5c3G.jpg","https://www.milanuncios.com/anuncios/r514680019.htm","2024-05-27","962647592","personinmobiliaria6e78@realestate.com","No","","","No","No contactado","1810","3","1","72","1100","15","36","Alta"
"milanuncios","514680019","Alquiler","Plurifamiliar","València","46018","Valencia","Valencia","L'Olivereta","Nou Moles","39.4733960012","-0.3940355988","","Profesional","Person Inmobiliaria","Sí","Sí","No","No","No","No","No","No","https://images.habimg.com/imgh/00509eaf-6538-4335-9ac5-febf729af5c3G.jpg","https://www.milanuncios.com/anuncios/r514680019.htm","2024-05-27","962647592","personinmobiliaria6e78@realestate.com","No","","","No","No contactado","1811","3","1","72","1100","15","36","Alta"
"milanuncios","517331835","Alquiler","Plurifamiliar","València","46009","Valencia","Valencia","La Saïdia","Marxalenes","39.4863307012","-0.3787817988","5","Profesional","SERINFO 1998  S L","Sí","Sí","No","No","No","No","No","No","https://images.habimg.com/imgh/66f77ba5-70fd-4128-9156-33ef71a7e548G.jpg","https://www.milanuncios.com/anuncios/r517331835.htm","2024-06-20","962641584","serinfo2d96@realestate.com","No","","","No","No contactado","1812","1","2","46","825","17","12","Alta"
"habitaclia","PIS0160","Alquiler","Plurifamiliar","Piso en Av. de la Constitución, La Saidïa, Valencia","","Valencia","Valencia","La Saïdia","Tormos","39.4900611393","-0.3757712849","0","Profesional","Inmobiliarias con garantía Finaer","Sí","Sí","No","No","No","No","No","No","https://images.habimg.com/imgh/262288df-6e65-435a-9acd-f1e303b999d2G.jpg","https://www.habitaclia.com/i47750000000179","2024-06-19","0","w3168@inmoweb.email","No","Muy bueno","","No","No contactado","1813","2","1","80","1100","13","13","Alta"
"habitaclia","BC2002","Alquiler","Plurifamiliar","","","Valencia","Valencia","La Saïdia","Trinitat","39.4820732722","-0.3702244278","0","Profesional","BENICASA 2002 SERVICIOS INMOBILIARIOS","Sí","Sí","No","No","No","No","No","No","https://images.habimg.com/imgh/1dd39d82-a429-4406-9b7a-d6f97d89aec3G.jpg","https://www.habitaclia.com/i41070000001510","2024-06-26","963656620","serviciosinmobiliariosbc2002@outlook.es","No","Muy bueno","","No","No contactado","1814","3","1","85","1200","14","34","Alta"
"habitaclia","BC2200","Alquiler","Plurifamiliar","BONITO BAJO VIVIENDA EN BENICALAP","","Valencia","Valencia","Benicalap","Barrio de Benicalap","39.4897334865","-0.3883860135","0","Profesional","BENICASA 2002 SERVICIOS INMOBILIARIOS","Sí","No","No","No","No","No","No","No","https://images.habimg.com/imgh/18504d52-b6fe-48ac-971b-51b41e5300d6G.jpg","https://www.habitaclia.com/i41070000001498","2024-06-21","963656620","serviciosinmobiliariosbc2002@outlook.es","No","Muy bueno","","No","No contactado","1815","1","1","60","985","16","11","Alta"
"milanuncios","517020294","Alquiler","Plurifamiliar","València","46022","Valencia","Valencia","Algirós","Ciutat Jardí","39.4764002012","-0.3425975988","9","Profesional","Yourentaflat S L","No","Sí","No","No","No","No","No","No","https://images.habimg.com/imgh/11a5b63f-58d1-458f-bb68-808376fe1b72G.jpg","https://www.milanuncios.com/anuncios/r517020294.htm","2024-06-17","955444401","live4life7722@realestate.com","No","","","No","No contactado","1816","4","2","100","1500","15","15","Alta"
"milanuncios","507174736","Alquiler","Unifamiliar","La Torre - Carrer del Castell de Cullera","46017","Valencia","Valencia","La Torre","","39.433887","-0.3928743","Bajos","Particular","","Sí","No","No","No","No","No","No","No","","https://www.milanuncios.com/anuncios/r507174736.htm","2024-02-22","","","No","","","No","No contactado","1817","2","2","150","600","4","131","Alta"
"habitaclia","1375","Alquiler","Plurifamiliar","Alquiler de piso en Dr. Waksman","","Valencia","Valencia","Quatre Carreres","En Corts - Doctor Waksman","39.4560417865","-0.3735182135","0","Profesional","ARK & KASA","No","Sí","Sí","No","No","No","No","No","https://images.habimg.com/imgh/135de94b-1f54-4e4f-87e2-9adcf62611a2G.jpg","https://www.habitaclia.com/i49068000000064","2024-05-23","961014150","valencia@ark-kasa.com","No","Muy bueno","","No","No contactado","1818","5","2","154","1600","10","40","Alta"
"habitaclia","4506759","Alquiler","Plurifamiliar","Abstenerse inmobiliarias","46007","Valencia","Valencia","Patraix","Safranar","39.4554896718","-0.3994718868","1","Particular","","Sí","Sí","No","No","No","No","No","No","https://images.habimg.com/imgh/500-img4506759-387638145G.jpg","https://www.habitaclia.com/i500004506759","2023-07-20","632353983","m.planells@multicodemobile.com","No","Muy bueno","","No","No contactado","1819","1","1","62","975","15","348","Alta"
"habitaclia","PIS0160","Alquiler","Plurifamiliar","Piso en Av. de la Constitución, La Saidïa, Valencia","","Valencia","Valencia","La Saïdia","Tormos","39.4900611393","-0.3757712849","0","Profesional","Inmobiliarias con garantía Finaer","Sí","Sí","No","No","No","No","No","No","https://images.habimg.com/imgh/262288df-6e65-435a-9acd-f1e303b999d2G.jpg","https://www.habitaclia.com/i47750000000179","2024-06-19","0","w3168@inmoweb.email","No","Muy bueno","","No","No contactado","1820","2","1","80","1100","13","13","Alta"
"milanuncios","516425974","Alquiler","Plurifamiliar","València","46020","Valencia","Valencia","Benimaclet","Barrio de Benimaclet","39.4898944012","-0.3555663988","","Profesional","IPISOS","Sí","Sí","No","No","No","No","No","No","https://images.habimg.com/imgh/008de17b-5de1-4cdf-b153-ec2c2708a929G.jpg","https://www.milanuncios.com/anuncios/r516425974.htm","2024-06-12","962949187","ipisosb78b@realestate.com","No","","","No","No contactado","1821","3","2","98","1200","12","20","Alta"
"habitaclia","BC2200","Alquiler","Plurifamiliar","BONITO BAJO VIVIENDA EN BENICALAP","","Valencia","Valencia","Benicalap","Barrio de Benicalap","39.4897334865","-0.3883860135","0","Profesional","BENICASA 2002 SERVICIOS INMOBILIARIOS","Sí","No","No","No","No","No","No","No","https://images.habimg.com/imgh/18504d52-b6fe-48ac-971b-51b41e5300d6G.jpg","https://www.habitaclia.com/i41070000001498","2024-06-21","963656620","serviciosinmobiliariosbc2002@outlook.es","No","Muy bueno","","No","No contactado","1822","1","1","60","985","16","11","Alta"
"habitaclia","1375","Alquiler","Plurifamiliar","Alquiler de piso en Dr. Waksman","","Valencia","Valencia","Quatre Carreres","En Corts - Doctor Waksman","39.4560417865","-0.3735182135","0","Profesional","ARK & KASA","No","Sí","Sí","No","No","No","No","No","https://images.habimg.com/imgh/135de94b-1f54-4e4f-87e2-9adcf62611a2G.jpg","https://www.habitaclia.com/i49068000000064","2024-05-23","961014150","valencia@ark-kasa.com","No","Muy bueno","","No","No contactado","1823","5","2","154","1600","10","40","Alta"
"milanuncios","514692199","Alquiler","Plurifamiliar","El Perellonet","46012","Valencia","Valencia","El Perellonet","","39.3082467454","-0.2948703546","4","Particular","","No","Sí","No","No","Sí","No","No","No","","https://www.milanuncios.com/anuncios/r514692199.htm","2024-05-27","","","No","","","No","No contactado","1824","2","1","84","1800","21","61","Alta"
"milanuncios","479713752","Alquiler","Plurifamiliar","València","46021","Valencia","Valencia","Algirós","L'Amistat","39.4738494012","-0.3468382988","","Profesional","Valencia Ma Casa","Sí","Sí","No","No","No","No","No","No","https://images.habimg.com/imgh/04a85d35-d648-4c4c-a4ca-bacbbd194b33G.jpg","https://www.milanuncios.com/anuncios/r479713752.htm","2023-03-08","962940167","valenciamacasa388d@realestate.com","No","","","No","No contactado","1825","4","2","110","1500","13","482","Alta"
"habitaclia","1771","Alquiler","Plurifamiliar","","","Valencia","Valencia","La Saïdia","Tormos","39.4914871544","-0.3757084456","0","Profesional","ALAMEDA 10DT","Sí","Sí","No","No","No","No","No","No","https://images.habimg.com/imgh/043b6506-ec25-4ca2-ba76-0aa7d2507fe3G.jpg","https://www.habitaclia.com/i43366000000843","2024-06-28","690062272","info@alameda10dt.com","No","Muy bueno","","No","No contactado","1826","3","1","90","975","10","12","Alta"
"milanuncios","479713752","Alquiler","Plurifamiliar","València","46021","Valencia","Valencia","Algirós","L'Amistat","39.4738494012","-0.3468382988","","Profesional","Valencia Ma Casa","Sí","Sí","No","No","No","No","No","No","https://images.habimg.com/imgh/04a85d35-d648-4c4c-a4ca-bacbbd194b33G.jpg","https://www.milanuncios.com/anuncios/r479713752.htm","2023-03-08","962940167","valenciamacasa388d@realestate.com","No","","","No","No contactado","1827","4","2","110","1500","13","482","Alta"
"milanuncios","514362756","Alquiler","Plurifamiliar","València","46022","Valencia","Valencia","Camins al Grau","Aiora","39.4680931024","-0.3493703976","","Profesional","Expercasa Burjassot","Sí","Sí","No","No","No","No","No","No","https://images.habimg.com/imgh/0041ced3-a215-4de3-a349-aef3f6a0b88cG.jpg","https://www.milanuncios.com/anuncios/r514362756.htm","2024-05-23","962946402","expercasaburjassotfa84@realestate.com","No","","","No","No contactado","1828","4","2","120","1900","15","48","Alta"
"milanuncios","517020294","Alquiler","Plurifamiliar","València","46022","Valencia","Valencia","Algirós","Ciutat Jardí","39.4764002012","-0.3425975988","9","Profesional","Yourentaflat S L","No","Sí","No","No","No","No","No","No","https://images.habimg.com/imgh/11a5b63f-58d1-458f-bb68-808376fe1b72G.jpg","https://www.milanuncios.com/anuncios/r517020294.htm","2024-06-17","955444401","live4life7722@realestate.com","No","","","No","No contactado","1829","4","2","100","1500","15","15","Alta"
"Fotocasa",":A:48139","Alquiler","Plurifamiliar","Piso en Alquiler en Morvedre","46009","Valencia","Valencia","La Saïdia","Morvedre","39.4838304844","-0.3785975156","7º","Profesional","GRUPO 90 CENTRAL","Sí","Sí","Sí","No","No","No","No","No","https://static.fotocasa.es/images/ads/4f58ee4a-f812-49fe-8d23-97676f098c62?rule=feeds_1920x1080","https://www.fotocasa.es/Building/Building_Detail.aspx?ai=183870920&tti=2","2024-07-18","963489732","publicidad@grupo90.es","No","Muy bueno","","No","No contactado","1830","4","3","120","1299","10","1","Alta"
"milanuncios","516425974","Alquiler","Plurifamiliar","València","46020","Valencia","Valencia","Benimaclet","Barrio de Benimaclet","39.4898944012","-0.3555663988","","Profesional","IPISOS","Sí","Sí","No","No","No","No","No","No","https://images.habimg.com/imgh/008de17b-5de1-4cdf-b153-ec2c2708a929G.jpg","https://www.milanuncios.com/anuncios/r516425974.htm","2024-06-12","962949187","ipisosb78b@realestate.com","No","","","No","No contactado","1831","3","2","98","1200","12","20","Alta"
"milanuncios","517331835","Alquiler","Plurifamiliar","València","46009","Valencia","Valencia","La Saïdia","Marxalenes","39.4863307012","-0.3787817988","5","Profesional","SERINFO 1998  S L","Sí","Sí","No","No","No","No","No","No","https://images.habimg.com/imgh/66f77ba5-70fd-4128-9156-33ef71a7e548G.jpg","https://www.milanuncios.com/anuncios/r517331835.htm","2024-06-20","962641584","serinfo2d96@realestate.com","No","","","No","No contactado","1832","1","2","46","825","17","12","Alta"
"milanuncios","514897544","Alquiler","Plurifamiliar","València","46005","Valencia","Valencia","L'Eixample","Zona Gran Via","39.4639527943","-0.3684972057","5","Profesional","SARA ANGELA RAMON SANTA MARIA","Sí","Sí","No","No","No","No","No","No","https://images.habimg.com/imgh/294578c4-a9b4-48bc-98db-b05b5fb46fe4G.jpg","https://www.milanuncios.com/anuncios/r514897544.htm","2024-05-29","960964624","donagermanainmobiliaria1d59@realestate.com","No","","","No","No contactado","1833","5","1","111","1600","14","62","Alta"
"milanuncios","519533107","Alquiler","Plurifamiliar","València","46020","Valencia","Valencia","Benimaclet","Camí de Vera","39.4895432943","-0.3593687057","","Profesional","TECNOCASA BENIMACLET   ESTUDIO DESARROLLO BENIMACL","Sí","Sí","No","No","No","No","Sí","No","https://images.habimg.com/imgh/3124777c-583a-4969-8858-9df8987c35daG.jpg","https://www.milanuncios.com/anuncios/r519533107.htm","2024-07-15","962471287","tecnocasabenimacletestudiodesardaaf@realestate.com","No","","","No","No contactado","1834","5","2","141","1500","10","15","Alta"
"milanuncios","479713752","Alquiler","Plurifamiliar","València","46021","Valencia","Valencia","Algirós","L'Amistat","39.4713120943","-0.3493756057","","Profesional","Valencia Ma Casa","Sí","Sí","No","No","No","No","No","No","https://images.habimg.com/imgh/04a85d35-d648-4c4c-a4ca-bacbbd194b33G.jpg","https://www.milanuncios.com/anuncios/r479713752.htm","2023-03-08","962940167","valenciamacasa388d@realestate.com","No","","","No","No contactado","1835","4","2","110","1500","13","510","Alta"
"Fotocasa","36437755","Alquiler","Plurifamiliar","Piso en Alquiler en  Carrer de Gascó Oliag, Ciutat Universitària","46010","Valencia","Valencia","El Pla del Real","Ciutat Universitària","39.47783109","-0.35766021","2º","Profesional","LIVE 4 LIFE","Sí","Sí","Sí","Sí","Sí","Sí","Sí","Sí","https://static.fotocasa.es/images/ads/959a6804-9f3a-4526-aae2-fd3499941125?rule=feeds_1920x1080","https://www.fotocasa.es/Building/Building_Detail.aspx?ai=183843467&tti=2","2024-07-15","962949801","dxxk@inbox.witei.com","No","Muy bueno","","No","No contactado","1836","4","2","120","1500","12","15","Alta"
"habitaclia","BC2002","Alquiler","Plurifamiliar","","","Valencia","Valencia","La Saïdia","Trinitat","39.4820732722","-0.3702244278","0","Profesional","BENICASA 2002 SERVICIOS INMOBILIARIOS","Sí","Sí","No","No","No","No","No","No","https://images.habimg.com/imgh/1dd39d82-a429-4406-9b7a-d6f97d89aec3G.jpg","https://www.habitaclia.com/i41070000001510","2024-06-26","963656620","serviciosinmobiliariosbc2002@outlook.es","No","Muy bueno","","No","No contactado","1837","3","1","85","1200","14","34","Alta"
"habitaclia","JURATS","Alquiler","Plurifamiliar","","","Valencia","Valencia","L'Olivereta","Tres Forques","39.4691026072","-0.4049373928","0","Profesional","BARCELONA COMFORT REALTY SL.","No","Sí","No","No","No","No","No","No","https://images.habimg.com/imgh/007984db-342f-4bc3-9c06-ff54a089699dG.jpg","https://www.habitaclia.com/i8194004429333","2023-05-17","934.616.261","barcelonacomfortrealty@gmail.com","No","Muy bueno","","No","No contactado","1838","3","1","75","1000","13","440","Alta"
"habitaclia","1204","Alquiler","Plurifamiliar","","","Valencia","Valencia","L'Eixample","Russafa","39.4631564","-0.3729269","2","Profesional","ALAMEDA 10DT","No","No","No","No","No","No","No","No","https://images.habimg.com/imgh/0a188fdf-b4d7-4e9e-9b95-a3d7ee7462e7G.jpg","https://www.habitaclia.com/i43366000000931","2024-07-25","690062272","info@alameda10dt.com","No","Muy bueno","","No","No contactado","1839","1","1","40","900","22","5","Alta"
"milanuncios","517406994","Alquiler","Plurifamiliar","València","46012","Valencia","Valencia","El Perellonet","","39.2796392943","-0.2783032057","6","Profesional","Ágora Inmobiliaria","Sí","Sí","No","No","No","No","No","No","https://images.habimg.com/imgh/00bdb358-701b-4a8f-9399-50ed97baff26G.jpg","https://www.milanuncios.com/anuncios/r517406994.htm","2024-06-21","962948542","agorainmobiliaria5a8c@realestate.com","No","","","No","No contactado","1840","1","1","63","1800","28","39","Alta"
"milanuncios","510934606","Alquiler","Unifamiliar","El Perellonet - Carrer de l''Escotilla","46012","Valencia","Valencia","El Perellonet","","39.279274","-0.2788238","2","Particular","","Sí","Sí","No","No","Sí","No","No","No","","https://www.milanuncios.com/anuncios/r510934606.htm","2024-04-10","","","No","","","No","No contactado","1841","2","1","70","600","8","111","Alta"
"milanuncios","520179755","Alquiler","Plurifamiliar","Zaidía - C/ de la Miraculosa","46009","Valencia","Valencia","La Saïdia","Morvedre","39.4843423","-0.3734896","2","Particular","","No","Sí","No","No","No","No","No","No","","https://www.milanuncios.com/anuncios/r520179755.htm","2024-07-21","","","No","","","No","No contactado","1842","4","1","85","1450","17","9","Alta"
"milanuncios","516801074","Alquiler","Unifamiliar","San Antonio - C/ de la Llanterna","46001","Valencia","Valencia","Ciutat Vella","El Mercat","39.472108","-0.3785588","8","Particular","","No","Sí","Sí","No","Sí","No","No","No","","https://www.milanuncios.com/anuncios/r516801074.htm","2024-06-15","","","No","","","No","No contactado","1843","2","2","70","1400","20","45","Alta"
"milanuncios","512270342","Alquiler","Plurifamiliar","València","46022","Valencia","Valencia","Camins al Grau","Aiora","39.4684901343","-0.3471941957","","Profesional","AYORA REAL ESTATE SL","Sí","Sí","No","No","No","No","No","No","https://images.habimg.com/imgh/0d8aecd8-455e-4eda-a81c-5649750d6223G.jpg","https://www.milanuncios.com/anuncios/r512270342.htm","2024-04-29","962645802","everlyhomeislaperdida59e3@realestate.com","No","","","No","No contactado","1844","6","2","109","375","3","92","Alta"
"Fotocasa","P3500","Alquiler","Plurifamiliar","Piso en Alquiler en Ciutat Jardí","46022","Valencia","Valencia","Algirós","Ciutat Jardí","39.4700809003","-0.3444842997","9º","Profesional","Person Inmobiliaria","Sí","Sí","Sí","Sí","No","Sí","Sí","Sí","https://static.fotocasa.es/images/ads/f4df38ea-bf37-465d-8b52-4c22e9e78851?rule=feeds_1920x1080","https://www.fotocasa.es/Building/Building_Detail.aspx?ai=183912764&tti=2","2024-07-23","962647592","kem@inbox.witei.com","No","Muy bueno","","No","No contactado","1845","3","1","110","1300","11","7","Alta"
"milanuncios","519973170","Alquiler","Plurifamiliar","València","46012","Valencia","Valencia","Pinedo","","39.4222858943","-0.3361574057","","Profesional","SERINFO 1998  S L","No","Sí","No","No","No","No","No","No","https://images.habimg.com/imgh/40322359-0dac-49fe-ad73-87b42e62bae5G.jpg","https://www.milanuncios.com/anuncios/r519973170.htm","2024-07-19","962641584","serinfo2d96@realestate.com","No","","","No","No contactado","1846","2","1","70","750","10","11","Muy alta"
"milanuncios","520255062","Alquiler","Plurifamiliar","València","46017","Valencia","Valencia","Jesús","L'Hort de Senabre","39.4556917943","-0.3908656057","","Profesional","Uniplaces","Sí","No","No","No","No","No","No","No","https://images.habimg.com/imgh/51b322de-0d12-442d-94cc-0049e503fc16G.jpg","https://www.milanuncios.com/anuncios/r520255062.htm","2024-07-23","919454608","uniplaces9f38@realestate.com","No","","","No","No contactado","1847","","1","20","665","33","7","Muy alta"
"milanuncios","513765888","Alquiler","Plurifamiliar","Avenida del Puerto","46011","Valencia","Valencia","Poblats Marítims","El Grau","39.4612167943","-0.3376024057","2","Particular","","No","Sí","Sí","No","Sí","No","No","No","","https://www.milanuncios.com/anuncios/r513765888.htm","2024-05-16","","","Sí","","","No","No contactado","1848","3","2","131","1600","12","75","Muy alta"
"Fotocasa","AV2407073","Alquiler","Plurifamiliar","Piso en Alquiler en  C/ de la Beneficència, El Carme","46003","Valencia","Valencia","Ciutat Vella","El Carme","39.47894089","-0.38226711","3º","Profesional","APROPERTIES REAL ESTATE - VALENCIA","Sí","Sí","No","No","No","No","No","No","https://static.inmofactory.com/images/inmofactory/documents/1/109791/36010298/662914692.jpg?rule=feeds_1920x1080","https://www.fotocasa.es/Building/Building_Detail.aspx?ai=183852621&tti=2","2024-07-16","960179239","leadsapvalencia@aproperties.es","No","Muy bueno","","No","No contactado","1849","1","1","48","1100","22","14","Muy alta"
"habitaclia","9337923","Alquiler","Plurifamiliar","Alquiler temporal de piso en València Capital  Aiora","","Valencia","Valencia","Camins al Grau","Aiora","39.4642596544","-0.3393785056","3","Profesional","area 46 INMOBILIARIA","No","No","No","No","No","No","No","No","https://images.habimg.com/imgh/163dfd63-3ab5-43dd-a2ed-db7c83e9ae92G.jpg","https://www.habitaclia.com/i44579000000226","2024-06-25","640137610","area_46@yahoo.es","No","Muy bueno","","No","No contactado","1850","2","1","90","900","10","15","Muy alta"
"milanuncios","512769199","Alquiler","Plurifamiliar","València","46006","Valencia","Valencia","Quatre Carreres","Mont-Olivet","39.4618854489","-0.3639152221","","Profesional","SALICO SERVICIOS INMOBILIARIOS","Sí","Sí","No","No","No","No","No","No","https://images.habimg.com/imgh/0a3c0a98-b81f-46a9-a2c5-16a18ef692f9G.jpg","https://www.milanuncios.com/anuncios/r512769199.htm","2024-05-06","962644521","salicoserviciosinmobiliarios60de@realestate.com","No","","","No","No contactado","1851","3","2","108","1100","10","73","Muy alta"
"milanuncios","512769199","Alquiler","Plurifamiliar","València","46006","Valencia","Valencia","Quatre Carreres","Mont-Olivet","39.4602312334","-0.3655694376","","Profesional","SALICO SERVICIOS INMOBILIARIOS","Sí","Sí","No","No","No","No","No","No","https://images.habimg.com/imgh/0a3c0a98-b81f-46a9-a2c5-16a18ef692f9G.jpg","https://www.milanuncios.com/anuncios/r512769199.htm","2024-05-06","962644521","salicoserviciosinmobiliarios60de@realestate.com","No","","","No","No contactado","1852","3","2","108","1150","10","65","Muy alta"
"habitaclia","1301","Alquiler","Plurifamiliar","EXCELENTE UBICACIÓN, JUNTO A LA AVENIDA DE ARAGÓN, APARTAMENTO REFORMADO DE 57 M2 MUY BONITO","","Valencia","Valencia","El Pla del Real","Mestalla","39.4702018223","-0.3571787777","4","Profesional","ALAMEDA 10DT","Sí","Sí","Sí","No","No","No","No","No","https://images.habimg.com/imgh/0959afa8-5c4d-4142-8501-e3eb1e7d4bf0G.jpg","https://www.habitaclia.com/i43366000000872","2024-07-05","690062272","info@alameda10dt.com","No","Muy bueno","","No","No contactado","1853","1","1","57","875","15","4","Muy alta"
"milanuncios","517803856","Alquiler","Plurifamiliar","València","46022","Valencia","Valencia","Algirós","Ciutat Jardí","39.472368577","-0.344046429","5","Profesional","Inmocuattro Patraix S L","No","Sí","No","No","No","No","Sí","No","https://images.habimg.com/imgh/099ac2cd-07d0-4f9a-8a19-da23ad8a4293G.jpg","https://www.milanuncios.com/anuncios/r517803856.htm","2024-06-26","963441210","inmocuattrovalenciaf1d6@realestate.com","No","","","No","No contactado","1854","2","1","79","900","11","19","Muy alta"
"habitaclia","2355","Alquiler","Plurifamiliar","2355","","Valencia","Valencia","Benimaclet","Barrio de Benimaclet","39.4851013612","-0.3563330388","2","Profesional","INMOBILIARIA EUROIN","Sí","Sí","No","No","No","No","No","No","https://images.habimg.com/imgh/08201506-923f-4a11-b715-83cb56d3041aG.jpg","https://www.habitaclia.com/i10956000000219","2024-07-02","963600862","euroin177@gmail.com","No","Muy bueno","","No","No contactado","1855","3","1","100","1000","10","6","Muy alta"
"habitaclia","260624","Alquiler","Plurifamiliar","","","Valencia","Valencia","Benicalap","Barrio de Benicalap","39.4929107228","-0.3964437772","2","Profesional","FAMILY HOUSE BENICALAP","No","No","No","No","No","No","No","No","https://images.habimg.com/imgh/113ec483-81af-48ba-8a2b-264a7b42b6a1G.jpg","https://www.habitaclia.com/i43355000000217","2024-06-26","963474592","info@benicalapgarbi.com","No","Muy bueno","","No","No contactado","1856","3","1","76","850","11","13","Muy alta"
"habitaclia","00877VMC","Alquiler","Plurifamiliar","","","Valencia","Valencia","El Pla del Real","Ciutat Universitària","39.4776617865","-0.3578482135","0","Profesional","VALENCIA MA CASA","Sí","Sí","No","No","No","No","No","No","https://images.habimg.com/imgh/7f8bc490-7274-4573-9de0-87f8e9ed3e1dG.jpg","https://www.habitaclia.com/i32361000003217","2024-02-02","960714992<br> 655121880","info@valenciamacasa.com","No","Muy bueno","","No","No contactado","1857","4","2","110","1300","11","151","Muy alta"
"habitaclia","00877VMC","Alquiler","Plurifamiliar","","","Valencia","Valencia","El Pla del Real","Ciutat Universitària","39.4776617865","-0.3578482135","0","Profesional","VALENCIA MA CASA","Sí","Sí","No","No","No","No","No","No","https://images.habimg.com/imgh/7f8bc490-7274-4573-9de0-87f8e9ed3e1dG.jpg","https://www.habitaclia.com/i32361000003217","2024-02-02","960714992<br> 655121880","info@valenciamacasa.com","No","Muy bueno","","No","No contactado","1858","4","2","110","1300","11","151","Muy alta"
"milanuncios","518227144","Alquiler","Plurifamiliar","Mestalla","46022","Valencia","Valencia","Algirós","La Carrasca","39.4788745173","-0.3388515882","2","Profesional","soraya","No","Sí","No","No","No","No","No","No","","https://www.milanuncios.com/anuncios/r518227144.htm","2024-07-02","685509385","inmosoraya@hotmail.com","No","","","No","No contactado","1859","4","2","120","1300","10","16","Muy alta"
"habitaclia","BC2209","Alquiler","Plurifamiliar","GRAN VIVIENDA REFORMADA EN L''AMISTAD","","Valencia","Valencia","Algirós","L'Amistat","39.4749194722","-0.3513427278","7","Profesional","BENICASA 2002 SERVICIOS INMOBILIARIOS","No","Sí","No","No","No","No","No","No","https://images.habimg.com/imgh/01107491-690f-4122-853f-5a66ee573193G.jpg","https://www.habitaclia.com/i41070000001492","2024-06-21","963656620","serviciosinmobiliariosbc2002@outlook.es","No","Muy bueno","","No","No contactado","1860","4","2","80","1500","18","39","Muy alta"
"milanuncios","500574095","Alquiler","Plurifamiliar","València","46026","Valencia","Valencia","Quatre Carreres","Malilla","39.451189684","-0.3732366038","","Profesional","SOLVIA SERVICIOS INMOBILIARIOS SL","No","Sí","No","No","No","No","No","No","https://images.habimg.com/imgh/225bb677-45ff-42c1-bb28-cd1a123b2c0aG.jpg","https://www.milanuncios.com/anuncios/r500574095.htm","2023-11-28","954201025","solviaserviciosinmobiliariossl43a1@realestate.com","No","","","No","No contactado","1861","3","1","79","975","12","245","Muy alta"
"milanuncios","509268909","Alquiler","Unifamiliar","Centro - C/ de Sant Vicent Màrtir","46007","Valencia","Valencia","Extramurs","La Roqueta","39.4664709","-0.3809754","7","Particular","","Sí","Sí","No","No","Sí","No","No","No","","https://www.milanuncios.com/anuncios/r509268909.htm","2024-03-15","","","No","","","No","No contactado","1862","4","3","101","1","","137","Muy alta"
"milanuncios","519476749","Alquiler","Plurifamiliar","Peris y Valero - C/ de la Fonteta de Sa","46013","Valencia","Valencia","Quatre Carreres","Na Rovella - Hermanos Maristas","39.4523914","-0.3711054","5","Particular","","No","Sí","No","No","Sí","No","No","No","","https://www.milanuncios.com/anuncios/r519476749.htm","2024-07-14","","","No","","","No","No contactado","1863","3","1","100","1000","10","16","Muy alta"
"milanuncios","519108647","Alquiler","Plurifamiliar","Nou Moles - Plaça de Roma","46018","Valencia","Valencia","L'Olivereta","Nou Moles","39.4712791443","-0.3984709978","5","Particular","","No","Sí","No","No","No","No","No","No","","https://www.milanuncios.com/anuncios/r519108647.htm","2024-07-11","","","No","","","No","No contactado","1864","1","1","15","300","20","19","Muy alta"
"Fotocasa","","Alquiler","Plurifamiliar","Piso en Alquiler en  Carrer de Moratín, 11, Sant Francesc","46002","Valencia","Valencia","Ciutat Vella","Sant Francesc","39.4711394743","-0.3758578693","","Particular","fmonlago35","Sí","Sí","No","No","No","No","No","No","https://static.fotocasa.es/images/anuncio/2024/07/11/183811244/3961665466.jpg?rule=feeds_1920x1080","https://www.fotocasa.es/Building/Building_Detail.aspx?ai=183811244&tti=1","2024-07-11","633956129","fmonlago35@gmail.com","No","Muy bueno","","No","No contactado","1865","2","2","110","1800","16","19","Muy alta"
"habitaclia","00035VMC","Alquiler","Plurifamiliar","","","Valencia","Valencia","Algirós","La Bega Baixa - Plaza Xúquer","39.4765960722","-0.3466339278","2","Profesional","VALENCIA MA CASA","Sí","Sí","No","No","No","No","No","No","https://images.habimg.com/imgh/05b27929-fd70-44a3-928e-48846c55f8c5G.jpg","https://www.habitaclia.com/i32361000003412","2024-05-11","960714992<br> 655121880","info@valenciamacasa.com","No","Muy bueno","","No","No contactado","1866","4","2","100","1300","13","80","Muy alta"
"habitaclia","46-137-2086","Alquiler","Plurifamiliar","Camí Fondo. Espectacular vivienda de tres habitaciones. Amueblada. Muy luminosa.","","Valencia","Valencia","Camins al Grau","Camí Fondo - Zona Baleares - Canarias","39.4640123786","-0.3522082214","0","Profesional","Indoper","Sí","Sí","No","No","No","No","No","No","https://images.habimg.com/imgh/04af734d-351b-4eb2-8572-6bdf26ee3656G.jpg","https://www.habitaclia.com/i25984000000082","2024-06-12","963617121","fernando@indoper.es","No","Muy bueno","","No","No contactado","1867","3","2","98","1275","13","20","Muy alta"
"milanuncios","491615160","Alquiler","Unifamiliar","Torrefiel - Avinguda del Doctor Peset A","46009","Valencia","Valencia","La Saïdia","Tormos","39.4911","-0.3781601","3","Particular","","No","No","No","No","No","No","No","No","","https://www.milanuncios.com/anuncios/r491615160.htm","2023-07-26","","","No","","","No","No contactado","1868","2","1","12","35","2","357","Muy alta"
"milanuncios","517612786","Alquiler","Plurifamiliar","zaidia - C/ de Maximilià Thous","46009","Valencia","Valencia","La Saïdia","Sant Antoni","39.4875565","-0.3733815","2","Profesional","encarna","No","Sí","No","No","No","No","No","No","","https://www.milanuncios.com/anuncios/r517612786.htm","2024-06-25","670116835","encarnamassuet55@gmail.com","No","","","No","No contactado","1869","3","2","90","1000","11","21","Muy alta"
"habitaclia","46-137-2086","Alquiler","Plurifamiliar","Camí Fondo. Espectacular vivienda de tres habitaciones. Amueblada. Muy luminosa.","","Valencia","Valencia","Camins al Grau","Camí Fondo - Zona Baleares - Canarias","39.4640123786","-0.3522082214","0","Profesional","Indoper","Sí","Sí","No","No","No","No","No","No","https://images.habimg.com/imgh/04af734d-351b-4eb2-8572-6bdf26ee3656G.jpg","https://www.habitaclia.com/i25984000000082","2024-06-12","963617121","fernando@indoper.es","No","Muy bueno","","No","No contactado","1870","3","2","98","1275","13","20","Muy alta"
"habitaclia","000146","Alquiler","Plurifamiliar","!!!!!!!!!SE ALQUILAN DOS HABITACIONES PARA ESTUDIANTES EN VALENCIA.","","Valencia","Valencia","Camins al Grau","Aiora","39.4671697697","-0.3505012303","6","Profesional","L&A BURJASSOT LLARS","Sí","No","No","No","No","No","No","No","https://images.habimg.com/imgh/08b0ffc3-e37c-4a25-91ff-072a70efd86eG.jpg","https://www.habitaclia.com/i26807000000604","2024-07-15","639280786","tarazonamocholi@gmail.com","No","Muy bueno","","No","No contactado","1871","4","2","120","250","2","2","Muy alta"
"habitaclia","6252VA","Alquiler","Plurifamiliar","Alquiler de Piso en calle de Cuba","","Valencia","Valencia","L'Eixample","Russafa","39.4604012786","-0.3760070214","0","Profesional","INFOAREA","No","Sí","No","No","No","No","No","No","https://images.habimg.com/imgh/005b52a0-4d41-4fbf-84ec-9fc08f0959b2G.jpg","https://www.habitaclia.com/i9768002787907","2024-06-21","963.447.474","infoarea@infoarea.es","No","Muy bueno","","No","No contactado","1872","3","1","80","1300","16","11","Muy alta"
"habitaclia","6252VA","Alquiler","Plurifamiliar","Alquiler de Piso en calle de Cuba","","Valencia","Valencia","L'Eixample","Russafa","39.4604012786","-0.3760070214","0","Profesional","INFOAREA","No","Sí","No","No","No","No","No","No","https://images.habimg.com/imgh/005b52a0-4d41-4fbf-84ec-9fc08f0959b2G.jpg","https://www.habitaclia.com/i9768002787907","2024-06-21","963.447.474","infoarea@infoarea.es","No","Muy bueno","","No","No contactado","1873","3","1","80","1300","16","11","Muy alta"
"habitaclia","CU532AL","Alquiler","Plurifamiliar","Alquiler zona Abastos","","Valencia","Valencia","Extramurs","Arrancapins","39.4671362163","-0.3910438305","3","Profesional","LLAVE MAESTRA PLAYA PERELLO","No","Sí","No","No","No","No","No","No","https://images.habimg.com/imgh/0235aca7-7c4e-418f-921e-6de18ce2ef07G.jpg","https://www.habitaclia.com/i46634000000289","2024-07-11","963348418","perello@llavemaestra.es","No","Muy bueno","","No","No contactado","1874","2","1","57","850","14","6","Muy alta"
"milanuncios","516162548","Alquiler","Plurifamiliar","València","46018","Valencia","Valencia","L'Olivereta","Tres Forques","39.4708115982","-0.4035684008","","Profesional","CAP I CASAL CONSULTORES CB","Sí","Sí","No","No","No","No","No","No","https://images.habimg.com/imgh/0ea7e2c1-2698-45e9-9001-3d16f012b1c7G.jpg","https://www.milanuncios.com/anuncios/r516162548.htm","2024-06-10","962948713","capicasalconsultores1595@realestate.com","No","","","No","No contactado","1875","3","1","75","1200","16","22","Muy alta"
"milanuncios","517936480","Alquiler","Plurifamiliar","València","46009","Valencia","Valencia","La Saïdia","Tormos","39.4903682024","-0.3768273976","","Profesional","VICENTE GARCÍA  JOSE ANGEL","Sí","Sí","No","No","No","No","No","No","https://images.habimg.com/imgh/043b6506-ec25-4ca2-ba76-0aa7d2507fe3G.jpg","https://www.milanuncios.com/anuncios/r517936480.htm","2024-06-28","961281558","alameda10dt69e2@realestate.com","No","","","No","No contactado","1876","3","1","90","975","10","12","Muy alta"
"habitaclia","10051123","Alquiler","Plurifamiliar","","","Valencia","Valencia","Algirós","L'Illa Perduda","39.470332881","-0.3400026652","6","Profesional","EVERLYHOME ISLA PERDIDA","No","Sí","No","No","No","No","No","No","https://images.habimg.com/imgh/298cd780-47b2-486d-aa61-38b5a755a5fcG.jpg","https://www.habitaclia.com/i8723003781185","2024-06-20","960031311","oficina@everlyhome.es","No","Muy bueno","","No","No contactado","1877","3","1","82","1050","12","12","Muy alta"
"habitaclia","inforavalencia.com","Alquiler","Plurifamiliar","Pobla de Fernals PISO COMPLETO","","Valencia","Valencia","Camins al Grau","Aiora","39.4681404865","-0.3488164135","0","Profesional","RA VALENCIA","Sí","No","No","No","No","No","No","No","https://images.habimg.com/imgh/0ca8fb3a-01a2-4efc-9cb7-d42108e384d0G.jpg","https://www.habitaclia.com/i50765000000029","2024-06-25","672087630","ravalencia2018@gmail.com","No","Muy bueno","","No","No contactado","1878","4","1","80","1330","16","7","Muy alta"
"milanuncios","516162548","Alquiler","Plurifamiliar","València","46018","Valencia","Valencia","L'Olivereta","Tres Forques","39.4708115982","-0.4035684008","","Profesional","CAP I CASAL CONSULTORES CB","Sí","Sí","No","No","No","No","No","No","https://images.habimg.com/imgh/0ea7e2c1-2698-45e9-9001-3d16f012b1c7G.jpg","https://www.milanuncios.com/anuncios/r516162548.htm","2024-06-10","962948713","capicasalconsultores1595@realestate.com","No","","","No","No contactado","1879","3","1","75","1200","16","22","Muy alta"
"habitaclia","10051123","Alquiler","Plurifamiliar","","","Valencia","Valencia","Algirós","L'Illa Perduda","39.470332881","-0.3400026652","6","Profesional","EVERLYHOME ISLA PERDIDA","No","Sí","No","No","No","No","No","No","https://images.habimg.com/imgh/298cd780-47b2-486d-aa61-38b5a755a5fcG.jpg","https://www.habitaclia.com/i8723003781185","2024-06-20","960031311","oficina@everlyhome.es","No","Muy bueno","","No","No contactado","1880","3","1","82","1050","12","12","Muy alta"
"habitaclia","inforavalencia.com","Alquiler","Plurifamiliar","Pobla de Fernals PISO COMPLETO","","Valencia","Valencia","Camins al Grau","Aiora","39.4681404865","-0.3488164135","0","Profesional","RA VALENCIA","Sí","No","No","No","No","No","No","No","https://images.habimg.com/imgh/0ca8fb3a-01a2-4efc-9cb7-d42108e384d0G.jpg","https://www.habitaclia.com/i50765000000029","2024-06-25","672087630","ravalencia2018@gmail.com","No","Muy bueno","","No","No contactado","1881","4","1","80","1330","16","7","Muy alta"
"milanuncios","517201035","Alquiler","Plurifamiliar","La Torre - Avinguda Real de Madrid","46017","Valencia","Valencia","La Torre","","39.43184","-0.3920865","3","Particular","","No","Sí","No","No","No","No","No","No","","https://www.milanuncios.com/anuncios/r517201035.htm","2024-06-18","","","No","","","No","No contactado","1882","2","1","100","900","9","14","Muy alta"
"milanuncios","491615160","Alquiler","Unifamiliar","Torrefiel - Avinguda del Doctor Peset A","46009","Valencia","Valencia","La Saïdia","Tormos","39.4911","-0.3781601","3","Particular","","No","No","No","No","No","No","No","No","","https://www.milanuncios.com/anuncios/r491615160.htm","2023-07-26","","","No","","","No","No contactado","1883","2","1","12","35","2","342","Muy alta"
"milanuncios","517201035","Alquiler","Plurifamiliar","La Torre - Avinguda Real de Madrid","46017","Valencia","Valencia","La Torre","","39.43184","-0.3920865","3","Particular","","No","Sí","No","No","No","No","No","No","","https://www.milanuncios.com/anuncios/r517201035.htm","2024-06-18","","","No","","","No","No contactado","1884","2","1","100","900","9","14","Muy alta"
"habitaclia","4573894","Alquiler","Plurifamiliar","Barrio de Benimaclet / Carrer del Músic Hipòlit Ma","","Valencia","Valencia","Benimaclet","Barrio de Benimaclet","39.484647907","-0.3555302325","0","Particular","","No","Sí","No","No","No","No","No","No","https://images.habimg.com/imgh/500-img4573894-477891531G.jpg","https://www.habitaclia.com/i500004573894","2024-06-19","649895893","oshkar@yahoo.es","No","Muy bueno","","No","No contactado","1885","4","2","100","1500","15","32","Muy alta"
"Fotocasa","PIS0127","Alquiler","Plurifamiliar","Piso en Alquiler en Arrancapins","46008","Valencia","Valencia","Extramurs","Arrancapins","39.465772245","-0.3887639431","Undefined","Profesional","Inmobiliarias con garantía Finaer","Sí","Sí","No","No","No","No","No","No","https://static.fotocasa.es/images/ads/8a2e8011-8c52-4ef3-8364-9d8c27f7870b?rule=feeds_1920x1080","https://www.fotocasa.es/Building/Building_Detail.aspx?ai=183481879&tti=2","2024-06-05","955530639","w3168@inmoweb.email","No","Muy bueno","","No","No contactado","1886","3","2","110","1575","14","27","Muy alta"
"Fotocasa","PIS0127","Alquiler","Plurifamiliar","Piso en Alquiler en Arrancapins","46008","Valencia","Valencia","Extramurs","Arrancapins","39.465772245","-0.3887639431","Undefined","Profesional","Inmobiliarias con garantía Finaer","Sí","Sí","No","No","No","No","No","No","https://static.fotocasa.es/images/ads/8a2e8011-8c52-4ef3-8364-9d8c27f7870b?rule=feeds_1920x1080","https://www.fotocasa.es/Building/Building_Detail.aspx?ai=183481879&tti=2","2024-06-05","955530639","w3168@inmoweb.email","No","Muy bueno","","No","No contactado","1887","3","2","110","1575","14","27","Muy alta"
"milanuncios","491615160","Alquiler","Unifamiliar","Torrefiel - Avinguda del Doctor Peset A","46009","Valencia","Valencia","La Saïdia","Tormos","39.4911","-0.3781601","3","Particular","","No","No","No","No","No","No","No","No","","https://www.milanuncios.com/anuncios/r491615160.htm","2023-07-26","","","No","","","No","No contactado","1888","2","1","12","35","2","342","Muy alta"
"milanuncios","505299838","Alquiler","Plurifamiliar","Centro - Carrer de l''Emperador","46002","Valencia","Valencia","Ciutat Vella","Sant Francesc","39.4700173","-0.3727898","1","Particular","","No","No","No","Sí","No","No","No","No","","https://www.milanuncios.com/anuncios/r505299838.htm","2024-01-29","","","No","","","No","No contactado","1889","2","1","95","1500","15","155","Muy alta"
"milanuncios","505299838","Alquiler","Plurifamiliar","Centro - Carrer de l''Emperador","46002","Valencia","Valencia","Ciutat Vella","Sant Francesc","39.4700173","-0.3727898","1","Particular","","No","No","No","Sí","No","No","No","No","","https://www.milanuncios.com/anuncios/r505299838.htm","2024-01-29","","","No","","","No","No contactado","1890","2","1","95","1500","15","155","Muy alta"
"milanuncios","518449552","Alquiler","Unifamiliar","Silla - C/ de Silla","46035","Valencia","Valencia","Benimàmet","","39.4993406","-0.42002","5","Particular","","No","No","No","No","Sí","No","No","No","","https://www.milanuncios.com/anuncios/r518449552.htm","2024-07-04","","","No","","","No","No contactado","1891","1","1","82","300","3","15","Muy alta"
"milanuncios","508841952","Alquiler","Unifamiliar","Cabañal - C/ de Montant","46011","Valencia","Valencia","Poblats Marítims","El Cabanyal - El Canyamelar","39.4658048","-0.3266747","Bajos","Particular","","Sí","No","No","No","No","No","No","No","","https://www.milanuncios.com/anuncios/r508841952.htm","2024-03-11","","","No","","","No","No contactado","1892","1","1","35","799","22","141","Muy alta"
"habitaclia","20012001001960","Alquiler","Plurifamiliar","","","Valencia","Valencia","L'Olivereta","Tres Forques","39.4708550722","-0.4022049278","6","Profesional","Alquila Tu Hogar","No","Sí","No","No","No","No","No","No","https://images.habimg.com/imgh/06407885-d72e-4848-96c5-9773ef13db3dG.jpg","https://www.habitaclia.com/i38251000004820","2024-07-10","919440232","atencionalcliente@alquilatuhogar.com","No","Muy bueno","","No","No contactado","1893","3","1","82","940","11","20","Muy alta"
"habitaclia","4571535","Alquiler","Plurifamiliar","Luminoso piso recien pintado listo para ir a vivir","46023","Valencia","Valencia","Ciutat Vella","Sant Francesc","39.4699764","-0.3761627","2","Particular","","No","No","No","No","No","No","No","No","https://images.habimg.com/imgh/500-img4571535-476990346G.jpg","https://www.habitaclia.com/i500004571535","2024-06-05","634467935","aromadejazmines2004@gmail.com","No","Muy bueno","","No","No contactado","1894","2","2","95","1100","11","55","Muy alta"
"milanuncios","519908002","Alquiler","Plurifamiliar","Camí Fondo","46022","Valencia","Valencia","Camins al Grau","Aiora","39.4634454579","-0.3469521075","3","Particular","","No","Sí","No","No","Sí","No","No","No","","https://www.milanuncios.com/anuncios/r519908002.htm","2024-07-18","","","No","","","No","No contactado","1895","1","2","28","400","14","12","Muy alta"
"milanuncios","475417488","Alquiler","Unifamiliar","En Corts","46006","Valencia","Valencia","Quatre Carreres","Mont-Olivet","39.4555910943","-0.3673381057","Bajos","Profesional","sonia","Sí","No","No","No","No","No","No","No","","https://www.milanuncios.com/anuncios/r475417488.htm","2023-01-21","","info@apartup.com","No","","","No","No contactado","1896","1","1","60","64","1","556","Muy alta"
"milanuncios","518155260","Alquiler","Plurifamiliar","València","46019","Valencia","Valencia","Rascanya","Orriols","39.495060952","-0.3714481747","","Profesional","EXPANSION 2006 Sl","Sí","Sí","No","No","No","No","No","No","https://images.habimg.com/imgh/10416767-bfc6-4b62-9a04-12728b68004bG.jpg","https://www.milanuncios.com/anuncios/r518155260.htm","2024-07-01","962645217","grupohogaresinmobiliarias347f@realestate.com","No","","","No","No contactado","1897","2","1","58","850","14","16","Muy alta"
"milanuncios","518525591","Alquiler","Plurifamiliar","València","46017","Valencia","Valencia","La Torre","","39.4312407943","-0.3926837057","3","Profesional","SERINFO 1998  S L","No","Sí","No","No","No","No","No","No","https://images.habimg.com/imgh/13dda5ac-88c2-46ee-98d2-1a88fcad0600G.jpg","https://www.milanuncios.com/anuncios/r518525591.htm","2024-07-05","962641584","serinfo2d96@realestate.com","No","","","No","No contactado","1898","2","1","100","900","9","25","Muy alta"
"milanuncios","482081829","Alquiler","Unifamiliar","Cabañal - C/ del Pare Lluís Navarro","46011","Valencia","Valencia","Poblats Marítims","El Cabanyal - El Canyamelar","39.4690102","-0.3295412","Bajos","Particular","","No","No","No","No","No","No","No","No","","https://www.milanuncios.com/anuncios/r482081829.htm","2023-03-29","","","Sí","","","No","No contactado","1899","1","1","40","120","3","489","Muy alta"
"milanuncios","479713632","Alquiler","Plurifamiliar","Valencia","46021","Valencia","Valencia","Algirós","La Bega Baixa - Plaza Xúquer","39.4761827943","-0.3529572057","","Profesional","Valencia Ma Casa","Sí","Sí","No","No","No","No","No","No","https://images.habimg.com/imgh/106be6ba-cf5c-4c23-9e2f-2ef85b388089G.jpg","https://www.milanuncios.com/anuncios/r479713632.htm","2023-03-08","962940167","valenciamacasa388d@realestate.com","No","","","No","No contactado","1900","4","2","160","1400","8","510","Muy alta"
"milanuncios","517451276","Alquiler","Plurifamiliar","València","46009","Valencia","Valencia","La Saïdia","Sant Antoni","39.4859405063","-0.3765475534","","Profesional","Finaer","No","Sí","No","Sí","No","No","No","No","https://images.habimg.com/imgh/1c3b062d-39c1-4a1d-a2cb-6016a914f22bG.jpg","https://www.milanuncios.com/anuncios/r517451276.htm","2024-06-21","962471295","inmobiliariascongarantiafinaere6e5@realestate.com","No","","","No","No contactado","1901","3","2","120","1200","10","39","Muy alta"
"milanuncios","479718171","Alquiler","Plurifamiliar","València","46020","Valencia","Valencia","Benimaclet","Barrio de Benimaclet","39.4852027943","-0.3559372057","","Profesional","Valencia Ma Casa","Sí","Sí","No","No","No","No","No","No","https://images.habimg.com/imgh/08cf909f-5b47-4521-9ef4-da21cb4d1dadG.jpg","https://www.milanuncios.com/anuncios/r479718171.htm","2023-03-08","962940167","valenciamacasa388d@realestate.com","No","","","No","No contactado","1902","4","2","105","1400","13","510","Muy alta"
"milanuncios","511056683","Alquiler","Plurifamiliar","La Roqueta - Plaça d''Espanya","46007","Valencia","Valencia","Extramurs","La Roqueta","39.4658235","-0.3812176","7","Particular","","No","Sí","No","No","No","No","No","No","","https://www.milanuncios.com/anuncios/r511056683.htm","2024-04-12","","","No","","","No","No contactado","1903","5","2","150","2400","16","109","Muy alta"
"milanuncios","517795443","Alquiler","Plurifamiliar","València","46015","Valencia","Valencia","Campanar","Campanar - La Fe","39.4810862943","-0.4002429057","","Profesional","EMIFAVAL INMOBILIARIA  S L IBERCASA","No","Sí","No","Sí","No","No","No","No","https://images.habimg.com/imgh/03a06074-f252-4fb1-9a65-dd596b548c13G.jpg","https://www.milanuncios.com/anuncios/r517795443.htm","2024-06-26","962470815","ibercasaf813@realestate.com","No","","","No","No contactado","1904","5","2","148","1300","8","34","Muy alta"
"milanuncios","518966902","Alquiler","Plurifamiliar","València","46006","Valencia","Valencia","L'Eixample","Russafa","39.4588045373","-0.3709456477","6","Profesional","Ml Strategic Properties S L","No","Sí","No","No","No","No","No","No","https://images.habimg.com/imgh/0d852409-2f09-463d-bbc0-6c6571d22ec9G.jpg","https://www.milanuncios.com/anuncios/r518966902.htm","2024-07-10","962646172","holainmobiliariaab2f@realestate.com","No","","","No","No contactado","1905","3","2","105","1200","11","20","Muy alta"
"milanuncios","515742630","Alquiler","Plurifamiliar","València","46021","Valencia","Valencia","El Pla del Real","Mestalla","39.4682303943","-0.3567503057","","Profesional","BUVIM INVESTMENT  S L","Sí","Sí","No","No","No","No","No","No","https://images.habimg.com/imgh/1594610d-710d-4a27-a5c7-9076cd92e64dG.jpg","https://www.milanuncios.com/anuncios/r515742630.htm","2024-06-06","961281642","iliosrealestatefc84@realestate.com","No","","","No","No contactado","1906","3","1","68","1500","22","54","Muy alta"
"habitaclia","CU905AL","Alquiler","Plurifamiliar","","","Valencia","Valencia","L'Olivereta","Soternes","39.4707736391","-0.4068297928","2","Profesional","LLAVE MAESTRA PLAYA PERELLO","No","Sí","No","No","No","No","No","No","https://images.habimg.com/imgh/0f7801c6-634b-45f7-85a0-f9b6c758fe85G.jpg","https://www.habitaclia.com/i46634000000257","2024-05-27","963348418","perello@llavemaestra.es","No","Muy bueno","","No","No contactado","1907","1","1","62","850","13","59","Muy alta"
"milanuncios","479713632","Alquiler","Plurifamiliar","Valencia","46021","Valencia","Valencia","Algirós","La Bega Baixa - Plaza Xúquer","39.4787201012","-0.3504198988","","Profesional","Valencia Ma Casa","Sí","Sí","No","No","No","No","No","No","https://images.habimg.com/imgh/106be6ba-cf5c-4c23-9e2f-2ef85b388089G.jpg","https://www.milanuncios.com/anuncios/r479713632.htm","2023-03-08","962940167","valenciamacasa388d@realestate.com","No","","","No","No contactado","1908","4","2","160","1400","8","482","Muy alta"
"Fotocasa","E023-JLS","Alquiler","Plurifamiliar","Piso en Alquiler en  Carrer de Leandro de Saralegui, 6, La Bega Baixa - Plaza Xúquer","46021","Valencia","Valencia","Algirós","La Bega Baixa - Plaza Xúquer","39.4751027","-0.3485059","3º","Profesional","PRIMER GRUPO MARE NOSTRUM","Sí","Sí","Sí","Sí","Sí","Sí","Sí","Sí","","https://www.fotocasa.es/Building/Building_Detail.aspx?ai=183786689&tti=2","2024-07-08","962644316","marenostrum@primergrupo.com","No","Muy bueno","","No","No contactado","1909","3","1","103","950","9","7","Muy alta"
"milanuncios","514974190","Alquiler","Plurifamiliar","València","46006","Valencia","Valencia","Quatre Carreres","Malilla","39.4564849118","-0.3763426882","","Profesional","ALQUILER SEGURO CENTRAL","Sí","Sí","No","No","No","No","No","No","https://images.habimg.com/imgh/0b947e9e-d1af-4fa9-82a2-7175f714d523G.jpg","https://www.milanuncios.com/anuncios/r514974190.htm","2024-05-30","919453756","alquilerseguro96f0@realestate.com","No","","","No","No contactado","1910","1","1","65","850","13","55","Muy alta"
"milanuncios","479713632","Alquiler","Plurifamiliar","Valencia","46021","Valencia","Valencia","Algirós","La Bega Baixa - Plaza Xúquer","39.4787201012","-0.3504198988","","Profesional","Valencia Ma Casa","Sí","Sí","No","No","No","No","No","No","https://images.habimg.com/imgh/106be6ba-cf5c-4c23-9e2f-2ef85b388089G.jpg","https://www.milanuncios.com/anuncios/r479713632.htm","2023-03-08","962940167","valenciamacasa388d@realestate.com","No","","","No","No contactado","1911","4","2","160","1400","8","482","Muy alta"
"habitaclia","PIS0703","Alquiler","Plurifamiliar","Ampio y luminoso piso junto a Ruzafa","","Valencia","Valencia","Quatre Carreres","En Corts - Doctor Waksman","39.4547721128","-0.3688140138","2","Profesional","Arrels Valencia","No","Sí","No","No","No","No","No","No","https://images.habimg.com/imgh/13597039-d234-45e3-923b-d090f71ce6dcG.jpg","https://www.habitaclia.com/i39895000000806","2024-07-17","656892335","pawel@arrelsvalencia.com","No","Muy bueno","","No","No contactado","1912","4","2","130","1100","8","8","Muy alta"
"milanuncios","519330739","Alquiler","Plurifamiliar","València","46003","Valencia","Valencia","Ciutat Vella","La Xerea","39.4760385231","-0.3698637769","","Profesional","ALQUILER SEGURO CENTRAL","Sí","Sí","No","No","No","No","No","No","https://images.habimg.com/imgh/037657cf-b138-40b6-b8b5-29b13da08c94G.jpg","https://www.milanuncios.com/anuncios/r519330739.htm","2024-07-12","919453756","alquilerseguro96f0@realestate.com","No","","","No","No contactado","1913","3","1","90","1050","11","14","Muy alta"
"habitaclia","4522","Alquiler","Plurifamiliar","Estudio amueblado en el barrio de Gran Vía","","Valencia","Valencia","L'Eixample","Zona Gran Via","39.4665660722","-0.3624439278","8","Profesional","DOÑA GERMANA INMOBILIARIA","Sí","Sí","No","No","No","No","No","No","https://images.habimg.com/imgh/04f0161f-7ad4-4102-98f7-048248320d8aG.jpg","https://www.habitaclia.com/i10814000000207","2024-07-16","963354152","sararamon60@hotmail.com","No","Muy bueno","","No","No contactado","1914","1","1","50","1000","20","14","Alta"
"habitaclia","terol","Alquiler","Plurifamiliar","","","Valencia","Valencia","Extramurs","La Petxina","39.4749967072","-0.3922468928","0","Profesional","INMOPALLETER","Sí","Sí","No","No","No","No","No","No","https://images.habimg.com/imgh/005c1b83-34d8-43cb-af2c-738228eda772G.jpg","https://www.habitaclia.com/i9618004484149","2024-06-03","610194940<br>635783221","oficinapalleter13@gmail.com","No","Muy bueno","","No","No contactado","1915","2","1","89","1280","14","57","Alta"
"habitaclia","MONT","Alquiler","Plurifamiliar","ATICO EN MONTEOLIVETE","","Valencia","Valencia","Quatre Carreres","Mont-Olivet","39.4602789753","-0.3586079388","8","Profesional","CAPICASAL CONSULTORES","Sí","Sí","No","No","Sí","No","No","No","https://images.habimg.com/imgh/14bc60c7-6ad0-4cc0-b230-a623289b6778G.jpg","https://www.habitaclia.com/i8055003915026","2024-07-19","658764093","capicasalconsultores@gmail.com","No","Muy bueno","","No","No contactado","1916","3","2","87","1400","16","11","Alta"
"habitaclia","9337923","Alquiler","Plurifamiliar","Alquiler temporal de piso en València Capital  Aiora","","Valencia","Valencia","Camins al Grau","Aiora","39.4640301786","-0.3396079814","3","Profesional","area 46 INMOBILIARIA","No","No","No","No","No","No","No","No","https://images.habimg.com/imgh/163dfd63-3ab5-43dd-a2ed-db7c83e9ae92G.jpg","https://www.habitaclia.com/i44579000000226","2024-06-25","640137610","area_46@yahoo.es","No","Muy bueno","","No","No contactado","1917","2","1","90","900","10","7","Alta"
"habitaclia","5445","Alquiler","Plurifamiliar","ALQUILER VIVIENDA EN VALENCIA","","Valencia","Valencia","La Saïdia","Marxalenes","39.4840323865","-0.3810801135","5","Profesional","SERINFO","Sí","Sí","No","No","No","No","No","No","https://images.habimg.com/imgh/66f77ba5-70fd-4128-9156-33ef71a7e548G.jpg","https://www.habitaclia.com/i11736002354469","2024-06-20","961134218","atencion@serinfovalencia.com","No","Muy bueno","","No","No contactado","1918","1","2","46","825","17","12","Alta"
"habitaclia","9337923","Alquiler","Plurifamiliar","Alquiler temporal de piso en València Capital  Aiora","","Valencia","Valencia","Camins al Grau","Aiora","39.4640301786","-0.3396079814","3","Profesional","area 46 INMOBILIARIA","No","No","No","No","No","No","No","No","https://images.habimg.com/imgh/163dfd63-3ab5-43dd-a2ed-db7c83e9ae92G.jpg","https://www.habitaclia.com/i44579000000226","2024-06-25","640137610","area_46@yahoo.es","No","Muy bueno","","No","No contactado","1919","2","1","90","900","10","7","Alta"
"habitaclia","00588VMC","Alquiler","Plurifamiliar","","","Valencia","Valencia","El Pla del Real","Mestalla","39.4726317865","-0.3545182135","5","Profesional","VALENCIA MA CASA","Sí","Sí","No","No","No","No","No","No","https://images.habimg.com/imgh/0784456c-c999-4385-958f-7ac61c3114f0G.jpg","https://www.habitaclia.com/i32361000002837","2023-10-14","960714992<br> 655121880","info@valenciamacasa.com","No","Muy bueno","","No","No contactado","1920","3","1","85","1100","12","262","Alta"
"milanuncios","517869580","Alquiler","Plurifamiliar","València","46018","Valencia","Valencia","L'Olivereta","Nou Moles","39.4705306024","-0.3969009976","1","Profesional","Yourentaflat S L","Sí","Sí","No","No","No","No","No","No","https://images.habimg.com/imgh/12dfa22e-4387-40d0-a2e7-4aeea1ed51a4G.jpg","https://www.milanuncios.com/anuncios/r517869580.htm","2024-06-27","962949801","live4life7722@realestate.com","No","","","No","No contactado","1921","3","1","72","1100","15","13","Alta"
"habitaclia","19623","Alquiler","Plurifamiliar","ALQUILER VIVIENDA EN VALENCIA","","Valencia","Valencia","Algirós","L'Illa Perduda","39.4684638228","-0.3426094772","2","Profesional","SERINFO","No","Sí","No","No","No","No","No","No","https://images.habimg.com/imgh/2a4088e3-0eaf-46b0-bf1c-e50eb2b92771G.jpg","https://www.habitaclia.com/i11736002354428","2024-05-30","961134218","atencion@serinfovalencia.com","No","Muy bueno","","No","No contactado","1922","2","1","65","875","13","40","Alta"
"milanuncios","479723324","Alquiler","Plurifamiliar","València","46022","Valencia","Valencia","Algirós","Ciutat Jardí","39.4733501012","-0.3409598988","","Profesional","Valencia Ma Casa","Sí","Sí","No","No","No","No","No","No","https://images.habimg.com/imgh/0238f068-add4-4bce-8225-7663f007a748G.jpg","https://www.milanuncios.com/anuncios/r479723324.htm","2023-03-08","962940167","valenciamacasa388d@realestate.com","No","","","No","No contactado","1923","4","1","100","1100","11","482","Alta"
"habitaclia","00459VMC","Alquiler","Plurifamiliar","","","Valencia","Valencia","El Pla del Real","Mestalla","39.4692817865","-0.3604482135","3","Profesional","VALENCIA MA CASA","Sí","Sí","Sí","No","No","No","No","No","https://images.habimg.com/imgh/444c98d1-d620-4931-98d3-6dc8c5e022b1G.jpg","https://www.habitaclia.com/i32361000003311","2024-02-22","960714992<br> 655121880","info@valenciamacasa.com","No","Muy bueno","","No","No contactado","1924","2","1","80","1100","13","131","Alta"
"habitaclia","4600-002032-02","Alquiler","Plurifamiliar","Piso C Vidal de Blanes VALENCIA","","Valencia","Valencia","Poblats Marítims","El Grau","39.4595725786","-0.3349798214","0","Profesional","Alquiler Seguro","No","No","No","No","No","No","No","No","https://images.habimg.com/imgh/08eea9fe-06c2-4d7d-9fb9-8243a82619fcG.jpg","https://www.habitaclia.com/i30234000016921","2024-06-29","637507371","cmena@alquilerseguro.es","No","Muy bueno","","No","No contactado","1925","3","1","78","850","10","3","Alta"
"habitaclia","00588VMC","Alquiler","Plurifamiliar","","","Valencia","Valencia","El Pla del Real","Mestalla","39.4726317865","-0.3545182135","5","Profesional","VALENCIA MA CASA","Sí","Sí","No","No","No","No","No","No","https://images.habimg.com/imgh/0784456c-c999-4385-958f-7ac61c3114f0G.jpg","https://www.habitaclia.com/i32361000002837","2023-10-14","960714992<br> 655121880","info@valenciamacasa.com","No","Muy bueno","","No","No contactado","1926","3","1","85","1100","12","262","Alta"
"milanuncios","511049999","Alquiler","Plurifamiliar","València","46022","Valencia","Valencia","Camins al Grau","Aiora","39.4679408012","-0.3427147988","","Profesional","Alquila Tu Hogar","No","No","No","No","No","No","No","No","https://images.habimg.com/imgh/054fca27-0b11-476f-8989-b69d9093db02G.jpg","https://www.milanuncios.com/anuncios/r511049999.htm","2024-04-12","910925087","alquilatuhogard90a@realestate.com","No","","","No","No contactado","1927","3","1","73","1150","15","81","Alta"
"milanuncios","517429396","Alquiler","Plurifamiliar","València","46019","Valencia","Valencia","Rascanya","Torrefiel","39.4978129012","-0.3715580988","1","Profesional","MIGUEL PASCUAL CASA","No","No","No","No","No","No","No","No","https://images.habimg.com/imgh/022f9eda-0104-46c0-bca3-80a706713f1bG.jpg","https://www.milanuncios.com/anuncios/r517429396.htm","2024-06-21","960968071","benicasa2002serviciosinmobiliard23d@realestate.com","No","","","No","No contactado","1928","4","1","72","1050","14","11","Alta"
"milanuncios","479723324","Alquiler","Plurifamiliar","València","46022","Valencia","Valencia","Algirós","Ciutat Jardí","39.4733501012","-0.3409598988","","Profesional","Valencia Ma Casa","Sí","Sí","No","No","No","No","No","No","https://images.habimg.com/imgh/0238f068-add4-4bce-8225-7663f007a748G.jpg","https://www.milanuncios.com/anuncios/r479723324.htm","2023-03-08","962940167","valenciamacasa388d@realestate.com","No","","","No","No contactado","1929","4","1","100","1100","11","482","Alta"
"habitaclia","5445","Alquiler","Plurifamiliar","ALQUILER VIVIENDA EN VALENCIA","","Valencia","Valencia","La Saïdia","Marxalenes","39.4840323865","-0.3810801135","5","Profesional","SERINFO","Sí","Sí","No","No","No","No","No","No","https://images.habimg.com/imgh/66f77ba5-70fd-4128-9156-33ef71a7e548G.jpg","https://www.habitaclia.com/i11736002354469","2024-06-20","961134218","atencion@serinfovalencia.com","No","Muy bueno","","No","No contactado","1930","1","2","46","825","17","12","Alta"
"habitaclia","4600-002032-02","Alquiler","Plurifamiliar","Piso C Vidal de Blanes VALENCIA","","Valencia","Valencia","Poblats Marítims","El Grau","39.4595725786","-0.3349798214","0","Profesional","Alquiler Seguro","No","No","No","No","No","No","No","No","https://images.habimg.com/imgh/08eea9fe-06c2-4d7d-9fb9-8243a82619fcG.jpg","https://www.habitaclia.com/i30234000016921","2024-06-29","637507371","cmena@alquilerseguro.es","No","Muy bueno","","No","No contactado","1931","3","1","78","850","10","3","Alta"
"habitaclia","T8520A1","Alquiler","Plurifamiliar","PISO EXTERIOR MUY LUMINOSO ZONA PLAZA DEL CEDRO","","Valencia","Valencia","Algirós","Ciutat Jardí","39.4726326361","-0.3467980259","2","Profesional","Inmocuattro Valencia","No","Sí","No","No","No","No","No","No","https://images.habimg.com/imgh/030356e0-128f-416d-a710-f22cf59bdad1G.jpg","https://www.habitaclia.com/i11721002470559","2024-06-27","963.441.210","inmo4v@gmail.com,i.zuritagestionesinmobiliarias.6580@inmovilla.com","No","Muy bueno","","No","No contactado","1932","3","1","89","1000","11","4","Alta"
"milanuncios","507174736","Alquiler","Unifamiliar","La Torre - Carrer del Castell de Cullera","46017","Valencia","Valencia","La Torre","","39.433887","-0.3928743","Bajos","Particular","","Sí","No","No","No","No","No","No","No","","https://www.milanuncios.com/anuncios/r507174736.htm","2024-02-22","","","No","","","No","No contactado","1933","2","2","150","600","4","137","Alta"
"milanuncios","515885969","Alquiler","Plurifamiliar","València","46011","Valencia","Valencia","Poblats Marítims","El Grau","39.4638789563","-0.3341410437","","Profesional","EV MMC SPAIN  S L U","No","No","No","No","No","No","No","No","https://images.habimg.com/imgh/02e6b2a9-7ea0-41e5-9838-c26be274828aG.jpg","https://www.milanuncios.com/anuncios/r515885969.htm","2024-06-07","961287313","engelvolkers809d@realestate.com","No","","","No","No contactado","1934","3","1","93","1200","12","45","Alta"
"milanuncios","517429396","Alquiler","Plurifamiliar","València","46019","Valencia","Valencia","Rascanya","Torrefiel","39.4978129012","-0.3715580988","1","Profesional","MIGUEL PASCUAL CASA","No","No","No","No","No","No","No","No","https://images.habimg.com/imgh/022f9eda-0104-46c0-bca3-80a706713f1bG.jpg","https://www.milanuncios.com/anuncios/r517429396.htm","2024-06-21","960968071","benicasa2002serviciosinmobiliard23d@realestate.com","No","","","No","No contactado","1935","4","1","72","1050","14","11","Alta"
"habitaclia","00459VMC","Alquiler","Plurifamiliar","","","Valencia","Valencia","El Pla del Real","Mestalla","39.4692817865","-0.3604482135","3","Profesional","VALENCIA MA CASA","Sí","Sí","Sí","No","No","No","No","No","https://images.habimg.com/imgh/444c98d1-d620-4931-98d3-6dc8c5e022b1G.jpg","https://www.habitaclia.com/i32361000003311","2024-02-22","960714992<br> 655121880","info@valenciamacasa.com","No","Muy bueno","","No","No contactado","1936","2","1","80","1100","13","131","Alta"
"milanuncios","511049999","Alquiler","Plurifamiliar","València","46022","Valencia","Valencia","Camins al Grau","Aiora","39.4679408012","-0.3427147988","","Profesional","Alquila Tu Hogar","No","No","No","No","No","No","No","No","https://images.habimg.com/imgh/054fca27-0b11-476f-8989-b69d9093db02G.jpg","https://www.milanuncios.com/anuncios/r511049999.htm","2024-04-12","910925087","alquilatuhogard90a@realestate.com","No","","","No","No contactado","1937","3","1","73","1150","15","81","Alta"
"habitaclia","2008B","Alquiler","Plurifamiliar","HABITACION PARA ESTUDIANTES junto a universidades","","Valencia","Valencia","Poblats Marítims","El Cabanyal - El Canyamelar","39.473836565","-0.325742792","3","Profesional","SERVICASA-QUART DE POBLET","Sí","No","No","No","No","No","No","No","https://images.habimg.com/imgh/15b8ee59-f236-4910-a16e-d507e6a58248G.jpg","https://www.habitaclia.com/i12389000001274","2024-07-15","647479479","i.servicasa.2148.2@inmovilla.com","No","Muy bueno","","No","No contactado","1938","1","1","93","350","3","10","Muy alta"
"habitaclia","6252VA","Alquiler","Plurifamiliar","Alquiler de Piso en calle de Cuba","","Valencia","Valencia","L'Eixample","Russafa","39.4606079333","-0.3758003667","0","Profesional","INFOAREA","No","Sí","No","No","No","No","No","No","https://images.habimg.com/imgh/005b52a0-4d41-4fbf-84ec-9fc08f0959b2G.jpg","https://www.habitaclia.com/i9768002787907","2024-06-21","963.447.474","infoarea@infoarea.es","No","Muy bueno","","No","No contactado","1939","3","1","80","1300","16","21","Muy alta"
"milanuncios","515715799","Alquiler","Plurifamiliar","València","46019","Valencia","Valencia","Rascanya","Sant Llorenç - Zona Alfahuir","39.4922079679","-0.3668738321","7","Profesional","SERINFO 1998  S L","Sí","Sí","No","No","No","No","No","No","https://images.habimg.com/imgh/1fa8d110-790d-46e7-8767-92635ebdd894G.jpg","https://www.milanuncios.com/anuncios/r515715799.htm","2024-06-06","962641584","serinfo2d96@realestate.com","No","","","No","No contactado","1940","1","1","60","875","14","36","Muy alta"
"milanuncios","508492477","Alquiler","Plurifamiliar","Botanico - C/ del Pare Manjón","46008","Valencia","Valencia","Extramurs","Zona Botánico","39.4769136","-0.3849041","Bajos","Particular","","No","Sí","No","No","No","No","No","No","","https://www.milanuncios.com/anuncios/r508492477.htm","2024-03-06","","","No","","","No","No contactado","1941","2","1","60","975","16","118","Muy alta"
"milanuncios","508492477","Alquiler","Plurifamiliar","Botanico - C/ del Pare Manjón","46008","Valencia","Valencia","Extramurs","Zona Botánico","39.4769136","-0.3849041","Bajos","Particular","","No","Sí","No","No","No","No","No","No","","https://www.milanuncios.com/anuncios/r508492477.htm","2024-03-06","","","No","","","No","No contactado","1942","2","1","60","975","16","118","Muy alta"
"milanuncios","499204173","Alquiler","Unifamiliar","Patraix - C/ de les Tres Forques","46018","Valencia","Valencia","L'Olivereta","Tres Forques","39.4639434814","-0.4018045962","Bajos","Particular","","Sí","No","No","No","Sí","No","No","No","","https://www.milanuncios.com/anuncios/r499204173.htm","2023-11-13","","","No","","","No","No contactado","1943","4","2","110","70","","260","Muy alta"
"Fotocasa","UKYJH-23","Alquiler","Plurifamiliar","Piso en Alquiler en  Carrer del Poeta Mas y Ros, 97, L'Illa Perduda","46022","Valencia","Valencia","Algirós","L'Illa Perduda","39.4687592","-0.3419957","Undefined","Profesional","COSTA DORADA INMOBILIARIA","Sí","Sí","Sí","Sí","No","Sí","Sí","Sí","https://static.fotocasa.es/images/ads/dbd37b36-e1bc-4381-9d90-d11bdc615413?rule=feeds_1920x1080","https://www.fotocasa.es/Building/Building_Detail.aspx?ai=183891554&tti=2","2024-07-20","34977394853","new-apt1@outlook.com","No","Muy bueno","","No","No contactado","1944","1","1","45","370","8","1","Muy alta"
"Fotocasa","","Alquiler","Plurifamiliar","Piso en Alquiler en  Carrer del Remolcador, 2, Les Tendetes - Avenida Burjassot","46009","Valencia","Valencia","Campanar","Les Tendetes - Avenida Burjassot","39.4838267","-0.3858091","","Particular","reformastemple","Sí","No","No","No","Sí","No","No","No","https://static.fotocasa.es/images/anuncio/2024/06/26/183683277/3923925556.jpg?rule=feeds_1920x1080","https://www.fotocasa.es/Building/Building_Detail.aspx?ai=183683277&tti=1","2024-06-26","601039829","reformastemple@hotmail.com","No","Muy bueno","","No","No contactado","1945","3","1","60","1150","19","6","Muy alta"
"Fotocasa","","Alquiler","Plurifamiliar","Piso en Alquiler en  Carrer del Remolcador, 2, Les Tendetes - Avenida Burjassot","46009","Valencia","Valencia","Campanar","Les Tendetes - Avenida Burjassot","39.4838267","-0.3858091","","Particular","reformastemple","Sí","No","No","No","Sí","No","No","No","https://static.fotocasa.es/images/anuncio/2024/06/26/183683277/3923925556.jpg?rule=feeds_1920x1080","https://www.fotocasa.es/Building/Building_Detail.aspx?ai=183683277&tti=1","2024-06-26","601039829","reformastemple@hotmail.com","No","Muy bueno","","No","No contactado","1946","3","1","60","1150","19","6","Muy alta"
"habitaclia","12344","Alquiler","Plurifamiliar","SE ALQUILA PISO ZONA DE ABASTOS","","Valencia","Valencia","Extramurs","La Petxina","39.4701043027","-0.3893796556","2","Profesional","ENTRE2 SERVICIOS INMOBILIARIOS","Sí","Sí","No","No","No","No","No","No","https://images.habimg.com/imgh/00b9083a-6b96-44ce-ae69-f74cc8a40e16G.jpg","https://www.habitaclia.com/i9439001905520","2024-07-25","647427733","i.entre2serviciosinmobiliarios.2017@inmovilla.com","No","Muy bueno","","No","No contactado","1947","2","1","75","900","12","4","Muy alta"
"habitaclia","13359","Alquiler","Plurifamiliar","","","Valencia","Valencia","L'Olivereta","Soternes","39.4722990281","-0.4072283364","8","Profesional","ENTRE2 SERVICIOS INMOBILIARIOS","Sí","Sí","No","No","No","No","No","No","https://images.habimg.com/imgh/083fa88c-6b74-49b5-b806-62adacec7c12G.jpg","https://www.habitaclia.com/i9439001905506","2024-06-30","647427733","i.entre2serviciosinmobiliarios.2017@inmovilla.com","No","Muy bueno","","No","No contactado","1948","2","1","55","800","14","2","Muy alta"
"habitaclia","13359","Alquiler","Plurifamiliar","","","Valencia","Valencia","L'Olivereta","Soternes","39.4722990281","-0.4072283364","8","Profesional","ENTRE2 SERVICIOS INMOBILIARIOS","Sí","Sí","No","No","No","No","No","No","https://images.habimg.com/imgh/083fa88c-6b74-49b5-b806-62adacec7c12G.jpg","https://www.habitaclia.com/i9439001905506","2024-06-30","647427733","i.entre2serviciosinmobiliarios.2017@inmovilla.com","No","Muy bueno","","No","No contactado","1949","2","1","55","800","14","2","Muy alta"
"milanuncios","517679446","Alquiler","Plurifamiliar","València","46019","Valencia","Valencia","Rascanya","Torrefiel","39.497028368","-0.372212232","1","Profesional","Inmolax S L","No","No","No","No","No","No","No","No","https://images.habimg.com/imgh/0d9dd245-ebb6-40b4-931a-5725c5e58e49G.jpg","https://www.milanuncios.com/anuncios/r517679446.htm","2024-06-25","962470692","laxinmobiliariavalencia0975@realestate.com","No","","","No","No contactado","1950","4","1","70","1050","15","13","Muy alta"
"Fotocasa","","Alquiler","Plurifamiliar","Piso en Alquiler en  Carrer de la República Argentina, 17, L'Amistat","46021","Valencia","Valencia","Algirós","L'Amistat","39.472912","-0.3516228","","Particular","guttifly","No","No","No","No","No","No","No","No","https://static.fotocasa.es/images/anuncio/2024/07/15/183840860/3969468213.jpg?rule=feeds_1920x1080","https://www.fotocasa.es/Building/Building_Detail.aspx?ai=183840860&tti=1","2024-07-15","680704854","guttifly@gmail.com","No","Muy bueno","","No","No contactado","1951","4","2","115","1600","13","15","Muy alta"
"habitaclia","4487165","Alquiler","Plurifamiliar","Alquiler piso valencia, barrio tormos.","46009","Valencia","Valencia","La Saïdia","Tormos","39.488628","-0.3798849","0","Particular","","Sí","No","No","No","No","No","No","No","https://images.habimg.com/imgh/500-img4487165-346894551G.jpg","https://www.habitaclia.com/i500004487165","2023-04-26","625852775","timofeeva66@mail.ru","Sí","Muy bueno","","No","No contactado","1952","2","1","75","950","12","461","Alta"
"milanuncios","519614008","Alquiler","Unifamiliar","Benimaclet - Pg. de la Petxina","46008","Valencia","Valencia","Extramurs","La Petxina","39.4770676","-0.3910385","4","Particular","","No","No","No","No","No","No","No","No","","https://www.milanuncios.com/anuncios/r519614008.htm","2024-07-16","","","No","","","No","No contactado","1953","1","1","20","380","19","14","Muy alta"
"habitaclia","200120010019152","Alquiler","Plurifamiliar","","","Valencia","Valencia","Benicalap","Barrio de Benicalap","39.4938124722","-0.3924982278","0","Profesional","Alquila Tu Hogar","No","No","No","No","No","No","No","No","https://images.habimg.com/imgh/0db024c7-3bb9-4434-ba83-1235443758d3G.jpg","https://www.habitaclia.com/i38251000004848","2024-07-24","919440232","atencionalcliente@alquilatuhogar.com","No","Muy bueno","","No","No contactado","1954","3","1","78","850","10","6","Muy alta"
"Fotocasa","","Alquiler","Plurifamiliar","Piso en Alquiler en  Avinguda de la Malva-Rosa, 72, La Malva-rosa","46011","Valencia","Valencia","Poblats Marítims","La Malva-rosa","39.4803457","-0.3279522","","Particular","adriana174tri","No","No","No","No","No","No","No","No","https://static.fotocasa.es/images/anuncio/2024/07/16/183853304/3972607164.jpg?rule=feeds_1920x1080","https://www.fotocasa.es/Building/Building_Detail.aspx?ai=183853304&tti=1","2024-07-16","622012718","adriana174tri@gmail.com","No","Muy bueno","","No","No contactado","1955","3","1","67","2000","29","14","Muy alta"
"Fotocasa","1373","Alquiler","Plurifamiliar","Piso en Alquiler en  Trinitarios, La Seu","46003","Valencia","Valencia","Ciutat Vella","La Seu","39.47671189","-0.37254711","2º","Profesional","CM PROPERTIES","Sí","Sí","No","No","No","Sí","No","Sí","https://static.fotocasa.es/images/ads/058d0c9f-5c92-45d1-9439-b560e5eca85b?rule=feeds_1920x1080","https://www.fotocasa.es/Building/Building_Detail.aspx?ai=183924939&tti=2","2024-07-24","962470759","team@cmproperties.es","No","Muy bueno","","No","No contactado","1956","2","1","143","1600","11","6","Muy alta"
"Fotocasa","027738","Alquiler","Plurifamiliar","Piso en Alquiler en  Luis Milán, Albors","46021","Valencia","Valencia","Camins al Grau","Albors","39.47083089","-0.35359227","4º","Profesional","KASABIBA","Sí","Sí","No","Sí","No","Sí","Sí","No","https://static.fotocasa.es/images/ads/cb55bf3f-e146-4244-a00b-62e035d2417f?rule=feeds_1920x1080","https://www.fotocasa.es/Building/Building_Detail.aspx?ai=183941016&tti=2","2024-07-26","961286182","kasabiba@kasabiba.com","No","Muy bueno","","No","No contactado","1957","2","2","119","1300","10","4","Alta"
"Fotocasa","4201","Alquiler","Plurifamiliar","Piso en Alquiler en calle Faustí Valenti, 1, Malilla","46026","Valencia","Valencia","Quatre Carreres","Malilla","39.4392328","-0.3795438","13º","Profesional","BASICO HOMES GESTION, S.L.","Sí","Sí","No","No","No","Sí","No","Sí","","https://www.fotocasa.es/Building/Building_Detail.aspx?ai=177872550&tti=2","2023-05-18","","","No","Muy bueno","","No","No contactado","1958","3","2","90","1150","12","439","Alta"
"habitaclia","1159CC","Alquiler","Plurifamiliar","PISO EXTERIOR JUNTO AL MERCADO DE JESÚS","","Valencia","Valencia","Jesús","La Raïosa","39.4592982072","-0.3881231928","6","Profesional","PISOS DE VALENCIA","No","Sí","Sí","No","No","No","No","No","https://images.habimg.com/imgh/061908e7-ec67-4025-9ba7-a4c86641d543G.jpg","https://www.habitaclia.com/i8768000000146","2024-05-23","960046464","info@pisosdevalencia.com","No","Muy bueno","","No","No contactado","1959","5","2","141","2000","14","68","Alta"
"habitaclia","E076-01216","Alquiler","Plurifamiliar","Esta preciosa vivienda se encuentra en el barrio del Carmen","","Valencia","Valencia","Ciutat Vella","El Carme","39.4797857693","-0.3789614749","1","Profesional","Primer Grupo Turia","No","Sí","No","No","No","No","No","No","https://images.habimg.com/imgh/01c247af-46ce-4833-b50e-9dfa9fa7f8e1G.jpg","https://www.habitaclia.com/i12140000000502","2024-06-12","960712509","i.primergrupoturia.4823@inmovilla.com","No","Muy bueno","","No","No contactado","1960","4","1","91","1900","20","48","Alta"
"milanuncios","479716893","Alquiler","Plurifamiliar","València","46021","Valencia","Valencia","Algirós","L'Amistat","39.4731127943","-0.3491872057","","Profesional","Valencia Ma Casa","Sí","Sí","No","No","No","No","No","No","https://images.habimg.com/imgh/0507bd8a-9722-4cd5-92ea-c2efce3fe1c2G.jpg","https://www.milanuncios.com/anuncios/r479716893.htm","2023-03-08","962940167","valenciamacasa388d@realestate.com","No","","","No","No contactado","1961","3","1","75","1100","14","510","Alta"
"habitaclia","304","Alquiler","Plurifamiliar","ATICO CON GRAN TERRAZA, MUY LUMINOSO, GARAJE Y TRASTERO","","Valencia","Valencia","Jesús","La Creu Coberta","39.4476969072","-0.3855876928","4","Profesional","TUMIKASA","No","Sí","Sí","No","No","No","No","No","https://images.habimg.com/imgh/0fbe7e02-cc2b-45c5-9c7f-7af7cd869724G.jpg","https://www.habitaclia.com/i27109000001605","2024-03-05","651448666","info@tumikasa.com","No","Muy bueno","","No","No contactado","1962","1","1","54","950","17","147","Alta"
"milanuncios","511283144","Alquiler","Plurifamiliar","Valencia","46012","Valencia","Valencia","El Saler","","39.3564941943","-0.3207196057","","Profesional","ALBORA GESTION TOTAL  S L","Sí","Sí","No","No","No","No","No","No","https://images.habimg.com/imgh/16271929-f840-4ce8-a0c0-dc9449f25e27G.jpg","https://www.milanuncios.com/anuncios/r511283144.htm","2024-04-15","962470835","tumikasa056d@realestate.com","No","","","No","No contactado","1963","3","2","100","1900","19","106","Alta"
"milanuncios","515588849","Alquiler","Plurifamiliar","València","46008","Valencia","Valencia","Extramurs","Arrancapins","39.4653942042","-0.3891419838","","Profesional","Finaer","Sí","Sí","No","No","No","No","No","No","https://images.habimg.com/imgh/0071d85e-01f6-4f2a-b2c7-75a6855d23dbG.jpg","https://www.milanuncios.com/anuncios/r515588849.htm","2024-06-05","962471295","inmobiliariascongarantiafinaere6e5@realestate.com","No","","","No","No contactado","1964","3","2","110","1575","14","55","Alta"
"milanuncios","516896135","Alquiler","Plurifamiliar","Malilla - Carr. de Malilla","46026","Valencia","Valencia","Quatre Carreres","Malilla","39.4464196","-0.3801389","Bajos","Profesional","Miguel","No","No","No","No","No","No","No","No","","https://www.milanuncios.com/anuncios/r516896135.htm","2024-06-16","693287565","miguelbrotonsmolina@gmail.com","No","","","No","No contactado","1965","4","2","200","2600","13","44","Alta"
"Fotocasa","VQ717","Alquiler","Plurifamiliar","Piso en Alquiler en El Mercat","46001","Valencia","Valencia","Ciutat Vella","El Mercat","39.4721520521","-0.3776835099","1º","Profesional","Callaghan Inmobiliaria","Sí","Sí","No","No","No","No","No","No","https://static.fotocasa.es/images/ads/b2d74a19-8051-421c-a4ba-45f14691cd3a?rule=feeds_1920x1080","https://www.fotocasa.es/Building/Building_Detail.aspx?ai=183855147&tti=2","2024-07-16","961282196","i.callaghaninmobiliaria.9083.3@inmovilla.com","No","Muy bueno","","No","No contactado","1966","4","2","178","2600","14","14","Alta"
"milanuncios","498210680","Alquiler","Plurifamiliar","València","46001","Valencia","Valencia","Ciutat Vella","El Pilar","39.4709427943","-0.3818672057","","Profesional","Valencia Ma Casa","Sí","Sí","No","No","No","No","No","No","https://images.habimg.com/imgh/1dedb493-efd4-416e-9d8b-aa5327cef3c7G.jpg","https://www.milanuncios.com/anuncios/r498210680.htm","2023-10-31","962940167","valenciamacasa388d@realestate.com","No","","","No","No contactado","1967","3","2","100","1200","12","273","Alta"
"habitaclia","1227","Alquiler","Plurifamiliar","Piso en Albors para estudiantes en alquiler.","","Valencia","Valencia","Camins al Grau","Albors","39.4688356072","-0.3527013928","5","Profesional","CM PROPERTIES","No","Sí","No","No","No","No","No","No","https://images.habimg.com/imgh/016e51ad-be2a-4144-aa64-34654b0de817G.jpg","https://www.habitaclia.com/i50179000000152","2024-06-04","677523211","team@cmproperties.es","No","Muy bueno","","No","No contactado","1968","3","1","85","1100","12","56","Alta"
"milanuncios","501851494","Alquiler","Plurifamiliar","València","46010","Valencia","Valencia","El Pla del Real","Jaume Roig","39.4791097943","-0.3658642057","","Profesional","EV MMC SPAIN  S L U","Sí","Sí","No","No","No","No","Sí","No","https://images.habimg.com/imgh/039844dd-f45f-46a4-8d30-e945d9a1d40bG.jpg","https://www.milanuncios.com/anuncios/r501851494.htm","2023-12-14","962646083","engelvolkers809d@realestate.com","No","","","No","No contactado","1969","2","1","105","1300","12","229","Alta"
"Fotocasa","P3490","Alquiler","Plurifamiliar","Ático en Alquiler en Sant Francesc","46002","Valencia","Valencia","Ciutat Vella","Sant Francesc","39.4672323003","-0.3767298997","4º","Profesional","Person Inmobiliaria","Sí","Sí","Sí","Sí","Sí","Sí","Sí","Sí","https://static.fotocasa.es/images/ads/eede2e48-26f3-4f1d-9e1f-14f84efc0abc?rule=feeds_1920x1080","https://www.fotocasa.es/Building/Building_Detail.aspx?ai=183881707&tti=2","2024-07-19","962647592","kem@inbox.witei.com","No","Muy bueno","","No","No contactado","1970","2","2","126","2800","22","11","Alta"
"milanuncios","479724944","Alquiler","Plurifamiliar","València","46011","Valencia","Valencia","Poblats Marítims","La Malva-rosa","39.4807127943","-0.3286672057","","Profesional","Valencia Ma Casa","Sí","Sí","No","No","No","No","No","No","https://images.habimg.com/imgh/03e945d7-6140-4f45-bd5f-c9a7f1a09004G.jpg","https://www.milanuncios.com/anuncios/r479724944.htm","2023-03-08","962940167","valenciamacasa388d@realestate.com","No","","","No","No contactado","1971","3","2","100","1000","10","510","Alta"
"milanuncios","519261962","Alquiler","Plurifamiliar","València","46021","Valencia","Valencia","Algirós","La Bega Baixa - Plaza Xúquer","39.4768427943","-0.3526202057","","Profesional","Redpiso Valencia   Blasco Ibáñez","No","Sí","No","No","No","No","No","No","https://images.habimg.com/imgh/0fa29568-b286-449f-a4a1-3272e8dd9fc4G.jpg","https://www.milanuncios.com/anuncios/r519261962.htm","2024-07-12","962470768","redpisovalenciablascoibanezeb30@realestate.com","No","","","No","No contactado","1972","4","2","95","1500","15","18","Alta"
"milanuncios","518891212","Alquiler","Plurifamiliar","València","46009","Valencia","Valencia","La Saïdia","Marxalenes","39.4865607943","-0.3876022057","","Profesional","THE SIMPLE RENT LUXURY PROPERTIES SL","Sí","Sí","No","No","No","No","No","No","https://images.habimg.com/imgh/0a2e6a56-c6e5-4744-8054-d78e47fbc2d9G.jpg","https://www.milanuncios.com/anuncios/r518891212.htm","2024-07-10","968910735","thesimplerent5092@realestate.com","No","","","No","No contactado","1973","2","1","70","1000","14","20","Alta"
"habitaclia","3960","Alquiler","Plurifamiliar","-ALQUILER CORTA ESTANCIA.- Piso de 2 dormitorios, amueblado, con ascensor.","","Valencia","Valencia","Poblats Marítims","El Cabanyal - El Canyamelar","39.4743795072","-0.3293026928","0","Profesional","AREA MARITIMA","No","Sí","No","No","No","No","No","No","https://images.habimg.com/imgh/074f6e07-e809-42ab-8a18-2b8acedcfd6fG.jpg","https://www.habitaclia.com/i8303004430881","2024-04-15","963554444","info@areamaritima.com","No","Muy bueno","","No","No contactado","1974","2","1","69","1000","14","106","Alta"
"habitaclia","01248VMC","Alquiler","Plurifamiliar","","","Valencia","Valencia","Poblats Marítims","La Malva-rosa","39.4832360722","-0.3261439278","0","Profesional","VALENCIA MA CASA","Sí","Sí","No","No","No","No","No","No","https://images.habimg.com/imgh/03e945d7-6140-4f45-bd5f-c9a7f1a09004G.jpg","https://www.habitaclia.com/i32361000002889","2023-10-23","960714992<br> 655121880","info@valenciamacasa.com","No","Muy bueno","","No","No contactado","1975","3","2","100","1000","10","281","Alta"
"habitaclia","00773VMC","Alquiler","Plurifamiliar","","","Valencia","Valencia","Algirós","La Carrasca","39.4792960722","-0.3450239278","0","Profesional","VALENCIA MA CASA","Sí","Sí","No","No","No","No","No","No","https://images.habimg.com/imgh/74359989-4bd0-4f1b-abf8-9b260c5289ecG.jpg","https://www.habitaclia.com/i32361000003261","2024-02-04","960714992<br> 655121880","info@valenciamacasa.com","No","Muy bueno","","No","No contactado","1976","4","2","150","1300","8","177","Alta"
"milanuncios","514298258","Alquiler","Plurifamiliar","València","46011","Valencia","Valencia","Poblats Marítims","El Cabanyal - El Canyamelar","39.4650442943","-0.3273828057","","Profesional","RA VALENCIA","Sí","No","No","No","No","No","No","No","https://images.habimg.com/imgh/06c24b8d-1df8-4fba-83a5-193b19804f5eG.jpg","https://www.milanuncios.com/anuncios/r514298258.htm","2024-05-22","962471052","ravalencia3618@realestate.com","No","","","No","No contactado","1977","1","1","30","1500","50","69","Alta"
"milanuncios","479725187","Alquiler","Plurifamiliar","València","46009","Valencia","Valencia","La Saïdia","Sant Antoni","39.4883527943","-0.3705272057","","Profesional","Valencia Ma Casa","Sí","Sí","No","No","No","No","No","No","https://images.habimg.com/imgh/1d3c3fbc-43cc-4d40-96b2-019657117637G.jpg","https://www.milanuncios.com/anuncios/r479725187.htm","2023-03-08","962940167","valenciamacasa388d@realestate.com","No","","","No","No contactado","1978","3","1","90","1000","11","510","Alta"
"milanuncios","516250748","Alquiler","Plurifamiliar","Ciudad de las Artes y las Ciencias - C/","46013","Valencia","Valencia","Quatre Carreres","Ciutat de les Ciències i de les Arts - Justicia","39.4534034729","-0.359197706","12","Particular","","No","Sí","No","No","Sí","Sí","Sí","No","","https://www.milanuncios.com/anuncios/r516250748.htm","2024-06-10","","","No","","","No","No contactado","1979","1","1","45","950","21","50","Alta"
"milanuncios","479720522","Alquiler","Plurifamiliar","València","46022","Valencia","Valencia","Algirós","Ciutat Jardí","39.4687527943","-0.3470972057","","Profesional","Valencia Ma Casa","Sí","Sí","No","No","No","No","No","No","https://images.habimg.com/imgh/6ffee00a-a964-4647-b33f-9b3d3d1b9f9bG.jpg","https://www.milanuncios.com/anuncios/r479720522.htm","2023-03-08","962940167","valenciamacasa388d@realestate.com","No","","","No","No contactado","1980","3","1","120","1100","9","510","Alta"
"habitaclia","02043VMC","Alquiler","Plurifamiliar","","","Valencia","Valencia","Ciutat Vella","El Mercat","39.4769160722","-0.3781739278","2","Profesional","VALENCIA MA CASA","Sí","No","No","No","No","No","No","No","https://images.habimg.com/imgh/014ce592-353d-4963-8b62-05d0cf7e9905G.jpg","https://www.habitaclia.com/i32361000002739","2023-10-09","960714992<br> 655121880","info@valenciamacasa.com","No","Muy bueno","","No","No contactado","1981","1","1","50","1300","26","295","Alta"
"Fotocasa","AV2407098","Alquiler","Plurifamiliar","Piso en Alquiler en  C. de Puerto Rico, Russafa","46006","Valencia","Valencia","L'Eixample","Russafa","39.46034089","-0.37755111","2º","Profesional","APROPERTIES REAL ESTATE - VALENCIA","Sí","Sí","No","No","No","No","No","No","https://static.inmofactory.com/images/inmofactory/documents/1/109791/36016189/663140656.jpg?rule=feeds_1920x1080","https://www.fotocasa.es/Building/Building_Detail.aspx?ai=183952636&tti=2","2024-07-29","960179239","leadsapvalencia@aproperties.es","No","Muy bueno","","No","No contactado","1982","3","1","87","1600","18","1","Alta"
"habitaclia","01241VMC","Alquiler","Plurifamiliar","","","Valencia","Valencia","Algirós","L'Illa Perduda","39.4681860722","-0.3339139278","0","Profesional","VALENCIA MA CASA","No","Sí","No","No","No","No","No","No","https://images.habimg.com/imgh/6c4f56b7-673a-4af7-af02-26afbfb05285G.jpg","https://www.habitaclia.com/i32361000003162","2024-01-15","960714992<br> 655121880","info@valenciamacasa.com","No","Muy bueno","","No","No contactado","1983","1","1","85","850","10","197","Alta"
"habitaclia","VQ771","Alquiler","Plurifamiliar","Alquiler de una luminosa vivienda en Extramuros!","","Valencia","Valencia","Extramurs","Arrancapins","39.4703056525","-0.3856608898","5","Profesional","CALLAGHAN INMOBILIARIA","Sí","Sí","No","No","No","No","No","No","https://images.habimg.com/imgh/03a3ee45-69f6-450a-91d7-1f60d566eb6dG.jpg","https://www.habitaclia.com/i8176003398783","2024-07-10","691600700","i.callaghaninmobiliaria.9083.3@inmovilla.com","No","Muy bueno","","No","No contactado","1984","3","2","123","1400","11","20","Alta"
"Fotocasa","AV2407053","Alquiler","Plurifamiliar","Piso en Alquiler en  C.d'Antonio Ferrandis, Ciutat de les Ciències i de les Arts - Justicia","46013","Valencia","Valencia","Quatre Carreres","Ciutat de les Ciències i de les Arts - Justicia","39.45034089","-0.36032111","2º","Profesional","APROPERTIES REAL ESTATE - VALENCIA","Sí","No","Sí","No","Sí","Sí","No","No","https://static.inmofactory.com/images/inmofactory/documents/1/109791/36007605/662771542.jpg?rule=feeds_1920x1080","https://www.fotocasa.es/Building/Building_Detail.aspx?ai=183810211&tti=2","2024-07-11","960179239","leadsapvalencia@aproperties.es","No","Muy bueno","","No","No contactado","1985","2","2","126","2150","17","19","Alta"
"milanuncios","515364921","Alquiler","Plurifamiliar","València","46007","Valencia","Valencia","Extramurs","Arrancapins","39.4628979943","-0.3860609057","","Profesional","LOPEZ RUBIO  JUAN ANTONIO","No","Sí","No","No","No","No","No","No","https://images.habimg.com/imgh/04ebc3c6-9730-4f32-9411-14bd0652d2deG.jpg","https://www.milanuncios.com/anuncios/r515364921.htm","2024-06-03","960968348","llarhogarea0b@realestate.com","No","","","No","No contactado","1986","5","2","150","1800","12","57","Alta"
"habitaclia","4484","Alquiler","Plurifamiliar","Piso con 4 habitaciones amueblado con ascensor y aire acondicionado","","Valencia","Valencia","Campanar","Sant Pau - Zona Palau de Congresos - Nou Campanar","39.4841926072","-0.4033973928","0","Profesional","NOVOCASA","Sí","Sí","No","No","No","No","No","No","https://images.habimg.com/imgh/26703-img1810-479759280G.jpg","https://www.habitaclia.com/i26703000001810","2024-06-21","961216391","valnovocasa@gmail.com","No","Muy bueno","","No","No contactado","1987","4","2","123","2000","16","39","Alta"
"habitaclia","4198497800200000000001","Alquiler","Plurifamiliar","Piso en Calle de Polo y Peyrolón, 11","","Valencia","Valencia","El Pla del Real","Mestalla","39.4722464544","-0.3556050456","4","Profesional","LIVE 4 LIFE","Sí","Sí","No","No","No","No","No","No","https://images.habimg.com/imgh/16832767-b77e-4dad-b602-293871516306G.jpg","https://www.habitaclia.com/i28825000009325","2024-06-19","633594645","valencia@l4l.es","No","Muy bueno","","No","No contactado","1988","3","1","112","1300","11","21","Alta"
"milanuncios","518951146","Alquiler","Plurifamiliar","València","46020","Valencia","Valencia","Benimaclet","Camí de Vera","39.4902285604","-0.3556224396","","Profesional","CM PROPERTIES","Sí","Sí","No","No","No","No","No","No","https://images.habimg.com/imgh/2330271e-5a76-4f35-9302-b40f0f10e608G.jpg","https://www.milanuncios.com/anuncios/r518951146.htm","2024-07-10","962470759","cmproperties8e5d@realestate.com","No","","","No","No contactado","1989","4","2","90","1300","14","13","Alta"
"milanuncios","516514602","Alquiler","Plurifamiliar","València","46020","Valencia","Valencia","Benimaclet","Barrio de Benimaclet","39.4826457679","-0.3554667321","8","Profesional","SERINFO 1998  S L","Sí","Sí","No","No","No","No","No","No","https://images.habimg.com/imgh/1d4137da-8ad4-4024-9bfe-73bf1dd2f93eG.jpg","https://www.milanuncios.com/anuncios/r516514602.htm","2024-06-13","962641584","serinfo2d96@realestate.com","No","","","No","No contactado","1990","1","1","65","900","13","29","Alta"
"habitaclia","1228","Alquiler","Plurifamiliar","Piso de 4 habitaciones y terraza en San Llorenç en alquiler.","","Valencia","Valencia","Rascanya","Sant Llorenç - Zona Alfahuir","39.4922718907","-0.3615181093","9","Profesional","CM PROPERTIES","Sí","Sí","Sí","No","No","Sí","No","No","https://images.habimg.com/imgh/037bcc92-6853-46bf-8c5c-8e549a8630cdG.jpg","https://www.habitaclia.com/i50179000000154","2024-06-04","677523211","team@cmproperties.es","No","Muy bueno","","No","No contactado","1991","4","2","161","1850","11","48","Alta"
"milanuncios","479711291","Alquiler","Plurifamiliar","València","46021","Valencia","Valencia","El Pla del Real","Mestalla","39.4749301012","-0.3522198988","5","Profesional","Valencia Ma Casa","Sí","Sí","No","No","No","No","No","No","https://images.habimg.com/imgh/0784456c-c999-4385-958f-7ac61c3114f0G.jpg","https://www.milanuncios.com/anuncios/r479711291.htm","2023-03-08","962940167","valenciamacasa388d@realestate.com","No","","","No","No contactado","1992","3","1","85","1100","12","482","Alta"
"habitaclia","332","Alquiler","Plurifamiliar","Amueblado junto Pérez Galdós","","Valencia","Valencia","L'Olivereta","Nou Moles","39.4694238397","-0.3929474603","5","Profesional","ANTONIO SERRA INMOBILIARIA","Sí","Sí","No","No","No","No","No","No","https://images.habimg.com/imgh/3ca02801-1e55-45ab-9cb5-63cf126773daG.jpg","https://www.habitaclia.com/i13561000000368","2024-07-17","961.101.750","antonioserra.com@gmail.com","No","Muy bueno","","No","No contactado","1993","3","1","90","900","10","2","Alta"
"milanuncios","479720522","Alquiler","Plurifamiliar","València","46022","Valencia","Valencia","Algirós","Ciutat Jardí","39.4712901012","-0.3445598988","","Profesional","Valencia Ma Casa","Sí","Sí","No","No","No","No","No","No","https://images.habimg.com/imgh/6ffee00a-a964-4647-b33f-9b3d3d1b9f9bG.jpg","https://www.milanuncios.com/anuncios/r479720522.htm","2023-03-08","962940167","valenciamacasa388d@realestate.com","No","","","No","No contactado","1994","3","1","120","1100","9","482","Alta"
"milanuncios","479720387","Alquiler","Plurifamiliar","València","46021","Valencia","Valencia","Algirós","La Carrasca","39.4793101012","-0.3450098988","","Profesional","Valencia Ma Casa","Sí","Sí","No","Sí","No","No","No","No","https://images.habimg.com/imgh/74359989-4bd0-4f1b-abf8-9b260c5289ecG.jpg","https://www.milanuncios.com/anuncios/r479720387.htm","2023-03-08","962940167","valenciamacasa388d@realestate.com","No","","","No","No contactado","1995","4","2","150","1300","8","482","Alta"
"milanuncios","518674382","Alquiler","Plurifamiliar","València","46007","Valencia","Valencia","Jesús","La Raïosa","39.4588651671","-0.3858807415","","Profesional","Pacheco   Torrens Inmobiliaria y Home Staging","Sí","Sí","No","No","No","No","No","No","https://images.habimg.com/imgh/02c98d2c-b97b-40dd-b00e-c2b0b0e7dd42G.jpg","https://www.milanuncios.com/anuncios/r518674382.htm","2024-07-08","962947568","pachecotorrensb14b@realestate.com","No","","","No","No contactado","1996","2","1","85","980","11","11","Alta"
"habitaclia","021037","Alquiler","Plurifamiliar","Piso en alquiler en Sant Llorenç","","Valencia","Valencia","Rascanya","Sant Llorenç - Zona Alfahuir","39.4923790946","-0.3613202624","8","Profesional","ALFAHUIR 1","Sí","Sí","Sí","No","No","Sí","No","No","https://images.habimg.com/imgh/029a39db-abb7-4bb6-80e5-d532ea2f97dcG.jpg","https://www.habitaclia.com/i20209000000644","2024-05-29","963652385","jaime.masip@alfahuir1.com","No","Muy bueno","","No","No contactado","1997","4","2","205","2600","12","34","Alta"
"milanuncios","479711095","Alquiler","Plurifamiliar","València","46008","Valencia","Valencia","Extramurs","Arrancapins","39.4713801012","-0.3872798988","","Profesional","Valencia Ma Casa","Sí","Sí","No","Sí","No","No","No","No","https://images.habimg.com/imgh/0135e1a9-4b17-45a7-a42a-55d32f4d9a8aG.jpg","https://www.milanuncios.com/anuncios/r479711095.htm","2023-03-08","962940167","valenciamacasa388d@realestate.com","No","","","No","No contactado","1998","3","2","100","1100","11","482","Alta"
"milanuncios","479720522","Alquiler","Plurifamiliar","València","46022","Valencia","Valencia","Algirós","Ciutat Jardí","39.4712901012","-0.3445598988","","Profesional","Valencia Ma Casa","Sí","Sí","No","No","No","No","No","No","https://images.habimg.com/imgh/6ffee00a-a964-4647-b33f-9b3d3d1b9f9bG.jpg","https://www.milanuncios.com/anuncios/r479720522.htm","2023-03-08","962940167","valenciamacasa388d@realestate.com","No","","","No","No contactado","1999","3","1","120","1100","9","482","Alta"
"habitaclia","AV2406081","Alquiler","Plurifamiliar","Piso en Alquiler en La Petxina","","Valencia","Valencia","Extramurs","La Petxina","39.4701641786","-0.3896418214","0","Profesional","APROPERTIES REAL ESTATE - VALENCIA","Sí","Sí","No","No","No","No","No","No","https://images.habimg.com/imgh/4737-img3821785-477988673G.jpg","https://www.habitaclia.com/i4737003821785","2024-06-19","961285965","leadsapvalencia@aproperties.es","No","Muy bueno","","No","No contactado","2000","2","1","60","1200","20","13","Alta"
